  5.000000000000000E-003   50.6498057009404     
  1.000000000000000E-002   51.1569094292908     
  1.500000000000000E-002   51.5573474557581     
  2.000000000000000E-002   51.8787543044750     
  2.500000000000000E-002   52.1415969541480     
  3.000000000000000E-002   52.3608202081660     
  3.500000000000000E-002   52.5472924964062     
  4.000000000000000E-002   52.7089303524851     
  4.500000000000000E-002   52.8515286713691     
  5.000000000000000E-002   52.9793591666593     
  5.500000000000000E-002   53.0955972168360     
  6.000000000000000E-002   53.2026253071354     
  6.500000000000000E-002   53.3022489284368     
  7.000000000000001E-002   53.3958506928080     
  7.500000000000000E-002   53.4845009361169     
  8.000000000000000E-002   53.5690374264638     
  8.500000000000001E-002   53.6501233384279     
  9.000000000000000E-002   53.7282895913513     
  9.500000000000000E-002   53.8039660274845     
  0.100000000000000        53.8775045319286     
  0.105000000000000        53.9491962910051     
  0.110000000000000        54.0192848260094     
  0.115000000000000        54.0879757759847     
  0.120000000000000        54.1554444653483     
  0.125000000000000        54.2218416689337     
  0.130000000000000        54.2872981384905     
  0.135000000000000        54.3519280429201     
  0.140000000000000        54.4158317746885     
  0.145000000000000        54.4790981884760     
  0.150000000000000        54.5418061529922     
  0.155000000000000        54.6040261300346     
  0.160000000000000        54.6658214253818     
  0.165000000000000        54.7272489711739     
  0.170000000000000        54.7883599386800     
  0.175000000000000        54.8492008029548     
  0.180000000000000        54.9098135676904     
  0.185000000000000        54.9702363254136     
  0.190000000000000        55.0305036423237     
  0.195000000000000        55.0906468972117     
  0.200000000000000        55.1506945723302     
  0.205000000000000        55.2106725082723     
  0.210000000000000        55.2706041878569     
  0.215000000000000        55.3305106762423     
  0.220000000000000        55.3904112171588     
  0.225000000000000        55.4503230739736     
  0.230000000000000        55.5102617711144     
  0.235000000000000        55.5702412149068     
  0.240000000000000        55.6302738116491     
  0.245000000000000        55.6903705730600     
  0.250000000000000        55.7505412137311     
  0.255000000000000        55.8107942406147     
  0.260000000000000        55.8711370357277     
  0.265000000000000        55.9315759231447     
  0.270000000000000        55.9921162800266     
  0.275000000000000        56.0527625394469     
  0.280000000000000        56.1135182873536     
  0.285000000000000        56.1743863487393     
  0.290000000000000        56.2353687774911     
  0.295000000000000        56.2964669521818     
  0.300000000000000        56.3576816119783     
  0.305000000000000        56.4190129007043     
  0.310000000000000        56.4804604090840     
  0.315000000000000        56.5420232144109     
  0.320000000000000        56.6036999178906     
  0.325000000000000        56.6654886798053     
  0.330000000000000        56.7273872528374     
  0.335000000000000        56.7893930134014     
  0.340000000000000        56.8515029912848     
  0.345000000000000        56.9137138976598     
  0.350000000000000        56.9760225763260     
  0.355000000000000        57.0384242395872     
  0.360000000000000        57.1009153559875     
  0.365000000000000        57.1634915917831     
  0.370000000000000        57.2261484206831     
  0.375000000000000        57.2888811437536     
  0.380000000000000        57.3516849028134     
  0.385000000000000        57.4145546976168     
  0.390000000000000        57.4774854015396     
  0.395000000000000        57.5404717772128     
  0.400000000000000        57.6035084910635     
  0.405000000000000        57.6665901274468     
  0.410000000000000        57.7297112016286     
  0.415000000000000        57.7928661722459     
  0.420000000000000        57.8560494529487     
  0.425000000000000        57.9192554233632     
  0.430000000000000        57.9824784394252     
  0.435000000000000        58.0457128429745     
  0.440000000000000        58.1089529708891     
  0.445000000000000        58.1721931634673     
  0.450000000000000        58.2354277724463     
  0.455000000000000        58.2986511682758     
  0.460000000000000        58.3618577471308     
  0.465000000000000        58.4250419372504     
  0.470000000000000        58.4881982049439     
  0.475000000000000        58.5513210601365     
  0.480000000000000        58.6144050614398     
  0.485000000000000        58.6774448209531     
  0.490000000000000        58.7404350085983     
  0.495000000000000        58.8033703561359     
  0.500000000000000        58.8662456608820     
  0.505000000000000        58.9290557890556     
  0.510000000000000        58.9917956788463     
  0.515000000000000        59.0544603432158     
  0.520000000000000        59.1170448723984     
  0.525000000000000        59.1795444263409     
  0.530000000000000        59.2419542775256     
  0.535000000000000        59.3042697488671     
  0.540000000000000        59.3664862600919     
  0.545000000000000        59.4285993175629     
  0.550000000000000        59.4906045149013     
  0.555000000000000        59.5524975239862     
  0.560000000000000        59.6142741381690     
  0.565000000000000        59.6759302066231     
  0.570000000000000        59.7374616814783     
  0.575000000000000        59.7988646059836     
  0.580000000000000        59.8601351143472     
  0.585000000000000        59.9212694320992     
  0.590000000000000        59.9822638657889     
  0.595000000000000        60.0431148452472     
  0.600000000000000        60.1038188572573     
  0.605000000000000        60.1643724916027     
  0.610000000000000        60.2247724286365     
  0.615000000000000        60.2850154382788     
  0.620000000000000        60.3450983797821     
  0.625000000000000        60.4050181910480     
  0.630000000000000        60.4647719291393     
  0.635000000000000        60.5243567053184     
  0.640000000000000        60.5837697291842     
  0.645000000000000        60.6430082961624     
  0.650000000000000        60.7020697860948     
  0.655000000000000        60.7609517266459     
  0.660000000000000        60.8196515243066     
  0.665000000000000        60.8781668908312     
  0.670000000000000        60.9364955288245     
  0.675000000000000        60.9946352261282     
  0.680000000000000        61.0525838484637     
  0.685000000000000        61.1103393396180     
  0.690000000000000        61.1678997093271     
  0.695000000000000        61.2252630746920     
  0.700000000000000        61.2824275925843     
  0.705000000000000        61.3393915048522     
  0.710000000000000        61.3961531249817     
  0.715000000000000        61.4527108364117     
  0.720000000000000        61.5090630916333     
  0.725000000000000        61.5652084107860     
  0.730000000000000        61.6211453806007     
  0.735000000000000        61.6768726423032     
  0.740000000000000        61.7323889347311     
  0.745000000000000        61.7876930240433     
  0.750000000000000        61.8427837508693     
  0.755000000000000        61.8976600163589     
  0.760000000000000        61.9523207805520     
  0.765000000000000        62.0067650614593     
  0.770000000000000        62.0609919337485     
  0.775000000000000        62.1150005276391     
  0.780000000000000        62.1687900276589     
  0.785000000000000        62.2223596715400     
  0.790000000000000        62.2757087489202     
  0.795000000000000        62.3288366652823     
  0.800000000000000        62.3817426703241     
  0.805000000000000        62.4344262860715     
  0.810000000000000        62.4868869927644     
  0.815000000000000        62.5391243225508     
  0.820000000000000        62.5911378521357     
  0.825000000000000        62.6429272681506     
  0.830000000000000        62.6944920947527     
  0.835000000000000        62.7458321218909     
  0.840000000000000        62.7969470809909     
  0.845000000000000        62.8478367816889     
  0.850000000000000        62.8985010374862     
  0.855000000000000        62.9489397129554     
  0.860000000000000        62.9991527098164     
  0.865000000000000        63.0491399656872     
  0.870000000000000        63.0989014532245     
  0.875000000000000        63.1484371681502     
  0.880000000000000        63.1977471738553     
  0.885000000000000        63.2468315296611     
  0.890000000000000        63.2956903393895     
  0.895000000000000        63.3443237375441     
  0.900000000000000        63.3927318880829     
  0.905000000000000        63.4409149837870     
  0.910000000000000        63.4888732454444     
  0.915000000000000        63.5366069210179     
  0.920000000000000        63.5841162746685     
  0.925000000000000        63.6314016278541     
  0.930000000000000        63.6784632936993     
  0.935000000000000        63.7253016213502     
  0.940000000000000        63.7719169834656     
  0.945000000000000        63.8183097751871     
  0.950000000000000        63.8644804136450     
  0.955000000000000        63.9104293371893     
  0.960000000000000        63.9561570047997     
  0.965000000000000        64.0016638848068     
  0.970000000000000        64.0469504976724     
  0.975000000000000        64.0920173480684     
  0.980000000000000        64.1368649710805     
  0.985000000000000        64.1814939193659     
  0.990000000000000        64.2259047622328     
  0.995000000000000        64.2700980852380     
   1.00000000000000        64.3140744896683     
   1.00500000000000        64.3578345918876     
   1.01000000000000        64.4013790229279     
   1.01500000000000        64.4447084164192     
   1.02000000000000        64.4878234551261     
   1.02500000000000        64.5307247864623     
   1.03000000000000        64.5734131180578     
   1.03500000000000        64.6158891338348     
   1.04000000000000        64.6581535420758     
   1.04500000000000        64.7002070622504     
   1.05000000000000        64.7420504243280     
   1.05500000000000        64.7836843573668     
   1.06000000000000        64.8251096348355     
   1.06500000000000        64.8663270033188     
   1.07000000000000        64.9073372314451     
   1.07500000000000        64.9481410965888     
   1.08000000000000        64.9887394497956     
   1.08500000000000        65.0291329439444     
   1.09000000000000        65.0693224615978     
   1.09500000000000        65.1093088050217     
   1.10000000000000        65.1490927886200     
   1.10500000000000        65.1886752325358     
   1.11000000000000        65.2280569638053     
   1.11500000000000        65.2672388041109     
   1.12000000000000        65.3062216152077     
   1.12500000000000        65.3450062279387     
   1.13000000000000        65.3835934910400     
   1.13500000000000        65.4219842578846     
   1.14000000000000        65.4601793860104     
   1.14500000000000        65.4981797369136     
   1.15000000000000        65.5359861759169     
   1.15500000000000        65.5735995717676     
   1.16000000000000        65.6110207964842     
   1.16500000000000        65.6482507250530     
   1.17000000000000        65.6852902352587     
   1.17500000000000        65.7221402074083     
   1.18000000000000        65.7588015241245     
   1.18500000000000        65.7952750700774     
   1.19000000000000        65.8315617318443     
   1.19500000000000        65.8676623976420     
   1.20000000000000        65.9035779571550     
   1.20500000000000        65.9393093013679     
   1.21000000000000        65.9748577729491     
   1.21500000000000        66.0102233146529     
   1.22000000000000        66.0454073525592     
   1.22500000000000        66.0804107647634     
   1.23000000000000        66.1152344248835     
   1.23500000000000        66.1498792462435     
   1.24000000000000        66.1843461092735     
   1.24500000000000        66.2186359079126     
   1.25000000000000        66.2527495363252     
   1.25500000000000        66.2866878884153     
   1.26000000000000        66.3204518576506     
   1.26500000000000        66.3540423368632     
   1.27000000000000        66.3874602181040     
   1.27500000000000        66.4207063924808     
   1.28000000000000        66.4537817500313     
   1.28500000000000        66.4866871796369     
   1.29000000000000        66.5194235688108     
   1.29500000000000        66.5519918036882     
   1.30000000000000        66.5843927688728     
   1.30500000000000        66.6166273473569     
   1.31000000000000        66.6486964203442     
   1.31500000000000        66.6806008672620     
   1.32000000000000        66.7123415656064     
   1.32500000000000        66.7439193908037     
   1.33000000000000        66.7753352162665     
   1.33500000000000        66.8065899131740     
   1.34000000000000        66.8376843504321     
   1.34500000000000        66.8686193946030     
   1.35000000000000        66.8993959098543     
   1.35500000000000        66.9300147578426     
   1.36000000000000        66.9604767976217     
   1.36500000000000        66.9907828856609     
   1.37000000000000        67.0209338757201     
   1.37500000000000        67.0509306187973     
   1.38000000000000        67.0807739630416     
   1.38500000000000        67.1104647537749     
   1.39000000000000        67.1400038333399     
   1.39500000000000        67.1693920410963     
   1.40000000000000        67.1986302133840     
   1.40500000000000        67.2277191834519     
   1.41000000000000        67.2566597813871     
   1.41500000000000        67.2854528341073     
   1.42000000000000        67.3140991653393     
   1.42500000000000        67.3425995954866     
   1.43000000000000        67.3709549417001     
   1.43500000000000        67.3991660177309     
   1.44000000000000        67.4272336340125     
   1.44500000000000        67.4551585975267     
   1.45000000000000        67.4829417118483     
   1.45500000000000        67.5105837770455     
   1.46000000000000        67.5380855788624     
   1.46500000000000        67.5654479984616     
   1.47000000000000        67.5926716743197     
   1.47500000000000        67.6197574722894     
   1.48000000000000        67.6467061696949     
   1.48500000000000        67.6735185450318     
   1.49000000000000        67.7001953725554     
   1.49500000000000        67.7267374235044     
   1.50000000000000        67.7531454654228     
   1.50500000000000        67.7794202515940     
   1.51000000000000        67.8055625643834     
   1.51500000000000        67.8315731483337     
   1.52000000000000        67.8574527564820     
   1.52500000000000        67.8832021269497     
   1.53000000000000        67.9088220283200     
   1.53500000000000        67.9343131895287     
   1.54000000000000        67.9596763485688     
   1.54500000000000        67.9849122396136     
   1.55000000000000        68.0100215928657     
   1.55500000000000        68.0350051347337     
   1.56000000000000        68.0598635877607     
   1.56500000000000        68.0845976706727     
   1.57000000000000        68.1092081637872     
   1.57500000000000        68.1336956400220     
   1.58000000000000        68.1580608858177     
   1.58500000000000        68.1823045994641     
   1.59000000000000        68.2064274804348     
   1.59500000000000        68.2304302236739     
   1.60000000000000        68.2543135210207     
   1.60500000000000        68.2780780604815     
   1.61000000000000        68.3017245263792     
   1.61500000000000        68.3252535991650     
   1.62000000000000        68.3486659555920     
   1.62500000000000        68.3719622685529     
   1.63000000000000        68.3951432071498     
   1.63500000000000        68.4182094367081     
   1.64000000000000        68.4411616187589     
   1.64500000000000        68.4640004110658     
   1.65000000000000        68.4867264676487     
   1.65500000000000        68.5093404387106     
   1.66000000000000        68.5318429707095     
   1.66500000000000        68.5542347063867     
   1.67000000000000        68.5765162846771     
   1.67500000000000        68.5986883408065     
   1.68000000000000        68.6207515062292     
   1.68500000000000        68.6427064086948     
   1.69000000000000        68.6645537375044     
   1.69500000000000        68.6862939754573     
   1.70000000000000        68.7079278178062     
   1.70500000000000        68.7294558725373     
   1.71000000000000        68.7508787487917     
   1.71500000000000        68.7721970515055     
   1.72000000000000        68.7934113826385     
   1.72500000000000        68.8145223405294     
   1.73000000000000        68.8355305199768     
   1.73500000000000        68.8564365122521     
   1.74000000000000        68.8772409049781     
   1.74500000000000        68.8979442822380     
   1.75000000000000        68.9185472245307     
   1.75500000000000        68.9390503088031     
   1.76000000000000        68.9594541085016     
   1.76500000000000        68.9797592586253     
   1.77000000000000        68.9999661885409     
   1.77500000000000        69.0200755394276     
   1.78000000000000        69.0400878658690     
   1.78500000000000        69.0600037237077     
   1.79000000000000        69.0798236648515     
   1.79500000000000        69.0995483034162     
   1.80000000000000        69.1191780480945     
   1.80500000000000        69.1387135193000     
   1.81000000000000        69.1581552401631     
   1.81500000000000        69.1775037684910     
   1.82000000000000        69.1967596235802     
   1.82500000000000        69.2159233344223     
   1.83000000000000        69.2349954266755     
   1.83500000000000        69.2539764227191     
   1.84000000000000        69.2728668417271     
   1.84500000000000        69.2916671995921     
   1.85000000000000        69.3103780090274     
   1.85500000000000        69.3289997679067     
   1.86000000000000        69.3475330065694     
   1.86500000000000        69.3659782148971     
   1.87000000000000        69.3843358929560     
   1.87500000000000        69.4026065374545     
   1.88000000000000        69.4207906418290     
   1.88500000000000        69.4388886854590     
   1.89000000000000        69.4569011779112     
   1.89500000000000        69.4748285808168     
   1.90000000000000        69.4926713966462     
   1.90500000000000        69.5104300922137     
   1.91000000000000        69.5281051428892     
   1.91500000000000        69.5456970209998     
   1.92000000000000        69.5632061957502     
   1.92500000000000        69.5806331332507     
   1.93000000000000        69.5979782965887     
   1.93500000000000        69.6152421457564     
   1.94000000000000        69.6324251376718     
   1.94500000000000        69.6495277150317     
   1.95000000000000        69.6665503520902     
   1.95500000000000        69.6834934843149     
   1.96000000000000        69.7003575572757     
   1.96500000000000        69.7171430137595     
   1.97000000000000        69.7338502937123     
   1.97500000000000        69.7504798344036     
   1.98000000000000        69.7670320703355     
   1.98500000000000        69.7835074980067     
   1.99000000000000        69.7999064103805     
   1.99500000000000        69.8162293107719     
   2.00000000000000        69.8324766174041     
   2.00500000000000        69.8486487502772     
   2.01000000000000        69.8647461259830     
   2.01500000000000        69.8807691589524     
   2.02000000000000        69.8967182609714     
   2.02500000000000        69.9125938414172     
   2.03000000000000        69.9283963072911     
   2.03500000000000        69.9441260632419     
   2.04000000000000        69.9597835116083     
   2.04500000000000        69.9753690522906     
   2.05000000000000        69.9908830826902     
   2.05500000000000        70.0063259975963     
   2.06000000000000        70.0216981889752     
   2.06500000000000        70.0370000459595     
   2.07000000000000        70.0522319439956     
   2.07500000000000        70.0673942889060     
   2.08000000000000        70.0824874494589     
   2.08500000000000        70.0975118043524     
   2.09000000000000        70.1124677299647     
   2.09500000000000        70.1273556005715     
   2.10000000000000        70.1421757884873     
   2.10500000000000        70.1569286641041     
   2.11000000000000        70.1716145847927     
   2.11500000000000        70.1862339392621     
   2.12000000000000        70.2007870788217     
   2.12500000000000        70.2152743645185     
   2.13000000000000        70.2296961544090     
   2.13500000000000        70.2440528034533     
   2.14000000000000        70.2583446637676     
   2.14500000000000        70.2725720848877     
   2.15000000000000        70.2867354141112     
   2.15500000000000        70.3008349862165     
   2.16000000000000        70.3148711673099     
   2.16500000000000        70.3288442881210     
   2.17000000000000        70.3427546902220     
   2.17500000000000        70.3566027135628     
   2.18000000000000        70.3703887603500     
   2.18500000000000        70.3841130310054     
   2.19000000000000        70.3977759344942     
   2.19500000000000        70.4113777952753     
   2.20000000000000        70.4249189390769     
   2.20500000000000        70.4383996879870     
   2.21000000000000        70.4518203620539     
   2.21500000000000        70.4651812793017     
   2.22000000000000        70.4784827565547     
   2.22500000000000        70.4917251099178     
   2.23000000000000        70.5049086551002     
   2.23500000000000        70.5180336961440     
   2.24000000000000        70.5311005706449     
   2.24500000000000        70.5441096431611     
   2.25000000000000        70.5570611538810     
   2.25500000000000        70.5699553516085     
   2.26000000000000        70.5827926110130     
   2.26500000000000        70.5955732261727     
   2.27000000000000        70.6082974913374     
   2.27500000000000        70.6209656978722     
   2.28000000000000        70.6335781359267     
   2.28500000000000        70.6461350951049     
   2.29000000000000        70.6586368656502     
   2.29500000000000        70.6710837388771     
   2.30000000000000        70.6834760071327     
   2.30500000000000        70.6958139630619     
   2.31000000000000        70.7080978982549     
   2.31500000000000        70.7203281016645     
   2.32000000000000        70.7325048579662     
   2.32500000000000        70.7446284465017     
   2.33000000000000        70.7566991408292     
   2.33500000000000        70.7687172093252     
   2.34000000000000        70.7806829166013     
   2.34500000000000        70.7925965255765     
   2.35000000000000        70.8044582996771     
   2.35500000000000        70.8162685048568     
   2.36000000000000        70.8280273993605     
   2.36500000000000        70.8397353436290     
   2.37000000000000        70.8513924660999     
   2.37500000000000        70.8629991180711     
   2.38000000000000        70.8745555669739     
   2.38500000000000        70.8860620786483     
   2.39000000000000        70.8975189102463     
   2.39500000000000        70.9089263106330     
   2.40000000000000        70.9202845206697     
   2.40500000000000        70.9315937759992     
   2.41000000000000        70.9428543745325     
   2.41500000000000        70.9540664186418     
   2.42000000000000        70.9652302903757     
   2.42500000000000        70.9763461653806     
   2.43000000000000        70.9874142436394     
   2.43500000000000        70.9984348593930     
   2.44000000000000        71.0094082730012     
   2.44500000000000        71.0203347447893     
   2.45000000000000        71.0312145259592     
   2.45500000000000        71.0420478550286     
   2.46000000000000        71.0528349559907     
   2.46500000000000        71.0635760397313     
   2.47000000000000        71.0742713086141     
   2.47500000000000        71.0849209631117     
   2.48000000000000        71.0955252092799     
   2.48500000000000        71.1060842651911     
   2.49000000000000        71.1165983649383     
   2.49500000000000        71.1270677585589     
   2.50000000000000        71.1374927080832     
   2.52500000000000        71.1888989190252     
   2.55000000000000        71.2391763202384     
   2.57500000000000        71.2883871280565     
   2.60000000000000        71.3365701183315     
   2.62500000000000        71.3837552871200     
   2.65000000000000        71.4299685223352     
   2.67500000000000        71.4752340121185     
   2.70000000000000        71.5195749761918     
   2.72500000000000        71.5630136426462     
   2.75000000000000        71.6055714223014     
   2.77500000000000        71.6472691202754     
   2.80000000000000        71.6881269384815     
   2.82500000000000        71.7281644569104     
   2.85000000000000        71.7674006928665     
   2.87500000000000        71.8058544683775     
   2.90000000000000        71.8435431115971     
   2.92500000000000        71.8804844374383     
   2.95000000000000        71.9166954141851     
   2.97500000000000        71.9521925191071     
   3.00000000000000        71.9869919441674     
   3.02500000000000        72.0211092818234     
   3.05000000000000        72.0545620455747     
   3.07500000000000        72.0873605390643     
   3.10000000000000        72.1195215716317     
   3.12500000000000        72.1510590271768     
   3.15000000000000        72.1819865774979     
   3.17500000000000        72.2123175621874     
   3.20000000000000        72.2420649724835     
   3.22500000000000        72.2712414619280     
   3.25000000000000        72.2998593572925     
   3.27500000000000        72.3279306695787     
   3.30000000000000        72.3554671043421     
   3.32500000000000        72.3824800711418     
   3.35000000000000        72.4089806927897     
   3.37500000000000        72.4349798143503     
   3.40000000000000        72.4604880111389     
   3.42500000000000        72.4855155971038     
   3.45000000000000        72.5100726324280     
   3.47500000000000        72.5341689311632     
   3.50000000000000        72.5578140683952     
   3.52500000000000        72.5810173294433     
   3.55000000000000        72.6037879472663     
   3.57500000000000        72.6261347601531     
   3.60000000000000        72.6480664586853     
   3.62500000000000        72.6695915234197     
   3.65000000000000        72.6907182337369     
   3.67500000000000        72.7114546743137     
   3.70000000000000        72.7318087404642     
   3.72500000000000        72.7517881434930     
   3.75000000000000        72.7714003605224     
   3.77500000000000        72.7906528595361     
   3.80000000000000        72.8095527722669     
   3.82500000000000        72.8281071267830     
   3.85000000000000        72.8463227877209     
   3.87500000000000        72.8642064635423     
   3.90000000000000        72.8817647111040     
   3.92500000000000        72.8990039397514     
   3.95000000000000        72.9159304154369     
   3.97500000000000        72.9325502642398     
   4.00000000000000        72.9488694762930     
   4.02500000000000        72.9648939091149     
   4.05000000000000        72.9806292912512     
   4.07500000000000        72.9960812255487     
   4.10000000000000        73.0112551923870     
   4.12500000000000        73.0261568783079     
   4.15000000000000        73.0407908824668     
   4.17500000000000        73.0551626759102     
   4.20000000000000        73.0692772554824     
   4.22500000000000        73.0831395340934     
   4.25000000000000        73.0967543218344     
   4.27500000000000        73.1101263263661     
   4.30000000000000        73.1232601550101     
   4.32500000000000        73.1361603175454     
   4.35000000000000        73.1488312284796     
   4.37500000000000        73.1612772096133     
   4.40000000000000        73.1735024924648     
   4.42500000000000        73.1855112202403     
   4.45000000000000        73.1973074500789     
   4.47500000000000        73.2088951552246     
   4.50000000000000        73.2202782268969     
   4.52500000000000        73.2314604763598     
   4.55000000000000        73.2424456367836     
   4.57500000000000        73.2532373649622     
   4.60000000000000        73.2638392434557     
   4.62500000000000        73.2742547817995     
   4.65000000000000        73.2844874187244     
   4.67500000000000        73.2945404686833     
   4.70000000000000        73.3044173417375     
   4.72500000000000        73.3141212165282     
   4.75000000000000        73.3236552670457     
   4.77500000000000        73.3330226007633     
   4.80000000000000        73.3422262071581     
   4.82500000000000        73.3512691818994     
   4.85000000000000        73.3601543928223     
   4.87500000000000        73.3688847118523     
   4.90000000000000        73.3774628964123     
   4.92500000000000        73.3858918111082     
   4.95000000000000        73.3941741020050     
   4.97500000000000        73.4023124223868     
   5.00000000000000        73.4103093707334     
   5.02500000000000        73.4181674945672     
   5.05000000000000        73.4258892369794     
   5.07500000000000        73.4334771039749     
   5.10000000000000        73.4409335470380     
   5.12500000000000        73.4482608714810     
   5.15000000000000        73.4554613922096     
   5.17500000000000        73.4625373762338     
   5.20000000000000        73.4694910469903     
   5.22500000000000        73.4763245854995     
   5.25000000000000        73.4830401315266     
   5.27500000000000        73.4896397842361     
   5.30000000000000        73.4961256030130     
   5.32500000000000        73.5024996084230     
   5.35000000000000        73.5087637828900     
   5.37500000000000        73.5149200716053     
   5.40000000000000        73.5209703830397     
   5.42500000000000        73.5269165899711     
   5.45000000000000        73.5327605301463     
   5.47500000000000        73.5385040069393     
   5.50000000000000        73.5441487900882     
   5.52500000000000        73.5496966164389     
   5.55000000000000        73.5551491340961     
   5.57500000000000        73.5605081281559     
   5.60000000000000        73.5657751817413     
   5.62500000000000        73.5709519101551     
   5.65000000000000        73.5760398955318     
   5.67500000000000        73.5810406903028     
   5.70000000000000        73.5859558184987     
   5.72500000000000        73.5907867761663     
   5.75000000000000        73.5955350320120     
   5.77500000000000        73.6002019727842     
   5.80000000000000        73.6047891232468     
   5.82500000000000        73.6092978161655     
   5.85000000000000        73.6137294193655     
   5.87500000000000        73.6180852727402     
   5.90000000000000        73.6223666912257     
   5.92500000000000        73.6265749660664     
   5.95000000000000        73.6307113116867     
   5.97500000000000        73.6347770790103     
   6.00000000000000        73.6387734356222     
   6.02500000000000        73.6427015853747     
   6.05000000000000        73.6465627073930     
   6.07500000000000        73.6503579591125     
   6.10000000000000        73.6540884773131     
   6.12500000000000        73.6577557030439     
   6.15000000000000        73.6613600898202     
   6.17500000000000        73.6649030516033     
   6.20000000000000        73.6683856223335     
   6.22500000000000        73.6718088403397     
   6.25000000000000        73.6751737274327     
   6.27500000000000        73.6784812873384     
   6.30000000000000        73.6817325051533     
   6.32500000000000        73.6849283482971     
   6.35000000000000        73.6880697668531     
   6.37500000000000        73.6911576939181     
   6.40000000000000        73.6941930458635     
   6.42500000000000        73.6971767230357     
   6.45000000000000        73.7001096096728     
   6.47500000000000        73.7029925743925     
   6.50000000000000        73.7058264705397     
   6.52500000000000        73.7086121365098     
   6.55000000000000        73.7113503957250     
   6.57500000000000        73.7140420573097     
   6.60000000000000        73.7166878608365     
   6.62500000000000        73.7192886969237     
   6.65000000000000        73.7218452754321     
   6.67500000000000        73.7243583537422     
   6.70000000000000        73.7268286726476     
   6.72500000000000        73.7292569595105     
   6.75000000000000        73.7316439290569     
   6.77500000000000        73.7339902835869     
   6.80000000000000        73.7362967133381     
   6.82500000000000        73.7385642207230     
   6.85000000000000        73.7407928297221     
   6.87500000000000        73.7429835316410     
   6.90000000000000        73.7451369462255     
   6.92500000000000        73.7472537052965     
   6.95000000000000        73.7493344316337     
   6.97500000000000        73.7513797372131     
   7.00000000000000        73.7533902228104     
   7.02500000000000        73.7553664785813     
   7.05000000000000        73.7573090841563     
   7.07500000000000        73.7592186091201     
   7.10000000000000        73.7610956131194     
   7.12500000000000        73.7629406459851     
   7.15000000000000        73.7647541907958     
   7.17500000000000        73.7665368927278     
   7.20000000000000        73.7682892138213     
   7.22500000000000        73.7700116706874     
   7.25000000000000        73.7717047676304     
   7.27500000000000        73.7733689998647     
   7.30000000000000        73.7750048541027     
   7.32500000000000        73.7766128086430     
   7.35000000000000        73.7781933337498     
   7.37500000000000        73.7797468916418     
   7.40000000000000        73.7812739365916     
   7.42500000000000        73.7827749150946     
   7.45000000000000        73.7842502660436     
   7.47500000000000        73.7857004208060     
   7.50000000000000        73.7871258033057     
   7.52500000000000        73.7885268303670     
   7.55000000000000        73.7899039116005     
   7.57500000000000        73.7912574495891     
   7.60000000000000        73.7925878401158     
   7.62500000000000        73.7938954721737     
   7.65000000000000        73.7951806721812     
   7.67500000000000        73.7964439271281     
   7.70000000000000        73.7976854957398     
   7.72500000000000        73.7989058487338     
   7.75000000000000        73.8001052894922     
   7.77500000000000        73.8012841717496     
   7.80000000000000        73.8024428404251     
   7.82500000000000        73.8035816341881     
   7.85000000000000        73.8047008860510     
   7.87500000000000        73.8058009235122     
   7.90000000000000        73.8068820685323     
   7.92500000000000        73.8079446376044     
   7.95000000000000        73.8089889420156     
   7.97500000000000        73.8100156119437     
   8.00000000000000        73.8110243060460     
   8.02500000000000        73.8120156562612     
   8.05000000000000        73.8129899297187     
   8.07500000000000        73.8139474117453     
   8.10000000000000        73.8148883298376     
   8.12500000000000        73.8158130705620     
   8.15000000000000        73.8167218495793     
   8.17500000000000        73.8176149377538     
   8.20000000000000        73.8184925980648     
   8.22500000000000        73.8193550884707     
   8.25000000000000        73.8202026624665     
   8.27500000000000        73.8210355693546     
   8.30000000000000        73.8218540542706     
   8.32500000000000        73.8226606245513     
   8.35000000000000        73.8234510401156     
   8.37500000000000        73.8242278679009     
   8.40000000000000        73.8249911800691     
   8.42500000000000        73.8257411928610     
   8.45000000000000        73.8264781408158     
   8.47500000000000        73.8272022517905     
   8.50000000000000        73.8279137464360     
   8.52500000000000        73.8286128393329     
   8.55000000000000        73.8292997398462     
   8.57500000000000        73.8299746530396     
   8.60000000000000        73.8306377233072     
   8.62500000000000        73.8312892600990     
   8.65000000000000        73.8319293983770     
   8.67500000000000        73.8325583320456     
   8.70000000000000        73.8331762483854     
   8.72500000000000        73.8337833309317     
   8.75000000000000        73.8343797602317     
   8.77500000000000        73.8349657136974     
   8.80000000000000        73.8355413659798     
   8.82500000000000        73.8361072129733     
   8.85000000000000        73.8366627813864     
   8.87500000000000        73.8372085734293     
   8.90000000000000        73.8377447286808     
   8.92500000000000        73.8382714072314     
   8.95000000000000        73.8387887142328     
   8.97500000000000        73.8392969134794     
   9.00000000000000        73.8397961025883     
   9.02500000000000        73.8402864354989     
   9.05000000000000        73.8407680601874     
   9.07500000000000        73.8412411216169     
   9.10000000000000        73.8417057622311     
   9.12500000000000        73.8421621221921     
   9.15000000000000        73.8426103393170     
   9.17500000000000        73.8430505490444     
   9.20000000000000        73.8434828846662     
   9.22500000000000        73.8439074214765     
   9.25000000000000        73.8443243988651     
   9.27500000000000        73.8447338858108     
   9.30000000000000        73.8451360103041     
   9.32500000000000        73.8455308951327     
   9.35000000000000        73.8459186604916     
   9.37500000000000        73.8462993682956     
   9.40000000000000        73.8466732464900     
   9.42500000000000        73.8470403511072     
   9.45000000000000        73.8474007982680     
   9.47500000000000        73.8477546988755     
   9.50000000000000        73.8481021614433     
   9.52500000000000        73.8484432928317     
   9.55000000000000        73.8487781981474     
   9.57500000000000        73.8491069807146     
   9.60000000000000        73.8494297423566     
   9.62500000000000        73.8497465829902     
   9.65000000000000        73.8500576009944     
   9.67500000000000        73.8503632174088     
   9.70000000000000        73.8506628853114     
   9.72500000000000        73.8509570343962     
   9.75000000000000        73.8512457331116     
   9.77500000000000        73.8515290159008     
   9.80000000000000        73.8518070836441     
   9.82500000000000        73.8520799122805     
   9.85000000000000        73.8523477018801     
   9.87500000000000        73.8526104805633     
   9.90000000000000        73.8528683351422     
   9.92500000000000        73.8531216718401     
   9.95000000000000        73.8533699287955     
   9.97500000000000        73.8536135210404     
   10.0000000000000        73.8538528269454     
   10.0250000000000        73.8540872804337     
   10.0500000000000        73.8543172943974     
   10.0750000000000        73.8545429205483     
   10.1000000000000        73.8547642321167     
   10.1250000000000        73.8549813026753     
   10.1500000000000        73.8551942042929     
   10.1750000000000        73.8554030072576     
   10.2000000000000        73.8556077802525     
   10.2250000000000        73.8558085905786     
   10.2500000000000        73.8560055042559     
   10.2750000000000        73.8561985861687     
   10.3000000000000        73.8563878999265     
   10.3250000000000        73.8565735081420     
   10.3500000000000        73.8567554723414     
   10.3750000000000        73.8569338529979     
   10.4000000000000        73.8571087096374     
   10.4250000000000        73.8572801007624     
   10.4500000000000        73.8574480838122     
   10.4750000000000        73.8576127153459     
   10.5000000000000        73.8577743752521     
   10.5250000000000        73.8579324761710     
   10.5500000000000        73.8580877323756     
   10.5750000000000        73.8582395310359     
   10.6000000000000        73.8583882599868     
   10.6250000000000        73.8585339482761     
   10.6500000000000        73.8586766473124     
   10.6750000000000        73.8588164088742     
   10.7000000000000        73.8589532296228     
   10.7250000000000        73.8590895331015     
   10.7500000000000        73.8592208327208     
   10.7750000000000        73.8593495130970     
   10.8000000000000        73.8594754634678     
   10.8250000000000        73.8595987195790     
   10.8500000000000        73.8597193385430     
   10.8750000000000        73.8598376980475     
   10.9000000000000        73.8599531492790     
   10.9250000000000        73.8600661853575     
   10.9500000000000        73.8601767686404     
   10.9750000000000        73.8602849442959     
   11.0000000000000        73.8603910791352     
   11.0250000000000        73.8604945720654     
   11.0500000000000        73.8605957988642     
   11.0750000000000        73.8606947744552     
   11.1000000000000        73.8607915362307     
   11.1250000000000        73.8608861224765     
   11.1500000000000        73.8609785708840     
   11.1750000000000        73.8610689178873     
   11.2000000000000        73.8611571988505     
   11.2250000000000        73.8612434484765     
   11.2500000000000        73.8613277007723     
   11.2750000000000        73.8614099889347     
   11.3000000000000        73.8614903456590     
   11.3250000000000        73.8615688030138     
   11.3500000000000        73.8616453926485     
   11.3750000000000        73.8617201454639     
   11.4000000000000        73.8617934163153     
   11.4250000000000        73.8618645930145     
   11.4500000000000        73.8619340413186     
   11.4750000000000        73.8620017665899     
   11.5000000000000        73.8620677969670     
   11.5250000000000        73.8621321619292     
   11.5500000000000        73.8621948353925     
   11.5750000000000        73.8622559546777     
   11.6000000000000        73.8623154899922     
   11.6250000000000        73.8623734713418     
   11.6500000000000        73.8624299249051     
   11.6750000000000        73.8624848759410     
   11.7000000000000        73.8625383492510     
   11.7250000000000        73.8625903691971     
   11.7500000000000        73.8626409598425     
   11.7750000000000        73.8626901449106     
   11.8000000000000        73.8627379476018     
   11.8250000000000        73.8627843908783     
   11.8500000000000        73.8628294972676     
   11.8750000000000        73.8628732340527     
   11.9000000000000        73.8629156778128     
   11.9250000000000        73.8629569000610     
   11.9500000000000        73.8629968698823     
   11.9750000000000        73.8630356115622     
   12.0000000000000        73.8630734696858     
   12.0250000000000        73.8631098216937     
   12.0500000000000        73.8631450231510     
   12.0750000000000        73.8631790696831     
   12.1000000000000        73.8632119798060     
   12.1250000000000        73.8632437736810     
   12.1500000000000        73.8632744710632     
   12.1750000000000        73.8633040910455     
   12.2000000000000        73.8633326519915     
   12.2250000000000        73.8633601717282     
   12.2500000000000        73.8633866677471     
   12.2750000000000        73.8634121570799     
   12.3000000000000        73.8634366565382     
   12.3250000000000        73.8634601824808     
   12.3500000000000        73.8634827511214     
   12.3750000000000        73.8635043783221     
   12.4000000000000        73.8635250797286     
   12.4250000000000        73.8635448706885     
   12.4500000000000        73.8635637662166     
   12.4750000000000        73.8635817812114     
   12.5000000000000        73.8635989302336     
