# time[s]   eps[1/s]   eps_tail[1/s]   eps_shape[1/s]   eps_tail_shape[1/s]
   5.0000000E-01   2.9690155E-02   4.5555758E-02   8.1245140E-03   4.1987226E-02
   7.5000000E-01   1.1555043E-02   3.0698093E-02   1.9992850E-03   2.9480765E-02
   1.0000000E+00   7.0084223E-03   2.6430908E-02   8.6991560E-04   2.5834644E-02
   1.2500000E+00   5.0567109E-03   2.2928369E-02   5.1248438E-04   2.2562484E-02
   1.5000000E+00   3.9766076E-03   1.9643089E-02   3.6539130E-04   1.9387450E-02
   1.7500000E+00   3.2645272E-03   1.6685985E-02   2.8852288E-04   1.6493861E-02
   2.0000000E+00   2.7332436E-03   1.4114102E-02   2.3951440E-04   1.3964004E-02
   2.2500000E+00   2.3057475E-03   1.1917559E-02   2.0351256E-04   1.1798055E-02
   2.5000000E+00   1.9479487E-03   1.0057273E-02   1.7444141E-04   9.9613863E-03
   3.7500000E+00   1.1903520E-03   6.2143093E-03   1.1165330E-04   6.1604754E-03
   5.0000000E+00   4.6698345E-04   2.6730014E-03   5.1808763E-05   2.6584629E-03
   6.2500000E+00   1.4609377E-04   1.1492846E-03   2.3431236E-05   1.1477775E-03
   7.5000000E+00   1.1724329E-05   4.9481393E-04   1.0871034E-05   4.9365844E-04
   8.7500000E+00   5.6530009E-05   2.2246607E-04   5.4050234E-06   2.1003956E-04
   1.0000000E+01   8.2893739E-05   1.2560566E-04   3.0850841E-06   8.7011159E-05
   1.1250000E+01   9.4157555E-05   1.0345323E-04   2.0908187E-06   3.3746748E-05
   1.2500000E+01   9.9404710E-05   1.0189388E-04   1.7123338E-06   1.1011764E-05
