  5.000000000000000E-003   20.7690138076429     
  1.000000000000000E-002   20.7967496265333     
  1.500000000000000E-002   20.8218324672085     
  2.000000000000000E-002   20.8445647425928     
  2.500000000000000E-002   20.8652187572979     
  3.000000000000000E-002   20.8840378025186     
  3.500000000000000E-002   20.9012372031669     
  4.000000000000000E-002   20.9170062273522     
  4.500000000000000E-002   20.9315105540445     
  5.000000000000000E-002   20.9448949215593     
  5.500000000000000E-002   20.9572857093111     
  6.000000000000000E-002   20.9687933228021     
  6.500000000000000E-002   20.9795143282079     
  7.000000000000001E-002   20.9895333265709     
  7.500000000000000E-002   20.9989245791463     
  8.000000000000000E-002   21.0077534132464     
  8.500000000000001E-002   21.0160774186047     
  9.000000000000000E-002   21.0239474821850     
  9.500000000000000E-002   21.0314086695020     
  0.100000000000000        21.0385009800592     
  0.105000000000000        21.0452599951615     
  0.110000000000000        21.0517174329765     
  0.115000000000000        21.0579016311907     
  0.120000000000000        21.0638379525964     
  0.125000000000000        21.0695491453783     
  0.130000000000000        21.0750556491606     
  0.135000000000000        21.0803758663674     
  0.140000000000000        21.0855263879317     
  0.145000000000000        21.0905221999648     
  0.150000000000000        21.0953768666498     
  0.155000000000000        21.1001026622712     
  0.160000000000000        21.1047107235639     
  0.165000000000000        21.1092111822993     
  0.170000000000000        21.1136132540687     
  0.175000000000000        21.1179253101117     
  0.180000000000000        21.1221550049775     
  0.185000000000000        21.1263093165419     
  0.190000000000000        21.1303946197740     
  0.195000000000000        21.1344167434060     
  0.200000000000000        21.1383810212207     
  0.205000000000000        21.1422923375650     
  0.210000000000000        21.1461551681527     
  0.215000000000000        21.1499736237508     
  0.220000000000000        21.1537514533939     
  0.225000000000000        21.1574921200794     
  0.230000000000000        21.1611987946487     
  0.235000000000000        21.1648743891186     
  0.240000000000000        21.1685215776861     
  0.245000000000000        21.1721428165358     
  0.250000000000000        21.1757403615278     
  0.255000000000000        21.1793162843359     
  0.260000000000000        21.1828724870973     
  0.265000000000000        21.1864107157586     
  0.270000000000000        21.1899325711733     
  0.275000000000000        21.1934395245570     
  0.280000000000000        21.1969329210543     
  0.285000000000000        21.2004139923135     
  0.290000000000000        21.2038838684375     
  0.295000000000000        21.2073435790637     
  0.300000000000000        21.2107940649624     
  0.305000000000000        21.2142361836963     
  0.310000000000000        21.2176707155949     
  0.315000000000000        21.2210983694112     
  0.320000000000000        21.2245197875022     
  0.325000000000000        21.2279355506273     
  0.330000000000000        21.2313461823819     
  0.335000000000000        21.2347521533071     
  0.340000000000000        21.2381538846969     
  0.345000000000000        21.2415517521273     
  0.350000000000000        21.2449460887369     
  0.355000000000000        21.2483372400473     
  0.360000000000000        21.2517253547940     
  0.365000000000000        21.2551107134310     
  0.370000000000000        21.2584935080613     
  0.375000000000000        21.2618739010207     
  0.380000000000000        21.2652520277787     
  0.385000000000000        21.2686279987113     
  0.390000000000000        21.2720019010278     
  0.395000000000000        21.2753738004661     
  0.400000000000000        21.2787437429193     
  0.405000000000000        21.2821117559356     
  0.410000000000000        21.2854778501403     
  0.415000000000000        21.2888420205473     
  0.420000000000000        21.2922042477984     
  0.425000000000000        21.2955644993173     
  0.430000000000000        21.2989227303921     
  0.435000000000000        21.3022788851881     
  0.440000000000000        21.3056328976943     
  0.445000000000000        21.3089846926132     
  0.450000000000000        21.3123341861886     
  0.455000000000000        21.3156812869873     
  0.460000000000000        21.3190258966210     
  0.465000000000000        21.3223679104351     
  0.470000000000000        21.3257072181417     
  0.475000000000000        21.3290437044187     
  0.480000000000000        21.3323772494692     
  0.485000000000000        21.3357077295418     
  0.490000000000000        21.3390350174217     
  0.495000000000000        21.3423589828865     
  0.500000000000000        21.3456794931325     
  0.505000000000000        21.3489964131754     
  0.510000000000000        21.3523096062224     
  0.515000000000000        21.3556189340177     
  0.520000000000000        21.3589242571694     
  0.525000000000000        21.3622254354496     
  0.530000000000000        21.3655223269579     
  0.535000000000000        21.3688147929183     
  0.540000000000000        21.3721026910645     
  0.545000000000000        21.3753858803866     
  0.550000000000000        21.3786642203535     
  0.555000000000000        21.3819375709845     
  0.560000000000000        21.3852057919253     
  0.565000000000000        21.3884687472386     
  0.570000000000000        21.3917262985504     
  0.575000000000000        21.3949783098183     
  0.580000000000000        21.3982246464384     
  0.585000000000000        21.4014651752508     
  0.590000000000000        21.4046997646871     
  0.595000000000000        21.4079282837057     
  0.600000000000000        21.4111506065453     
  0.605000000000000        21.4143666057669     
  0.610000000000000        21.4175761569730     
  0.615000000000000        21.4207791378502     
  0.620000000000000        21.4239754281106     
  0.625000000000000        21.4271649095874     
  0.630000000000000        21.4303474651313     
  0.635000000000000        21.4335229832555     
  0.640000000000000        21.4366913512217     
  0.645000000000000        21.4398524596553     
  0.650000000000000        21.4430062015612     
  0.655000000000000        21.4461524722288     
  0.660000000000000        21.4492911770008     
  0.665000000000000        21.4524221996153     
  0.670000000000000        21.4555454512947     
  0.675000000000000        21.4586608363585     
  0.680000000000000        21.4617682619673     
  0.685000000000000        21.4648676374923     
  0.690000000000000        21.4679588747221     
  0.695000000000000        21.4710418866254     
  0.700000000000000        21.4741165920835     
  0.705000000000000        21.4771829087417     
  0.710000000000000        21.4802407577056     
  0.715000000000000        21.4832900624840     
  0.720000000000000        21.4863307488563     
  0.725000000000000        21.4893627448988     
  0.730000000000000        21.4923859809465     
  0.735000000000000        21.4954003895849     
  0.740000000000000        21.4984059044177     
  0.745000000000000        21.5014024649172     
  0.750000000000000        21.5043900090428     
  0.755000000000000        21.5073684780778     
  0.760000000000000        21.5103378155181     
  0.765000000000000        21.5132979669311     
  0.770000000000000        21.5162488799719     
  0.775000000000000        21.5191905043378     
  0.780000000000000        21.5221227917487     
  0.785000000000000        21.5250456959147     
  0.790000000000000        21.5279591725111     
  0.795000000000000        21.5308631791425     
  0.800000000000000        21.5337576832077     
  0.805000000000000        21.5366426295376     
  0.810000000000000        21.5395179903934     
  0.815000000000000        21.5423837304413     
  0.820000000000000        21.5452398166113     
  0.825000000000000        21.5480862174264     
  0.830000000000000        21.5509229111086     
  0.835000000000000        21.5537498530211     
  0.840000000000000        21.5565670258698     
  0.845000000000000        21.5593744033503     
  0.850000000000000        21.5621719649090     
  0.855000000000000        21.5649596877132     
  0.860000000000000        21.5677375516929     
  0.865000000000000        21.5705055383572     
  0.870000000000000        21.5732636306736     
  0.875000000000000        21.5760118130660     
  0.880000000000000        21.5787500701366     
  0.885000000000000        21.5814783916605     
  0.890000000000000        21.5841967649725     
  0.895000000000000        21.5869051799457     
  0.900000000000000        21.5896036278420     
  0.905000000000000        21.5922921011713     
  0.910000000000000        21.5949705937014     
  0.915000000000000        21.5976391004202     
  0.920000000000000        21.6002976175088     
  0.925000000000000        21.6029461411210     
  0.930000000000000        21.6055846721839     
  0.935000000000000        21.6082132090908     
  0.940000000000000        21.6108317524752     
  0.945000000000000        21.6134403041155     
  0.950000000000000        21.6160388667997     
  0.955000000000000        21.6186274443391     
  0.960000000000000        21.6212060415278     
  0.965000000000000        21.6237746641271     
  0.970000000000000        21.6263333176163     
  0.975000000000000        21.6288820121046     
  0.980000000000000        21.6314207548660     
  0.985000000000000        21.6339495552250     
  0.990000000000000        21.6364684234382     
  0.995000000000000        21.6389773705603     
   1.00000000000000        21.6414764084594     
   1.00500000000000        21.6439655497879     
   1.01000000000000        21.6464448079590     
   1.01500000000000        21.6489141971311     
   1.02000000000000        21.6513737308968     
   1.02500000000000        21.6538234274651     
   1.03000000000000        21.6562633005382     
   1.03500000000000        21.6586933695542     
   1.04000000000000        21.6611136508374     
   1.04500000000000        21.6635241625318     
   1.05000000000000        21.6659249234780     
   1.05500000000000        21.6683159530781     
   1.06000000000000        21.6706972700477     
   1.06500000000000        21.6730688975134     
   1.07000000000000        21.6754308552705     
   1.07500000000000        21.6777831648640     
   1.08000000000000        21.6801258484306     
   1.08500000000000        21.6824589367476     
   1.09000000000000        21.6847824358144     
   1.09500000000000        21.6870963784419     
   1.10000000000000        21.6894007882455     
   1.10500000000000        21.6916956897590     
   1.11000000000000        21.6939811077705     
   1.11500000000000        21.6962570675315     
   1.12000000000000        21.6985235933880     
   1.12500000000000        21.7007807139570     
   1.13000000000000        21.7030284543171     
   1.13500000000000        21.7052668411396     
   1.14000000000000        21.7074959015133     
   1.14500000000000        21.7097156628289     
   1.15000000000000        21.7119261527976     
   1.15500000000000        21.7141273994358     
   1.16000000000000        21.7163194310493     
   1.16500000000000        21.7185022762253     
   1.17000000000000        21.7206759638183     
   1.17500000000000        21.7228405229448     
   1.18000000000000        21.7249959829683     
   1.18500000000000        21.7271423734917     
   1.19000000000000        21.7292797243433     
   1.19500000000000        21.7314080655721     
   1.20000000000000        21.7335274274344     
   1.20500000000000        21.7356378403862     
   1.21000000000000        21.7377393350759     
   1.21500000000000        21.7398320006546     
   1.22000000000000        21.7419157479979     
   1.22500000000000        21.7439906703396     
   1.23000000000000        21.7460567993679     
   1.23500000000000        21.7481141650443     
   1.24000000000000        21.7501628015087     
   1.24500000000000        21.7522027391414     
   1.25000000000000        21.7542340097053     
   1.25500000000000        21.7562566451625     
   1.26000000000000        21.7582706775696     
   1.26500000000000        21.7602761391000     
   1.27000000000000        21.7622730620241     
   1.27500000000000        21.7642614787076     
   1.28000000000000        21.7662414216005     
   1.28500000000000        21.7682129232312     
   1.29000000000000        21.7701760162022     
   1.29500000000000        21.7721307331781     
   1.30000000000000        21.7740771068854     
   1.30500000000000        21.7760151701041     
   1.31000000000000        21.7779449556634     
   1.31500000000000        21.7798664964313     
   1.32000000000000        21.7817798253161     
   1.32500000000000        21.7836849752574     
   1.33000000000000        21.7855819792177     
   1.33500000000000        21.7874708701867     
   1.34000000000000        21.7893516811680     
   1.34500000000000        21.7912244451772     
   1.35000000000000        21.7930891952373     
   1.35500000000000        21.7949459643766     
   1.36000000000000        21.7967947856212     
   1.36500000000000        21.7986356919896     
   1.37000000000000        21.8004687164933     
   1.37500000000000        21.8022938921314     
   1.38000000000000        21.8041112518844     
   1.38500000000000        21.8059208287106     
   1.39000000000000        21.8077226555477     
   1.39500000000000        21.8095167653019     
   1.40000000000000        21.8113031908485     
   1.40500000000000        21.8130819650295     
   1.41000000000000        21.8148531206485     
   1.41500000000000        21.8166166904668     
   1.42000000000000        21.8183727072018     
   1.42500000000000        21.8201212035261     
   1.43000000000000        21.8218622120588     
   1.43500000000000        21.8235957653694     
   1.44000000000000        21.8253218959681     
   1.44500000000000        21.8270406363110     
   1.45000000000000        21.8287520187907     
   1.45500000000000        21.8304560757393     
   1.46000000000000        21.8321528394217     
   1.46500000000000        21.8338423407358     
   1.47000000000000        21.8355246229122     
   1.47500000000000        21.8371996990911     
   1.48000000000000        21.8388676106934     
   1.48500000000000        21.8405283892706     
   1.49000000000000        21.8421820667533     
   1.49500000000000        21.8438286748398     
   1.50000000000000        21.8454682452016     
   1.50500000000000        21.8471008094099     
   1.51000000000000        21.8487263976646     
   1.51500000000000        21.8503450439951     
   1.52000000000000        21.8519567784161     
   1.52500000000000        21.8535616321021     
   1.53000000000000        21.8551596348858     
   1.53500000000000        21.8567508205003     
   1.54000000000000        21.8583352185611     
   1.54500000000000        21.8599128598690     
   1.55000000000000        21.8614837752035     
   1.55500000000000        21.8630479952183     
   1.56000000000000        21.8646055504781     
   1.56500000000000        21.8661564714424     
   1.57000000000000        21.8677007884702     
   1.57500000000000        21.8692385403346     
   1.58000000000000        21.8707697394831     
   1.58500000000000        21.8722944255015     
   1.59000000000000        21.8738126279554     
   1.59500000000000        21.8753243767956     
   1.60000000000000        21.8768297016971     
   1.60500000000000        21.8783286322866     
   1.61000000000000        21.8798211980656     
   1.61500000000000        21.8813074284344     
   1.62000000000000        21.8827873526781     
   1.62500000000000        21.8842609999774     
   1.63000000000000        21.8857283993985     
   1.63500000000000        21.8871895798962     
   1.64000000000000        21.8886445703142     
   1.64500000000000        21.8900933993830     
   1.65000000000000        21.8915360957207     
   1.65500000000000        21.8929726878338     
   1.66000000000000        21.8944032041112     
   1.66500000000000        21.8958276728284     
   1.67000000000000        21.8972461221480     
   1.67500000000000        21.8986585801132     
   1.68000000000000        21.9000650746531     
   1.68500000000000        21.9014656335776     
   1.69000000000000        21.9028602845813     
   1.69500000000000        21.9042490638207     
   1.70000000000000        21.9056319809397     
   1.70500000000000        21.9070090728684     
   1.71000000000000        21.9083803664603     
   1.71500000000000        21.9097458889357     
   1.72000000000000        21.9111056672375     
   1.72500000000000        21.9124597282479     
   1.73000000000000        21.9138080987155     
   1.73500000000000        21.9151508052760     
   1.74000000000000        21.9164878744494     
   1.74500000000000        21.9178193326338     
   1.75000000000000        21.9191452061113     
   1.75500000000000        21.9204655210445     
   1.76000000000000        21.9217803034776     
   1.76500000000000        21.9230895793385     
   1.77000000000000        21.9243933830463     
   1.77500000000000        21.9256917224191     
   1.78000000000000        21.9269846326458     
   1.78500000000000        21.9282721388145     
   1.79000000000000        21.9295542663770     
   1.79500000000000        21.9308310405106     
   1.80000000000000        21.9321024949524     
   1.80500000000000        21.9333686367811     
   1.81000000000000        21.9346295004880     
   1.81500000000000        21.9358851091068     
   1.82000000000000        21.9371354900977     
   1.82500000000000        21.9383806665747     
   1.83000000000000        21.9396206628891     
   1.83500000000000        21.9408555033349     
   1.84000000000000        21.9420852120742     
   1.84500000000000        21.9433098131655     
   1.85000000000000        21.9445293305493     
   1.85500000000000        21.9457437880559     
   1.86000000000000        21.9469532080022     
   1.86500000000000        21.9481576168246     
   1.87000000000000        21.9493570365954     
   1.87500000000000        21.9505514906294     
   1.88000000000000        21.9517410021942     
   1.88500000000000        21.9529255944179     
   1.89000000000000        21.9541052889783     
   1.89500000000000        21.9552801115036     
   1.90000000000000        21.9564500821421     
   1.90500000000000        21.9576152261572     
   1.91000000000000        21.9587755648458     
   1.91500000000000        21.9599311206238     
   1.92000000000000        21.9610819158794     
   1.92500000000000        21.9622279728627     
   1.93000000000000        21.9633693137175     
   1.93500000000000        21.9645059604729     
   1.94000000000000        21.9656379350412     
   1.94500000000000        21.9667652592165     
   1.95000000000000        21.9678879533059     
   1.95500000000000        21.9690060416660     
   1.96000000000000        21.9701195443738     
   1.96500000000000        21.9712284827358     
   1.97000000000000        21.9723328780309     
   1.97500000000000        21.9734327514132     
   1.98000000000000        21.9745281239469     
   1.98500000000000        21.9756190165906     
   1.99000000000000        21.9767054588973     
   1.99500000000000        21.9777874535792     
   2.00000000000000        21.9788650309529     
   2.00500000000000        21.9799382111597     
   2.01000000000000        21.9810070147115     
   2.01500000000000        21.9820714618466     
   2.02000000000000        21.9831315727496     
   2.02500000000000        21.9841873674869     
   2.03000000000000        21.9852388660378     
   2.03500000000000        21.9862860882925     
   2.04000000000000        21.9873290540547     
   2.04500000000000        21.9883677830437     
   2.05000000000000        21.9894022948872     
   2.05500000000000        21.9904326091158     
   2.06000000000000        21.9914587451575     
   2.06500000000000        21.9924807223237     
   2.07000000000000        21.9934985598077     
   2.07500000000000        21.9945122753259     
   2.08000000000000        21.9955218905857     
   2.08500000000000        21.9965274230715     
   2.09000000000000        21.9975288914878     
   2.09500000000000        21.9985263145244     
   2.10000000000000        21.9995197107756     
   2.10500000000000        22.0005090987754     
   2.11000000000000        22.0014944969881     
   2.11500000000000        22.0024759224358     
   2.12000000000000        22.0034533961877     
   2.12500000000000        22.0044269350653     
   2.13000000000000        22.0053965570934     
   2.13500000000000        22.0063622802392     
   2.14000000000000        22.0073241223114     
   2.14500000000000        22.0082821010014     
   2.15000000000000        22.0092362338887     
   2.15500000000000        22.0101865384621     
   2.16000000000000        22.0111330307934     
   2.16500000000000        22.0120757309971     
   2.17000000000000        22.0130146550520     
   2.17500000000000        22.0139498202057     
   2.18000000000000        22.0148812437253     
   2.18500000000000        22.0158089515308     
   2.19000000000000        22.0167329425418     
   2.19500000000000        22.0176532434197     
   2.20000000000000        22.0185698705661     
   2.20500000000000        22.0194828407087     
   2.21000000000000        22.0203921702667     
   2.21500000000000        22.0212978755952     
   2.22000000000000        22.0221999729488     
   2.22500000000000        22.0230984785481     
   2.23000000000000        22.0239934086055     
   2.23500000000000        22.0248847793459     
   2.24000000000000        22.0257726056068     
   2.24500000000000        22.0266569064365     
   2.25000000000000        22.0275377053675     
   2.25500000000000        22.0284150089910     
   2.26000000000000        22.0292888247788     
   2.26500000000000        22.0301591777796     
   2.27000000000000        22.0310260832026     
   2.27500000000000        22.0318895563822     
   2.28000000000000        22.0327496124049     
   2.28500000000000        22.0336062663209     
   2.29000000000000        22.0344595331640     
   2.29500000000000        22.0353094280393     
   2.30000000000000        22.0361559661457     
   2.30500000000000        22.0369991627772     
   2.31000000000000        22.0378390332775     
   2.31500000000000        22.0386755929594     
   2.32000000000000        22.0395088570091     
   2.32500000000000        22.0403388403864     
   2.33000000000000        22.0411655577607     
   2.33500000000000        22.0419890234823     
   2.34000000000000        22.0428092516190     
   2.34500000000000        22.0436262560397     
   2.35000000000000        22.0444400505402     
   2.35500000000000        22.0452506489747     
   2.36000000000000        22.0460580653789     
   2.36500000000000        22.0468623126207     
   2.37000000000000        22.0476634168904     
   2.37500000000000        22.0484613732072     
   2.38000000000000        22.0492562060011     
   2.38500000000000        22.0500479294595     
   2.39000000000000        22.0508365578955     
   2.39500000000000        22.0516221050040     
   2.40000000000000        22.0524045840225     
   2.40500000000000        22.0531840077132     
   2.41000000000000        22.0539603885484     
   2.41500000000000        22.0547337477356     
   2.42000000000000        22.0555040795770     
   2.42500000000000        22.0562714156244     
   2.43000000000000        22.0570357595136     
   2.43500000000000        22.0577971168566     
   2.44000000000000        22.0585555113485     
   2.44500000000000        22.0593109571844     
   2.45000000000000        22.0600634686492     
   2.45500000000000        22.0608130593923     
   2.46000000000000        22.0615597423168     
   2.46500000000000        22.0623035294513     
   2.47000000000000        22.0630444320470     
   2.47500000000000        22.0637824608550     
   2.48000000000000        22.0645176265319     
   2.48500000000000        22.0652499400945     
   2.49000000000000        22.0659794133135     
   2.49500000000000        22.0667060589586     
   2.50000000000000        22.0674298907950     
   2.52500000000000        22.0681509233454     
   2.55000000000000        22.0717034413051     
   2.57500000000000        22.0751885056993     
   2.60000000000000        22.0786074091359     
   2.62500000000000        22.0819615206897     
   2.65000000000000        22.0852522000693     
   2.67500000000000        22.0884807584698     
   2.70000000000000        22.0916484908900     
   2.72500000000000        22.0947566766742     
   2.75000000000000        22.0978065593338     
   2.77500000000000        22.1007993485922     
   2.80000000000000        22.1037362291045     
   2.82500000000000        22.1066183582560     
   2.85000000000000        22.1094468635730     
   2.87500000000000        22.1122228454376     
   2.90000000000000        22.1149474159347     
   2.92500000000000        22.1176215480794     
   2.95000000000000        22.1202463065737     
   2.97500000000000        22.1228226914315     
   3.00000000000000        22.1253516738222     
   3.02500000000000        22.1278342201090     
   3.05000000000000        22.1302712561533     
   3.07500000000000        22.1326639558920     
   3.10000000000000        22.1350126660216     
   3.12500000000000        22.1373185399333     
   3.15000000000000        22.1395824280558     
   3.17500000000000        22.1418051594812     
   3.20000000000000        22.1439875451206     
   3.22500000000000        22.1461303779431     
   3.25000000000000        22.1482344334296     
   3.27500000000000        22.1503004699213     
   3.30000000000000        22.1523292290270     
   3.32500000000000        22.1543214360357     
   3.35000000000000        22.1562778003024     
   3.37500000000000        22.1581990156525     
   3.40000000000000        22.1600857607950     
   3.42500000000000        22.1619386996689     
   3.45000000000000        22.1637584818390     
   3.47500000000000        22.1655457428448     
   3.50000000000000        22.1673011045623     
   3.52500000000000        22.1690251755423     
   3.55000000000000        22.1707185450233     
   3.57500000000000        22.1723818088339     
   3.60000000000000        22.1740155308447     
   3.62500000000000        22.1756202694314     
   3.65000000000000        22.1771965713838     
   3.67500000000000        22.1787449719530     
   3.70000000000000        22.1802659952192     
   3.72500000000000        22.1817601543312     
   3.75000000000000        22.1832279517836     
   3.77500000000000        22.1846698735421     
   3.80000000000000        22.1860864140944     
   3.82500000000000        22.1874780390288     
   3.85000000000000        22.1888452106002     
   3.87500000000000        22.1901883817886     
   3.90000000000000        22.1915079962994     
   3.92500000000000        22.1928044888361     
   3.95000000000000        22.1940782852920     
   3.97500000000000        22.1953298029778     
   4.00000000000000        22.1965594508008     
   4.02500000000000        22.1977676294772     
   4.05000000000000        22.1989547317030     
   4.07500000000000        22.2001211423521     
   4.10000000000000        22.2012672386482     
   4.12500000000000        22.2023933903371     
   4.15000000000000        22.2034999978233     
   4.17500000000000        22.2045873380028     
   4.20000000000000        22.2056558004650     
   4.22500000000000        22.2067057263300     
   4.25000000000000        22.2077374503388     
   4.27500000000000        22.2087513006031     
   4.30000000000000        22.2097475989444     
   4.32500000000000        22.2107266609511     
   4.35000000000000        22.2116887961349     
   4.37500000000000        22.2126343080328     
   4.40000000000000        22.2135634943449     
   4.42500000000000        22.2144766470701     
   4.45000000000000        22.2153740526053     
   4.47500000000000        22.2162559918727     
   4.50000000000000        22.2171227404428     
   4.52500000000000        22.2179745686384     
   4.55000000000000        22.2188117416536     
   4.57500000000000        22.2196345196590     
   4.60000000000000        22.2204431578973     
   4.62500000000000        22.2212379068156     
   4.65000000000000        22.2220190121216     
   4.67500000000000        22.2227867149254     
   4.70000000000000        22.2235412456340     
   4.72500000000000        22.2242828490402     
   4.75000000000000        22.2250117464857     
   4.77500000000000        22.2257281614463     
   4.80000000000000        22.2264323134024     
   4.82500000000000        22.2271244114406     
   4.85000000000000        22.2278046797527     
   4.87500000000000        22.2284733192016     
   4.90000000000000        22.2291305333126     
   4.92500000000000        22.2297765158495     
   4.95000000000000        22.2304114756075     
   4.97500000000000        22.2310355987156     
   5.00000000000000        22.2316490741286     
   5.02500000000000        22.2322520875041     
   5.05000000000000        22.2328448210402     
   5.07500000000000        22.2334274473985     
   5.10000000000000        22.2340001488187     
   5.12500000000000        22.2345631037091     
   5.15000000000000        22.2351164748314     
   5.17500000000000        22.2356604283684     
   5.20000000000000        22.2361951275916     
   5.22500000000000        22.2367207327807     
   5.25000000000000        22.2372374013094     
   5.27500000000000        22.2377452877135     
   5.30000000000000        22.2382445437383     
   5.32500000000000        22.2387353183915     
   5.35000000000000        22.2392177580111     
   5.37500000000000        22.2396920063057     
   5.40000000000000        22.2401582044178     
   5.42500000000000        22.2406164909483     
   5.45000000000000        22.2410670020305     
   5.47500000000000        22.2415098713696     
   5.50000000000000        22.2419452302859     
   5.52500000000000        22.2423732077609     
   5.55000000000000        22.2427939304873     
   5.57500000000000        22.2432075165462     
   5.60000000000000        22.2436141011857     
   5.62500000000000        22.2440137977934     
   5.65000000000000        22.2444067242136     
   5.67500000000000        22.2447929963718     
   5.70000000000000        22.2451727280823     
   5.72500000000000        22.2455460311697     
   5.75000000000000        22.2459130154728     
   5.77500000000000        22.2462737888988     
   5.80000000000000        22.2466284512029     
   5.82500000000000        22.2469771193136     
   5.85000000000000        22.2473198889925     
   5.87500000000000        22.2476568606533     
   5.90000000000000        22.2479881331277     
   5.92500000000000        22.2483138034439     
   5.95000000000000        22.2486339669520     
   5.97500000000000        22.2489487112180     
   6.00000000000000        22.2492581407822     
   6.02500000000000        22.2495623396649     
   6.05000000000000        22.2498613966224     
   6.07500000000000        22.2501553990262     
   6.10000000000000        22.2504444326623     
   6.12500000000000        22.2507285818431     
   6.15000000000000        22.2510079679032     
   6.17500000000000        22.2512825928519     
   6.20000000000000        22.2515525783994     
   6.22500000000000        22.2518180027788     
   6.25000000000000        22.2520789431654     
   6.27500000000000        22.2523354752890     
   6.30000000000000        22.2525876736782     
   6.32500000000000        22.2528356115623     
   6.35000000000000        22.2530793609379     
   6.37500000000000        22.2533189925729     
   6.40000000000000        22.2535545760222     
   6.42500000000000        22.2537861796342     
   6.45000000000000        22.2540138706029     
   6.47500000000000        22.2542377149555     
   6.50000000000000        22.2544577775839     
   6.52500000000000        22.2546741222703     
   6.55000000000000        22.2548868117106     
   6.57500000000000        22.2550959075072     
   6.60000000000000        22.2553014702199     
   6.62500000000000        22.2555035530892     
   6.65000000000000        22.2557022274593     
   6.67500000000000        22.2558975442366     
   6.70000000000000        22.2560895598420     
   6.72500000000000        22.2562783298871     
   6.75000000000000        22.2564639089723     
   6.77500000000000        22.2566463507774     
   6.80000000000000        22.2568257080547     
   6.82500000000000        22.2570020326666     
   6.85000000000000        22.2571754141287     
   6.87500000000000        22.2573458230370     
   6.90000000000000        22.2575133504022     
   6.92500000000000        22.2576780442611     
   6.95000000000000        22.2578399521377     
   6.97500000000000        22.2579991206329     
   7.00000000000000        22.2581555956520     
   7.02500000000000        22.2583094223243     
   7.05000000000000        22.2584606450408     
   7.07500000000000        22.2586093074398     
   7.10000000000000        22.2587554524336     
   7.12500000000000        22.2588991222096     
   7.15000000000000        22.2590403582333     
   7.17500000000000        22.2591791948049     
   7.20000000000000        22.2593156852518     
   7.22500000000000        22.2594498621931     
   7.25000000000000        22.2595817642598     
   7.27500000000000        22.2597114295967     
   7.30000000000000        22.2598388956525     
   7.32500000000000        22.2599641992520     
   7.35000000000000        22.2600873765766     
   7.37500000000000        22.2602084632047     
   7.40000000000000        22.2603274941120     
   7.42500000000000        22.2604445036785     
   7.45000000000000        22.2605595257016     
   7.47500000000000        22.2606725934109     
   7.50000000000000        22.2607837394730     
   7.52500000000000        22.2608929959980     
   7.55000000000000        22.2610003945658     
   7.57500000000000        22.2611059662165     
   7.60000000000000        22.2612097414643     
   7.62500000000000        22.2613117503138     
   7.65000000000000        22.2614120222621     
   7.67500000000000        22.2615105799543     
   7.70000000000000        22.2616074649102     
   7.72500000000000        22.2617026924473     
   7.75000000000000        22.2617963023977     
   7.77500000000000        22.2618883155905     
   7.80000000000000        22.2619787585678     
   7.82500000000000        22.2620676576081     
   7.85000000000000        22.2621550384764     
   7.87500000000000        22.2622409265150     
   7.90000000000000        22.2623253466318     
   7.92500000000000        22.2624083233103     
   7.95000000000000        22.2624898806167     
   7.97500000000000        22.2625700422222     
   8.00000000000000        22.2626488700112     
   8.02500000000000        22.2627263072356     
   8.05000000000000        22.2628024182092     
   8.07500000000000        22.2628772246856     
   8.10000000000000        22.2629507483506     
   8.12500000000000        22.2630230041441     
   8.15000000000000        22.2630940258496     
   8.17500000000000        22.2631638275029     
   8.20000000000000        22.2632324292848     
   8.22500000000000        22.2632998512183     
   8.25000000000000        22.2633661129411     
   8.27500000000000        22.2634312337697     
   8.30000000000000        22.2634952326967     
   8.32500000000000        22.2635581284006     
   8.35000000000000        22.2636202127981     
   8.37500000000000        22.2636809414158     
   8.40000000000000        22.2637406244563     
   8.42500000000000        22.2637992799817     
   8.45000000000000        22.2638569237859     
   8.47500000000000        22.2639135718600     
   8.50000000000000        22.2639692401930     
   8.52500000000000        22.2640239447073     
   8.55000000000000        22.2640777011882     
   8.57500000000000        22.2641305252319     
   8.60000000000000        22.2641824322387     
   8.62500000000000        22.2642334309570     
   8.65000000000000        22.2642835494516     
   8.67500000000000        22.2643327957013     
   8.70000000000000        22.2643811840741     
   8.72500000000000        22.2644287288765     
   8.75000000000000        22.2644754441182     
   8.77500000000000        22.2645213435969     
   8.80000000000000        22.2645664408605     
   8.82500000000000        22.2646107492473     
   8.85000000000000        22.2646543205103     
   8.87500000000000        22.2646970878648     
   8.90000000000000        22.2647391058358     
   8.92500000000000        22.2647803865200     
   8.95000000000000        22.2648209421229     
   8.97500000000000        22.2648607783364     
   9.00000000000000        22.2648999196140     
   9.02500000000000        22.2649383710578     
   9.05000000000000        22.2649761439983     
   9.07500000000000        22.2650132497432     
   9.10000000000000        22.2650496993652     
   9.12500000000000        22.2650855037605     
   9.15000000000000        22.2651206736458     
   9.17500000000000        22.2651552195597     
   9.20000000000000        22.2651891518565     
   9.22500000000000        22.2652224807278     
   9.25000000000000        22.2652552098451     
   9.27500000000000        22.2652873620434     
   9.30000000000000        22.2653189403604     
   9.32500000000000        22.2653499542138     
   9.35000000000000        22.2653804130450     
   9.37500000000000        22.2654103260756     
   9.40000000000000        22.2654396959829     
   9.42500000000000        22.2654685447581     
   9.45000000000000        22.2654968744672     
   9.47500000000000        22.2655246936272     
   9.50000000000000        22.2655520107792     
   9.52500000000000        22.2655788342559     
   9.55000000000000        22.2656051722717     
   9.57500000000000        22.2656310328903     
   9.60000000000000        22.2656564240331     
   9.62500000000000        22.2656813535045     
   9.65000000000000        22.2657058289577     
   9.67500000000000        22.2657298579272     
   9.70000000000000        22.2657534864863     
   9.72500000000000        22.2657766422193     
   9.75000000000000        22.2657993741475     
   9.77500000000000        22.2658216889528     
   9.80000000000000        22.2658435871773     
   9.82500000000000        22.2658650884255     
   9.85000000000000        22.2658861863915     
   9.87500000000000        22.2659069003737     
   9.90000000000000        22.2659272302891     
   9.92500000000000        22.2659471823946     
   9.95000000000000        22.2659668016818     
   9.97500000000000        22.2659860146065     
   10.0000000000000        22.2660048691032     
   10.0250000000000        22.2660234094374     
   10.0500000000000        22.2660415617109     
   10.0750000000000        22.2660593733875     
   10.1000000000000        22.2660768496944     
   10.1250000000000        22.2660939960952     
   10.1500000000000        22.2661108178692     
   10.1750000000000        22.2661273203069     
   10.2000000000000        22.2661435086362     
   10.2250000000000        22.2661593880204     
   10.2500000000000        22.2661749635509     
   10.2750000000000        22.2661902402431     
   10.3000000000000        22.2662052230415     
   10.3250000000000        22.2662199168003     
   10.3500000000000        22.2662343263037     
   10.3750000000000        22.2662484562576     
   10.4000000000000        22.2662623112898     
   10.4250000000000        22.2662758959586     
   10.4500000000000        22.2662892147454     
   10.4750000000000        22.2663022720493     
   10.5000000000000        22.2663150722035     
   10.5250000000000        22.2663276581402     
   10.5500000000000        22.2663399543332     
   10.5750000000000        22.2663520454501     
   10.6000000000000        22.2663638554474     
   10.6250000000000        22.2663754301351     
   10.6500000000000        22.2663867728998     
   10.6750000000000        22.2663978874802     
   10.7000000000000        22.2664087774369     
   10.7250000000000        22.2664194402028     
   10.7500000000000        22.2664301659992     
   10.7750000000000        22.2664403885714     
   10.8000000000000        22.2664504041602     
   10.8250000000000        22.2664602169028     
   10.8500000000000        22.2664698288466     
   10.8750000000000        22.2664792424858     
   10.9000000000000        22.2664884992001     
   10.9250000000000        22.2664975157366     
   10.9500000000000        22.2665063500023     
   10.9750000000000        22.2665149979049     
   11.0000000000000        22.2665234622700     
   11.0250000000000        22.2665317846384     
   11.0500000000000        22.2665398881636     
   11.0750000000000        22.2665478175851     
   11.1000000000000        22.2665555753755     
   11.1250000000000        22.2665631643051     
   11.1500000000000        22.2665705869743     
   11.1750000000000        22.2665778460564     
   11.2000000000000        22.2665849441937     
   11.2250000000000        22.2665918839990     
   11.2500000000000        22.2665986680686     
   11.2750000000000        22.2666052989681     
   11.3000000000000        22.2666117792129     
   11.3250000000000        22.2666181112887     
   11.3500000000000        22.2666242976392     
   11.3750000000000        22.2666303406825     
   11.4000000000000        22.2666362427796     
   11.4250000000000        22.2666420449452     
   11.4500000000000        22.2666476697370     
   11.4750000000000        22.2666531612943     
   11.5000000000000        22.2666585214685     
   11.5250000000000        22.2666637523931     
   11.5500000000000        22.2666688560449     
   11.5750000000000        22.2666738281768     
   11.6000000000000        22.2666786836832     
   11.6250000000000        22.2666834179769     
   11.6500000000000        22.2666880329417     
   11.6750000000000        22.2666925306015     
   11.7000000000000        22.2666969128982     
   11.7250000000000        22.2667011817519     
   11.7500000000000        22.2667053390376     
   11.7750000000000        22.2667093866059     
   11.8000000000000        22.2667133262808     
   11.8250000000000        22.2667171598424     
   11.8500000000000        22.2667208890537     
   11.8750000000000        22.2667245156436     
   11.9000000000000        22.2667280350503     
   11.9250000000000        22.2667314555314     
   11.9500000000000        22.2667347848993     
   11.9750000000000        22.2667380181423     
   12.0000000000000        22.2667411568247     
   12.0250000000000        22.2667442412625     
   12.0500000000000        22.2667471932780     
   12.0750000000000        22.2667500562851     
   12.1000000000000        22.2667528314215     
   12.1250000000000        22.2667555201058     
   12.1500000000000        22.2667581236158     
   12.1750000000000        22.2667606432949     
   12.2000000000000        22.2667630804882     
   12.2250000000000        22.2667654365319     
   12.2500000000000        22.2667677127451     
   12.2750000000000        22.2667699104385     
   12.3000000000000        22.2667720308977     
   12.3250000000000        22.2667740753997     
   12.3500000000000        22.2667760451891     
   12.3750000000000        22.2667779415041     
   12.4000000000000        22.2667797655575     
   12.4250000000000        22.2667815185477     
   12.4500000000000        22.2667832016503     
   12.4750000000000        22.2667848160152     
   12.5000000000000        22.2667863627843     
