  5.000000000000000E-003   20.7685326583533     
  1.000000000000000E-002   20.7805724313153     
  1.500000000000000E-002   20.7914946950434     
  2.000000000000000E-002   20.8014215900843     
  2.500000000000000E-002   20.8104643064738     
  3.000000000000000E-002   20.8187231164862     
  3.500000000000000E-002   20.8262874603618     
  4.000000000000000E-002   20.8332364760384     
  4.500000000000000E-002   20.8396398337803     
  5.000000000000000E-002   20.8455587019740     
  5.500000000000000E-002   20.8510467263941     
  6.000000000000000E-002   20.8561509573498     
  6.500000000000000E-002   20.8609126938514     
  7.000000000000001E-002   20.8653682344283     
  7.500000000000000E-002   20.8695495349111     
  8.000000000000000E-002   20.8734847823947     
  8.500000000000001E-002   20.8771988868111     
  9.000000000000000E-002   20.8807139090824     
  9.500000000000000E-002   20.8840494276079     
  0.100000000000000        20.8872228539372     
  0.105000000000000        20.8902497046516     
  0.110000000000000        20.8931438351998     
  0.115000000000000        20.8959176440958     
  0.120000000000000        20.8985822448190     
  0.125000000000000        20.9011476192145     
  0.130000000000000        20.9036227480327     
  0.135000000000000        20.9060157271022     
  0.140000000000000        20.9083338639777     
  0.145000000000000        20.9105837668404     
  0.150000000000000        20.9127714233854     
  0.155000000000000        20.9149022573564     
  0.160000000000000        20.9169811946975     
  0.165000000000000        20.9190127212121     
  0.170000000000000        20.9210009207914     
  0.175000000000000        20.9229495062417     
  0.180000000000000        20.9248618755745     
  0.185000000000000        20.9267411289099     
  0.190000000000000        20.9285901007880     
  0.195000000000000        20.9304113849000     
  0.200000000000000        20.9322073565066     
  0.205000000000000        20.9339801923505     
  0.210000000000000        20.9357318885270     
  0.215000000000000        20.9374642797444     
  0.220000000000000        20.9391790402928     
  0.225000000000000        20.9408777179573     
  0.230000000000000        20.9425617308667     
  0.235000000000000        20.9442323822842     
  0.240000000000000        20.9458908698438     
  0.245000000000000        20.9475382942790     
  0.250000000000000        20.9491756672186     
  0.255000000000000        20.9508039183052     
  0.260000000000000        20.9524239016611     
  0.265000000000000        20.9540364017826     
  0.270000000000000        20.9556421384289     
  0.275000000000000        20.9572417735156     
  0.280000000000000        20.9588359126032     
  0.285000000000000        20.9604251105065     
  0.290000000000000        20.9620098766340     
  0.295000000000000        20.9635906753768     
  0.300000000000000        20.9651679313077     
  0.305000000000000        20.9667420316796     
  0.310000000000000        20.9683133290749     
  0.315000000000000        20.9698821439177     
  0.320000000000000        20.9714487667750     
  0.325000000000000        20.9730134604889     
  0.330000000000000        20.9745764621484     
  0.335000000000000        20.9761379849176     
  0.340000000000000        20.9776982197301     
  0.345000000000000        20.9792573368609     
  0.350000000000000        20.9808154873879     
  0.355000000000000        20.9823728283318     
  0.360000000000000        20.9839294265490     
  0.365000000000000        20.9854854095615     
  0.370000000000000        20.9870408644716     
  0.375000000000000        20.9885958648311     
  0.380000000000000        20.9901504719480     
  0.385000000000000        20.9917047356771     
  0.390000000000000        20.9932586952832     
  0.395000000000000        20.9948123802004     
  0.400000000000000        20.9963658107616     
  0.405000000000000        20.9979189988708     
  0.410000000000000        20.9994719486420     
  0.415000000000000        21.0010246569884     
  0.420000000000000        21.0025771141796     
  0.425000000000000        21.0041293043610     
  0.430000000000000        21.0056812060416     
  0.435000000000000        21.0072327925507     
  0.440000000000000        21.0087840324649     
  0.445000000000000        21.0103348900104     
  0.450000000000000        21.0118853254370     
  0.455000000000000        21.0134352953728     
  0.460000000000000        21.0149847531504     
  0.465000000000000        21.0165336491205     
  0.470000000000000        21.0180819309390     
  0.475000000000000        21.0196295438398     
  0.480000000000000        21.0211764308897     
  0.485000000000000        21.0227225332259     
  0.490000000000000        21.0242677902801     
  0.495000000000000        21.0258121399876     
  0.500000000000000        21.0273555189824     
  0.505000000000000        21.0288978627818     
  0.510000000000000        21.0304391059566     
  0.515000000000000        21.0319791822916     
  0.520000000000000        21.0335180249358     
  0.525000000000000        21.0350555665417     
  0.530000000000000        21.0365917388747     
  0.535000000000000        21.0381264750486     
  0.540000000000000        21.0396597064432     
  0.545000000000000        21.0411913649161     
  0.550000000000000        21.0427213824416     
  0.555000000000000        21.0442496911448     
  0.560000000000000        21.0457762228703     
  0.565000000000000        21.0473009114218     
  0.570000000000000        21.0488236893617     
  0.575000000000000        21.0503444902398     
  0.580000000000000        21.0518632481774     
  0.585000000000000        21.0533798978725     
  0.590000000000000        21.0548943746697     
  0.595000000000000        21.0564066140640     
  0.600000000000000        21.0579165539290     
  0.605000000000000        21.0594241312603     
  0.610000000000000        21.0609292843876     
  0.615000000000000        21.0624319525291     
  0.620000000000000        21.0639320757656     
  0.625000000000000        21.0654295950888     
  0.630000000000000        21.0669244518842     
  0.635000000000000        21.0684165901161     
  0.640000000000000        21.0699059530824     
  0.645000000000000        21.0713924855848     
  0.650000000000000        21.0728761334687     
  0.655000000000000        21.0743568435820     
  0.660000000000000        21.0758345674350     
  0.665000000000000        21.0773092462974     
  0.670000000000000        21.0787808343121     
  0.675000000000000        21.0802492823098     
  0.680000000000000        21.0817145423977     
  0.685000000000000        21.0831765676660     
  0.690000000000000        21.0846353122874     
  0.695000000000000        21.0860907309354     
  0.700000000000000        21.0875427810216     
  0.705000000000000        21.0889914193231     
  0.710000000000000        21.0904366042020     
  0.715000000000000        21.0918782951091     
  0.720000000000000        21.0933164525233     
  0.725000000000000        21.0947510379669     
  0.730000000000000        21.0961820139898     
  0.735000000000000        21.0976093441678     
  0.740000000000000        21.0990329925213     
  0.745000000000000        21.1004529258156     
  0.750000000000000        21.1018691100661     
  0.755000000000000        21.1032815128322     
  0.760000000000000        21.1046901026924     
  0.765000000000000        21.1060948491802     
  0.770000000000000        21.1074957227937     
  0.775000000000000        21.1088926949762     
  0.780000000000000        21.1102857381088     
  0.785000000000000        21.1116748254972     
  0.790000000000000        21.1130599313615     
  0.795000000000000        21.1144410308218     
  0.800000000000000        21.1158181036417     
  0.805000000000000        21.1171911188328     
  0.810000000000000        21.1185600584435     
  0.815000000000000        21.1199249008988     
  0.820000000000000        21.1212856256913     
  0.825000000000000        21.1226422130641     
  0.830000000000000        21.1239946478774     
  0.835000000000000        21.1253429040866     
  0.840000000000000        21.1266869686782     
  0.845000000000000        21.1280268243399     
  0.850000000000000        21.1293624565022     
  0.855000000000000        21.1306938495074     
  0.860000000000000        21.1320209890169     
  0.865000000000000        21.1333438614482     
  0.870000000000000        21.1346624539182     
  0.875000000000000        21.1359767542442     
  0.880000000000000        21.1372867503330     
  0.885000000000000        21.1385924325723     
  0.890000000000000        21.1398937901895     
  0.895000000000000        21.1411908136344     
  0.900000000000000        21.1424834940307     
  0.905000000000000        21.1437718231098     
  0.910000000000000        21.1450557932163     
  0.915000000000000        21.1463353972915     
  0.920000000000000        21.1476106288608     
  0.925000000000000        21.1488814814496     
  0.930000000000000        21.1501479508877     
  0.935000000000000        21.1514100318039     
  0.940000000000000        21.1526677199179     
  0.945000000000000        21.1539210115149     
  0.950000000000000        21.1551699033824     
  0.955000000000000        21.1564143928169     
  0.960000000000000        21.1576544776058     
  0.965000000000000        21.1588901560200     
  0.970000000000000        21.1601214262140     
  0.975000000000000        21.1613482885902     
  0.980000000000000        21.1625707422072     
  0.985000000000000        21.1637887871317     
  0.990000000000000        21.1650024239004     
  0.995000000000000        21.1662116534567     
   1.00000000000000        21.1674164771585     
   1.00500000000000        21.1686168967645     
   1.01000000000000        21.1698129144233     
   1.01500000000000        21.1710045326673     
   1.02000000000000        21.1721917537791     
   1.02500000000000        21.1733745822943     
   1.03000000000000        21.1745530205975     
   1.03500000000000        21.1757270738686     
   1.04000000000000        21.1768967458089     
   1.04500000000000        21.1780620410247     
   1.05000000000000        21.1792229644845     
   1.05500000000000        21.1803795214552     
   1.06000000000000        21.1815317168974     
   1.06500000000000        21.1826795579331     
   1.07000000000000        21.1838230500995     
   1.07500000000000        21.1849621998076     
   1.08000000000000        21.1860970137824     
   1.08500000000000        21.1872275029636     
   1.09000000000000        21.1883536663122     
   1.09500000000000        21.1894755158078     
   1.10000000000000        21.1905930590034     
   1.10500000000000        21.1917063039253     
   1.11000000000000        21.1928152587514     
   1.11500000000000        21.1939199319132     
   1.12000000000000        21.1950203314305     
   1.12500000000000        21.1961164674259     
   1.13000000000000        21.1972083483325     
   1.13500000000000        21.1982959833858     
   1.14000000000000        21.1993793820526     
   1.14500000000000        21.2004585539757     
   1.15000000000000        21.2015335089825     
   1.15500000000000        21.2026042570776     
   1.16000000000000        21.2036708084359     
   1.16500000000000        21.2047331733976     
   1.17000000000000        21.2057913624624     
   1.17500000000000        21.2068453862866     
   1.18000000000000        21.2078952556757     
   1.18500000000000        21.2089409815808     
   1.19000000000000        21.2099825750920     
   1.19500000000000        21.2110200474356     
   1.20000000000000        21.2120534099683     
   1.20500000000000        21.2130826741727     
   1.21000000000000        21.2141078516544     
   1.21500000000000        21.2151289825982     
   1.22000000000000        21.2161460202222     
   1.22500000000000        21.2171590067537     
   1.23000000000000        21.2181679544206     
   1.23500000000000        21.2191728746363     
   1.24000000000000        21.2201737808835     
   1.24500000000000        21.2211706848371     
   1.25000000000000        21.2221635988753     
   1.25500000000000        21.2231525355022     
   1.26000000000000        21.2241375072962     
   1.26500000000000        21.2251185269207     
   1.27000000000000        21.2260956071145     
   1.27500000000000        21.2270687606909     
   1.28000000000000        21.2280380005324     
   1.28500000000000        21.2290033395871     
   1.29000000000000        21.2299647908673     
   1.29500000000000        21.2309223674428     
   1.30000000000000        21.2318760824411     
   1.30500000000000        21.2328259490432     
   1.31000000000000        21.2337719804809     
   1.31500000000000        21.2347141900324     
   1.32000000000000        21.2356525910220     
   1.32500000000000        21.2365871968162     
   1.33000000000000        21.2375180208192     
   1.33500000000000        21.2384450764748     
   1.34000000000000        21.2393683772600     
   1.34500000000000        21.2402879366838     
   1.35000000000000        21.2412037682845     
   1.35500000000000        21.2421158856291     
   1.36000000000000        21.2430243023092     
   1.36500000000000        21.2439290319377     
   1.37000000000000        21.2448300881501     
   1.37500000000000        21.2457274846003     
   1.38000000000000        21.2466212349587     
   1.38500000000000        21.2475113529094     
   1.39000000000000        21.2483978521511     
   1.39500000000000        21.2492807463918     
   1.40000000000000        21.2501600493484     
   1.40500000000000        21.2510357747459     
   1.41000000000000        21.2519079363146     
   1.41500000000000        21.2527765477878     
   1.42000000000000        21.2536416229010     
   1.42500000000000        21.2545031753913     
   1.43000000000000        21.2553612189930     
   1.43500000000000        21.2562157674392     
   1.44000000000000        21.2570668344569     
   1.44500000000000        21.2579144337695     
   1.45000000000000        21.2587585790921     
   1.45500000000000        21.2595992841323     
   1.46000000000000        21.2604365625874     
   1.46500000000000        21.2612704275022     
   1.47000000000000        21.2621008980317     
   1.47500000000000        21.2629279784991     
   1.48000000000000        21.2637516872093     
   1.48500000000000        21.2645720376178     
   1.49000000000000        21.2653890433884     
   1.49500000000000        21.2662027180918     
   1.50000000000000        21.2670130753065     
   1.50500000000000        21.2678201285827     
   1.51000000000000        21.2686238908133     
   1.51500000000000        21.2694243768055     
   1.52000000000000        21.2702215994023     
   1.52500000000000        21.2710155720402     
   1.53000000000000        21.2718063075122     
   1.53500000000000        21.2725938205615     
   1.54000000000000        21.2733781239137     
   1.54500000000000        21.2741592309008     
   1.55000000000000        21.2749371548637     
   1.55500000000000        21.2757119091007     
   1.56000000000000        21.2764835068853     
   1.56500000000000        21.2772519614580     
   1.57000000000000        21.2780172860286     
   1.57500000000000        21.2787794979969     
   1.58000000000000        21.2795386017319     
   1.58500000000000        21.2802946150729     
   1.59000000000000        21.2810475509108     
   1.59500000000000        21.2817974223461     
   1.60000000000000        21.2825442423604     
   1.60500000000000        21.2832880239293     
   1.61000000000000        21.2840287799844     
   1.61500000000000        21.2847665234245     
   1.62000000000000        21.2855012671086     
   1.62500000000000        21.2862330238616     
   1.63000000000000        21.2869618064685     
   1.63500000000000        21.2876876276763     
   1.64000000000000        21.2884105001935     
   1.64500000000000        21.2891304366894     
   1.65000000000000        21.2898474497939     
   1.65500000000000        21.2905615520981     
   1.66000000000000        21.2912727561509     
   1.66500000000000        21.2919810744612     
   1.67000000000000        21.2926865194978     
   1.67500000000000        21.2933891036861     
   1.68000000000000        21.2940888394104     
   1.68500000000000        21.2947857390116     
   1.69000000000000        21.2954798147887     
   1.69500000000000        21.2961710832684     
   1.70000000000000        21.2968595477955     
   1.70500000000000        21.2975452253116     
   1.71000000000000        21.2982281277577     
   1.71500000000000        21.2989082672726     
   1.72000000000000        21.2995856558713     
   1.72500000000000        21.3002603055537     
   1.73000000000000        21.3009322282672     
   1.73500000000000        21.3016014359175     
   1.74000000000000        21.3022679403667     
   1.74500000000000        21.3029317534305     
   1.75000000000000        21.3035928868806     
   1.75500000000000        21.3042513524430     
   1.76000000000000        21.3049071617984     
   1.76500000000000        21.3055603265831     
   1.77000000000000        21.3062108626840     
   1.77500000000000        21.3068587727282     
   1.78000000000000        21.3075040730128     
   1.78500000000000        21.3081467748083     
   1.79000000000000        21.3087868895795     
   1.79500000000000        21.3094244286677     
   1.80000000000000        21.3100594077016     
   1.80500000000000        21.3106918290088     
   1.81000000000000        21.3113217086197     
   1.81500000000000        21.3119490568546     
   1.82000000000000        21.3125738862580     
   1.82500000000000        21.3131962072150     
   1.83000000000000        21.3138160307411     
   1.83500000000000        21.3144333678351     
   1.84000000000000        21.3150482294417     
   1.84500000000000        21.3156606264656     
   1.85000000000000        21.3162705697642     
   1.85500000000000        21.3168780701514     
   1.86000000000000        21.3174831376954     
   1.86500000000000        21.3180857845365     
   1.87000000000000        21.3186860206434     
   1.87500000000000        21.3192838566174     
   1.88000000000000        21.3198793030468     
   1.88500000000000        21.3204723704617     
   1.89000000000000        21.3210630686763     
   1.89500000000000        21.3216514094939     
   1.90000000000000        21.3222374019844     
   1.90500000000000        21.3228210577899     
   1.91000000000000        21.3234023865763     
   1.91500000000000        21.3239813985805     
   1.92000000000000        21.3245581040355     
   1.92500000000000        21.3251325131157     
   1.93000000000000        21.3257046359518     
   1.93500000000000        21.3262744826274     
   1.94000000000000        21.3268420631773     
   1.94500000000000        21.3274073875869     
   1.95000000000000        21.3279704651055     
   1.95500000000000        21.3285313070229     
   1.96000000000000        21.3290899224924     
   1.96500000000000        21.3296463212931     
   1.97000000000000        21.3302005131998     
   1.97500000000000        21.3307525079336     
   1.98000000000000        21.3313023151803     
   1.98500000000000        21.3318499445812     
   1.99000000000000        21.3323954101023     
   1.99500000000000        21.3329387122422     
   2.00000000000000        21.3334798653674     
   2.00500000000000        21.3340188787448     
   2.01000000000000        21.3345557618362     
   2.01500000000000        21.3350905239743     
   2.02000000000000        21.3356231744735     
   2.02500000000000        21.3361537225975     
   2.03000000000000        21.3366821775744     
   2.03500000000000        21.3372085485957     
   2.04000000000000        21.3377328448180     
   2.04500000000000        21.3382550753634     
   2.05000000000000        21.3387752493160     
   2.05500000000000        21.3392933757195     
   2.06000000000000        21.3398094635734     
   2.06500000000000        21.3403235218269     
   2.07000000000000        21.3408355593772     
   2.07500000000000        21.3413455843866     
   2.08000000000000        21.3418536070325     
   2.08500000000000        21.3423596353757     
   2.09000000000000        21.3428636780980     
   2.09500000000000        21.3433657438814     
   2.10000000000000        21.3438658413671     
   2.10500000000000        21.3443639791733     
   2.11000000000000        21.3448601658904     
   2.11500000000000        21.3453544093895     
   2.12000000000000        21.3458467195873     
   2.12500000000000        21.3463371042680     
   2.13000000000000        21.3468255718292     
   2.13500000000000        21.3473121306460     
   2.14000000000000        21.3477967890207     
   2.14500000000000        21.3482795552033     
   2.15000000000000        21.3487604373940     
   2.15500000000000        21.3492394437541     
   2.16000000000000        21.3497165817368     
   2.16500000000000        21.3501918608403     
   2.17000000000000        21.3506652884840     
   2.17500000000000        21.3511368727337     
   2.18000000000000        21.3516066216712     
   2.18500000000000        21.3520745477494     
   2.19000000000000        21.3525406498084     
   2.19500000000000        21.3530049406870     
   2.20000000000000        21.3534674280555     
   2.20500000000000        21.3539281197547     
   2.21000000000000        21.3543870234758     
   2.21500000000000        21.3548441468835     
   2.22000000000000        21.3552994975977     
   2.22500000000000        21.3557530832270     
   2.23000000000000        21.3562049113816     
   2.23500000000000        21.3566549896837     
   2.24000000000000        21.3571033250608     
   2.24500000000000        21.3575499265722     
   2.25000000000000        21.3579948055487     
   2.25500000000000        21.3584379647701     
   2.26000000000000        21.3588794074645     
   2.26500000000000        21.3593191457448     
   2.27000000000000        21.3597571867593     
   2.27500000000000        21.3601935377249     
   2.28000000000000        21.3606282057382     
   2.28500000000000        21.3610611978829     
   2.29000000000000        21.3614925212393     
   2.29500000000000        21.3619221829291     
   2.30000000000000        21.3623501901266     
   2.30500000000000        21.3627765500588     
   2.31000000000000        21.3632012699835     
   2.31500000000000        21.3636243571476     
   2.32000000000000        21.3640458187389     
   2.32500000000000        21.3644656618359     
   2.33000000000000        21.3648838933750     
   2.33500000000000        21.3653005201357     
   2.34000000000000        21.3657155487596     
   2.34500000000000        21.3661289857922     
   2.35000000000000        21.3665408377463     
   2.35500000000000        21.3669511111691     
   2.36000000000000        21.3673598127041     
   2.36500000000000        21.3677669484080     
   2.37000000000000        21.3681725310870     
   2.37500000000000        21.3685765577707     
   2.38000000000000        21.3689790403829     
   2.38500000000000        21.3693799856665     
   2.39000000000000        21.3697794004327     
   2.39500000000000        21.3701772911835     
   2.40000000000000        21.3705736641939     
   2.40500000000000        21.3709685255021     
   2.41000000000000        21.3713618810035     
   2.41500000000000        21.3717537410236     
   2.42000000000000        21.3721441022589     
   2.42500000000000        21.3725329802850     
   2.43000000000000        21.3729203765355     
   2.43500000000000        21.3733062934478     
   2.44000000000000        21.3736907426295     
   2.44500000000000        21.3740737308772     
   2.45000000000000        21.3744552650375     
   2.45500000000000        21.3748353516385     
   2.46000000000000        21.3752139968341     
   2.46500000000000        21.3755912063383     
   2.47000000000000        21.3759669854745     
   2.47500000000000        21.3763413393159     
   2.48000000000000        21.3767142728911     
   2.48500000000000        21.3770857914149     
   2.49000000000000        21.3774559004878     
   2.49500000000000        21.3778246062209     
   2.50000000000000        21.3781919152340     
   2.52500000000000        21.3785578345351     
   2.55000000000000        21.3803611627768     
   2.57500000000000        21.3821309749055     
   2.60000000000000        21.3838678859241     
   2.62500000000000        21.3855725515504     
   2.65000000000000        21.3872456245922     
   2.67500000000000        21.3888877349709     
   2.70000000000000        21.3904995060711     
   2.72500000000000        21.3920815549535     
   2.75000000000000        21.3936344820172     
   2.77500000000000        21.3951588719648     
   2.80000000000000        21.3966552981742     
   2.82500000000000        21.3981243215132     
   2.85000000000000        21.3995664889575     
   2.87500000000000        21.4009823349136     
   2.90000000000000        21.4023724009836     
   2.92500000000000        21.4037371589802     
   2.95000000000000        21.4050771286079     
   2.97500000000000        21.4063927976357     
   3.00000000000000        21.4076846401300     
   3.02500000000000        21.4089531286892     
   3.05000000000000        21.4101987161662     
   3.07500000000000        21.4114219831687     
   3.10000000000000        21.4126230882258     
   3.12500000000000        21.4138026031084     
   3.15000000000000        21.4149609455142     
   3.17500000000000        21.4160985229938     
   3.20000000000000        21.4172157345307     
   3.22500000000000        21.4183129706327     
   3.25000000000000        21.4193906135335     
   3.27500000000000        21.4204490373421     
   3.30000000000000        21.4214886082233     
   3.32500000000000        21.4225096845829     
   3.35000000000000        21.4235126172391     
   3.37500000000000        21.4244977496058     
   3.40000000000000        21.4254654178801     
   3.42500000000000        21.4264159511983     
   3.45000000000000        21.4273496718167     
   3.47500000000000        21.4282668952697     
   3.50000000000000        21.4291679305362     
   3.52500000000000        21.4300530801936     
   3.55000000000000        21.4309226373251     
   3.57500000000000        21.4317768988037     
   3.60000000000000        21.4326161454805     
   3.62500000000000        21.4334406557574     
   3.65000000000000        21.4342507024437     
   3.67500000000000        21.4350465527662     
   3.70000000000000        21.4358284685435     
   3.72500000000000        21.4365967062957     
   3.75000000000000        21.4373515173737     
   3.77500000000000        21.4380931449248     
   3.80000000000000        21.4388218367656     
   3.82500000000000        21.4395378261233     
   3.85000000000000        21.4402413447735     
   3.87500000000000        21.4409326199742     
   3.90000000000000        21.4416118744553     
   3.92500000000000        21.4422793265492     
   3.95000000000000        21.4429351902804     
   3.97500000000000        21.4435796754730     
   4.00000000000000        21.4442129878345     
   4.02500000000000        21.4448353290567     
   4.05000000000000        21.4454468968958     
   4.07500000000000        21.4460478852663     
   4.10000000000000        21.4466384843226     
   4.12500000000000        21.4472188805398     
   4.15000000000000        21.4477892763666     
   4.17500000000000        21.4483498107499     
   4.20000000000000        21.4489006808788     
   4.22500000000000        21.4494420591103     
   4.25000000000000        21.4499741146567     
   4.27500000000000        21.4504970134514     
   4.30000000000000        21.4510109183185     
   4.32500000000000        21.4515159889964     
   4.35000000000000        21.4520123822139     
   4.37500000000000        21.4525002517377     
   4.40000000000000        21.4529797484393     
   4.42500000000000        21.4534510203597     
   4.45000000000000        21.4539142127572     
   4.47500000000000        21.4543694681680     
   4.50000000000000        21.4548169264667     
   4.52500000000000        21.4552567249150     
   4.55000000000000        21.4556889982203     
   4.57500000000000        21.4561138785860     
   4.60000000000000        21.4565314957575     
   4.62500000000000        21.4569419770875     
   4.65000000000000        21.4573454475611     
   4.67500000000000        21.4577420298666     
   4.70000000000000        21.4581318412381     
   4.72500000000000        21.4585150064141     
   4.75000000000000        21.4588916380876     
   4.77500000000000        21.4592618501209     
   4.80000000000000        21.4596257543767     
   4.82500000000000        21.4599834574083     
   4.85000000000000        21.4603350736371     
   4.87500000000000        21.4606807054850     
   4.90000000000000        21.4610204568062     
   4.92500000000000        21.4613544264625     
   4.95000000000000        21.4616827211393     
   4.97500000000000        21.4620054358544     
   5.00000000000000        21.4623226671349     
   5.02500000000000        21.4626345098501     
   5.05000000000000        21.4629410571256     
   5.07500000000000        21.4632423971987     
   5.10000000000000        21.4635386233025     
   5.12500000000000        21.4638298267303     
   5.15000000000000        21.4641160907213     
   5.17500000000000        21.4643975003222     
   5.20000000000000        21.4646741391099     
   5.22500000000000        21.4649460891495     
   5.25000000000000        21.4652134310363     
   5.27500000000000        21.4654762439304     
   5.30000000000000        21.4657346055800     
   5.32500000000000        21.4659885923472     
   5.35000000000000        21.4662382792425     
   5.37500000000000        21.4664837399438     
   5.40000000000000        21.4667250468291     
   5.42500000000000        21.4669622709875     
   5.45000000000000        21.4671954822563     
   5.47500000000000        21.4674247492414     
   5.50000000000000        21.4676501393377     
   5.52500000000000        21.4678717187529     
   5.55000000000000        21.4680895525319     
   5.57500000000000        21.4683037012825     
   5.60000000000000        21.4685142345223     
   5.62500000000000        21.4687212104703     
   5.65000000000000        21.4689246896721     
   5.67500000000000        21.4691247316990     
   5.70000000000000        21.4693213950467     
   5.72500000000000        21.4695147371985     
   5.75000000000000        21.4697048146258     
   5.77500000000000        21.4698916828163     
   5.80000000000000        21.4700753930507     
   5.82500000000000        21.4702560055208     
   5.85000000000000        21.4704335694690     
   5.87500000000000        21.4706081365616     
   5.90000000000000        21.4707797576590     
   5.92500000000000        21.4709484827008     
   5.95000000000000        21.4711143607702     
   5.97500000000000        21.4712774369292     
   6.00000000000000        21.4714377650473     
   6.02500000000000        21.4715953883734     
   6.05000000000000        21.4717503526213     
   6.07500000000000        21.4719027027982     
   6.10000000000000        21.4720524831002     
   6.12500000000000        21.4721997369698     
   6.15000000000000        21.4723445270462     
   6.17500000000000        21.4724868541380     
   6.20000000000000        21.4726267810972     
   6.22500000000000        21.4727643482526     
   6.25000000000000        21.4728995953937     
   6.27500000000000        21.4730325615690     
   6.30000000000000        21.4731632852122     
   6.32500000000000        21.4732918040912     
   6.35000000000000        21.4734181553423     
   6.37500000000000        21.4735423754723     
   6.40000000000000        21.4736645003659     
   6.42500000000000        21.4737845652891     
   6.45000000000000        21.4739026049161     
   6.47500000000000        21.4740186533223     
   6.50000000000000        21.4741327440005     
   6.52500000000000        21.4742449098740     
   6.55000000000000        21.4743551833089     
   6.57500000000000        21.4744635961095     
   6.60000000000000        21.4745701795447     
   6.62500000000000        21.4746749610936     
   6.65000000000000        21.4747779776271     
   6.67500000000000        21.4748792554236     
   6.70000000000000        21.4749788236256     
   6.72500000000000        21.4750767109601     
   6.75000000000000        21.4751729456342     
   6.77500000000000        21.4752675553816     
   6.80000000000000        21.4753605674593     
   6.82500000000000        21.4754520086664     
   6.85000000000000        21.4755419253334     
   6.87500000000000        21.4756303021215     
   6.90000000000000        21.4757171861431     
   6.92500000000000        21.4758026022278     
   6.95000000000000        21.4758865749423     
   6.97500000000000        21.4759691283778     
   7.00000000000000        21.4760502862677     
   7.02500000000000        21.4761300719460     
   7.05000000000000        21.4762085083665     
   7.07500000000000        21.4762856180953     
   7.10000000000000        21.4763614233247     
   7.12500000000000        21.4764359458734     
   7.15000000000000        21.4765092071884     
   7.17500000000000        21.4765812250021     
   7.20000000000000        21.4766520269191     
   7.22500000000000        21.4767216298044     
   7.25000000000000        21.4767900536437     
   7.27500000000000        21.4768573181725     
   7.30000000000000        21.4769234427673     
   7.32500000000000        21.4769884464828     
   7.35000000000000        21.4770523480419     
   7.37500000000000        21.4771151658565     
   7.40000000000000        21.4771769180277     
   7.42500000000000        21.4772376223490     
   7.45000000000000        21.4772972963135     
   7.47500000000000        21.4773559571213     
   7.50000000000000        21.4774136216820     
   7.52500000000000        21.4774703066178     
   7.55000000000000        21.4775260282773     
   7.57500000000000        21.4775808027307     
   7.60000000000000        21.4776346457763     
   7.62500000000000        21.4776875729497     
   7.65000000000000        21.4777395995239     
   7.67500000000000        21.4777907372186     
   7.70000000000000        21.4778410075473     
   7.72500000000000        21.4778904184297     
   7.75000000000000        21.4779389905064     
   7.77500000000000        21.4779867345588     
   7.80000000000000        21.4780336643336     
   7.82500000000000        21.4780797934420     
   7.85000000000000        21.4781251352293     
   7.87500000000000        21.4781697028228     
   7.90000000000000        21.4782135091250     
   7.92500000000000        21.4782565668192     
   7.95000000000000        21.4782988883727     
   7.97500000000000        21.4783404860492     
   8.00000000000000        21.4783813919426     
   8.02500000000000        21.4784215765862     
   8.05000000000000        21.4784610733359     
   8.07500000000000        21.4784998934630     
   8.10000000000000        21.4785380482043     
   8.12500000000000        21.4785755452965     
   8.15000000000000        21.4786124022555     
   8.17500000000000        21.4786486263503     
   8.20000000000000        21.4786842280389     
   8.22500000000000        21.4787192176984     
   8.25000000000000        21.4787536055062     
   8.27500000000000        21.4787874014736     
   8.30000000000000        21.4788206154446     
   8.32500000000000        21.4788532571003     
   8.35000000000000        21.4788854779294     
   8.37500000000000        21.4789169953469     
   8.40000000000000        21.4789479703317     
   8.42500000000000        21.4789784122468     
   8.45000000000000        21.4790083292789     
   8.47500000000000        21.4790377297171     
   8.50000000000000        21.4790666218501     
   8.52500000000000        21.4790950139321     
   8.55000000000000        21.4791229141468     
   8.57500000000000        21.4791503305800     
   8.60000000000000        21.4791772712160     
   8.62500000000000        21.4792037405872     
   8.65000000000000        21.4792297532518     
   8.67500000000000        21.4792553133434     
   8.70000000000000        21.4792804283119     
   8.72500000000000        21.4793051055754     
   8.75000000000000        21.4793293523988     
   8.77500000000000        21.4793531759366     
   8.80000000000000        21.4793765832143     
   8.82500000000000        21.4793995811487     
   8.85000000000000        21.4794221965959     
   8.87500000000000        21.4794443948858     
   8.90000000000000        21.4794662043137     
   8.92500000000000        21.4794876311529     
   8.95000000000000        21.4795086817334     
   8.97500000000000        21.4795293590046     
   9.00000000000000        21.4795496756541     
   9.02500000000000        21.4795696343258     
   9.05000000000000        21.4795892408961     
   9.07500000000000        21.4796085012301     
   9.10000000000000        21.4796274210709     
   9.12500000000000        21.4796460060703     
   9.15000000000000        21.4796642617869     
   9.17500000000000        21.4796821936872     
   9.20000000000000        21.4796998071422     
   9.22500000000000        21.4797171074385     
   9.25000000000000        21.4797340964783     
   9.27500000000000        21.4797507861115     
   9.30000000000000        21.4797671779117     
   9.32500000000000        21.4797832767643     
   9.35000000000000        21.4797990875671     
   9.37500000000000        21.4798146151042     
   9.40000000000000        21.4798298607624     
   9.42500000000000        21.4798448359543     
   9.45000000000000        21.4798595417498     
   9.47500000000000        21.4798739825677     
   9.50000000000000        21.4798881628388     
   9.52500000000000        21.4799020868866     
   9.55000000000000        21.4799157589726     
   9.57500000000000        21.4799291832805     
   9.60000000000000        21.4799423639204     
   9.62500000000000        21.4799553049414     
   9.65000000000000        21.4799680103142     
   9.67500000000000        21.4799804839482     
   9.70000000000000        21.4799927497587     
   9.72500000000000        21.4800047701522     
   9.75000000000000        21.4800165705743     
   9.77500000000000        21.4800281544920     
   9.80000000000000        21.4800395221852     
   9.82500000000000        21.4800506838292     
   9.85000000000000        21.4800616361490     
   9.87500000000000        21.4800723891615     
   9.90000000000000        21.4800829428219     
   9.92500000000000        21.4800933003772     
   9.95000000000000        21.4801034851821     
   9.97500000000000        21.4801134590569     
   10.0000000000000        21.4801232468844     
   10.0250000000000        21.4801328716426     
   10.0500000000000        21.4801422949681     
   10.0750000000000        21.4801515414993     
   10.1000000000000        21.4801606139487     
   10.1250000000000        21.4801695151518     
   10.1500000000000        21.4801782478482     
   10.1750000000000        21.4801868147833     
   10.2000000000000        21.4801952186703     
   10.2250000000000        21.4802034621886     
   10.2500000000000        21.4802115479806     
   10.2750000000000        21.4802194786491     
   10.3000000000000        21.4802272567602     
   10.3250000000000        21.4802348848330     
   10.3500000000000        21.4802423653506     
   10.3750000000000        21.4802497007552     
   10.4000000000000        21.4802568934486     
   10.4250000000000        21.4802639457965     
   10.4500000000000        21.4802708601249     
   10.4750000000000        21.4802776387167     
   10.5000000000000        21.4802842838210     
   10.5250000000000        21.4802908177252     
   10.5500000000000        21.4802972012199     
   10.5750000000000        21.4803034782590     
   10.6000000000000        21.4803096093646     
   10.6250000000000        21.4803156183183     
   10.6500000000000        21.4803215068775     
   10.6750000000000        21.4803272769828     
   10.7000000000000        21.4803329304824     
   10.7250000000000        21.4803384660430     
   10.7500000000000        21.4803440343324     
   10.7750000000000        21.4803493413796     
   10.8000000000000        21.4803545409772     
   10.8250000000000        21.4803596352729     
   10.8500000000000        21.4803646253290     
   10.8750000000000        21.4803695124402     
   10.9000000000000        21.4803743180885     
   10.9250000000000        21.4803789990527     
   10.9500000000000        21.4803835853950     
   10.9750000000000        21.4803880749905     
   11.0000000000000        21.4803924693060     
   11.0250000000000        21.4803967899073     
   11.0500000000000        21.4804009968989     
   11.0750000000000        21.4804051135072     
   11.1000000000000        21.4804091410157     
   11.1250000000000        21.4804130808625     
   11.1500000000000        21.4804169343971     
   11.1750000000000        21.4804207030074     
   11.2000000000000        21.4804243880649     
   11.2250000000000        21.4804279909258     
   11.2500000000000        21.4804315129379     
   11.2750000000000        21.4804349554329     
   11.3000000000000        21.4804383197166     
   11.3250000000000        21.4804416070792     
   11.3500000000000        21.4804448187892     
   11.3750000000000        21.4804479561020     
   11.4000000000000        21.4804510202429     
   11.4250000000000        21.4804540325054     
   11.4500000000000        21.4804569526839     
   11.4750000000000        21.4804598036940     
   11.5000000000000        21.4804625864966     
   11.5250000000000        21.4804653021992     
   11.5500000000000        21.4804679518280     
   11.5750000000000        21.4804705331780     
   11.6000000000000        21.4804730539816     
   11.6250000000000        21.4804755118573     
   11.6500000000000        21.4804779077830     
   11.6750000000000        21.4804802428093     
   11.7000000000000        21.4804825179442     
   11.7250000000000        21.4804847341846     
   11.7500000000000        21.4804868925038     
   11.7750000000000        21.4804889938625     
   11.8000000000000        21.4804910392075     
   11.8250000000000        21.4804930294630     
   11.8500000000000        21.4804949655441     
   11.8750000000000        21.4804968483485     
   11.9000000000000        21.4804986755076     
   11.9250000000000        21.4805004513086     
   11.9500000000000        21.4805021798072     
   11.9750000000000        21.4805038584016     
   12.0000000000000        21.4805054879038     
   12.0250000000000        21.4805070892444     
   12.0500000000000        21.4805086218363     
   12.0750000000000        21.4805101082182     
   12.1000000000000        21.4805115489810     
   12.1250000000000        21.4805129448610     
   12.1500000000000        21.4805142965216     
   12.1750000000000        21.4805156046602     
   12.2000000000000        21.4805168699751     
   12.2250000000000        21.4805180931601     
   12.2500000000000        21.4805192748997     
   12.2750000000000        21.4805204158747     
   12.3000000000000        21.4805215167522     
   12.3250000000000        21.4805225781953     
   12.3500000000000        21.4805236008502     
   12.3750000000000        21.4805245853596     
   12.4000000000000        21.4805255323531     
   12.4250000000000        21.4805264424530     
   12.4500000000000        21.4805273162696     
   12.4750000000000        21.4805281543996     
   12.5000000000000        21.4805289574361     
