  5.000000000000000E-003  7.500004520198824E+019
  1.000000000000000E-002  7.500009092846056E+019
  1.500000000000000E-002  7.500013646458682E+019
  2.000000000000000E-002  7.500018149901733E+019
  2.500000000000000E-002  7.500022594984881E+019
  3.000000000000000E-002  7.500026981930587E+019
  3.500000000000000E-002  7.500031314229028E+019
  4.000000000000000E-002  7.500035596397076E+019
  4.500000000000000E-002  7.500039833118389E+019
  5.000000000000000E-002  7.500044028849589E+019
  5.500000000000000E-002  7.500048187680878E+019
  6.000000000000000E-002  7.500052313293572E+019
  6.500000000000000E-002  7.500056408978217E+019
  7.000000000000001E-002  7.500060487157518E+019
  7.500000000000000E-002  7.500064531512807E+019
  8.000000000000000E-002  7.500068553660927E+019
  8.500000000000001E-002  7.500072555788504E+019
  9.000000000000000E-002  7.500076539676107E+019
  9.500000000000000E-002  7.500080506949460E+019
  0.100000000000000       7.500084459047425E+019
  0.105000000000000       7.500088406588051E+019
  0.110000000000000       7.500092332160539E+019
  0.115000000000000       7.500096245961610E+019
  0.120000000000000       7.500100149048148E+019
  0.125000000000000       7.500104051446779E+019
  0.130000000000000       7.500107935554871E+019
  0.135000000000000       7.500111811124027E+019
  0.140000000000000       7.500115678897976E+019
  0.145000000000000       7.500119483811281E+019
  0.150000000000000       7.500123283234043E+019
  0.155000000000000       7.500127131472991E+019
  0.160000000000000       7.500130972892751E+019
  0.165000000000000       7.500134753973004E+019
  0.170000000000000       7.500138586188584E+019
  0.175000000000000       7.500142412211016E+019
  0.180000000000000       7.500146234268793E+019
  0.185000000000000       7.500150051994642E+019
  0.190000000000000       7.500153865877435E+019
  0.195000000000000       7.500157676066864E+019
  0.200000000000000       7.500161482811523E+019
  0.205000000000000       7.500165286309526E+019
  0.210000000000000       7.500169032078048E+019
  0.215000000000000       7.500172830748308E+019
  0.220000000000000       7.500176625232134E+019
  0.225000000000000       7.500180417645928E+019
  0.230000000000000       7.500184207475568E+019
  0.235000000000000       7.500187995071508E+019
  0.240000000000000       7.500191780493304E+019
  0.245000000000000       7.500195563872489E+019
  0.250000000000000       7.500199345309766E+019
  0.255000000000000       7.500203124912647E+019
  0.260000000000000       7.500206902776629E+019
  0.265000000000000       7.500210687802882E+019
  0.270000000000000       7.500214462515041E+019
  0.275000000000000       7.500218235651500E+019
  0.280000000000000       7.500222016217645E+019
  0.285000000000000       7.500225786692605E+019
  0.290000000000000       7.500229555802510E+019
  0.295000000000000       7.500233323732415E+019
  0.300000000000000       7.500237090508107E+019
  0.305000000000000       7.500240856184975E+019
  0.310000000000000       7.500244620823606E+019
  0.315000000000000       7.500248384473557E+019
  0.320000000000000       7.500252147176419E+019
  0.325000000000000       7.500255908988009E+019
  0.330000000000000       7.500259669948755E+019
  0.335000000000000       7.500263430102180E+019
  0.340000000000000       7.500267189488717E+019
  0.345000000000000       7.500270948142396E+019
  0.350000000000000       7.500274330918317E+019
  0.355000000000000       7.500278086761392E+019
  0.360000000000000       7.500281843920455E+019
  0.365000000000000       7.500285599842311E+019
  0.370000000000000       7.500289355398819E+019
  0.375000000000000       7.500293110345553E+019
  0.380000000000000       7.500296864814612E+019
  0.385000000000000       7.500300618786588E+019
  0.390000000000000       7.500304372302163E+019
  0.395000000000000       7.500308125373697E+019
  0.400000000000000       7.500311878045920E+019
  0.405000000000000       7.500315630326974E+019
  0.410000000000000       7.500319382240438E+019
  0.415000000000000       7.500323133806810E+019
  0.420000000000000       7.500326885041109E+019
  0.425000000000000       7.500330635970594E+019
  0.430000000000000       7.500334386607917E+019
  0.435000000000000       7.500338136979007E+019
  0.440000000000000       7.500341887089964E+019
  0.445000000000000       7.500345636968124E+019
  0.450000000000000       7.500349386613041E+019
  0.455000000000000       7.500353136053438E+019
  0.460000000000000       7.500356885298843E+019
  0.465000000000000       7.500360634368554E+019
  0.470000000000000       7.500364383273121E+019
  0.475000000000000       7.500368132022356E+019
  0.480000000000000       7.500371880631196E+019
  0.485000000000000       7.500375629110723E+019
  0.490000000000000       7.500379377472707E+019
  0.495000000000000       7.500383125729195E+019
  0.500000000000000       7.500386873890659E+019
  0.505000000000000       7.500390621968626E+019
  0.510000000000000       7.500394369969108E+019
  0.515000000000000       7.500398117904902E+019
  0.520000000000000       7.500401865788804E+019
  0.525000000000000       7.500405622240874E+019
  0.530000000000000       7.500409370114893E+019
  0.535000000000000       7.500413117863808E+019
  0.540000000000000       7.500416865627031E+019
  0.545000000000000       7.500420613370562E+019
  0.550000000000000       7.500424361107969E+019
  0.555000000000000       7.500428117601444E+019
  0.560000000000000       7.500431865426739E+019
  0.565000000000000       7.500435613181700E+019
  0.570000000000000       7.500439360983291E+019
  0.575000000000000       7.500443108811160E+019
  0.580000000000000       7.500446856678991E+019
  0.585000000000000       7.500450604586951E+019
  0.590000000000000       7.500454361263971E+019
  0.595000000000000       7.500458109348217E+019
  0.600000000000000       7.500461857401743E+019
  0.605000000000000       7.500465605553429E+019
  0.610000000000000       7.500469353765323E+019
  0.615000000000000       7.500473102060329E+019
  0.620000000000000       7.500476850432690E+019
  0.625000000000000       7.500480607442235E+019
  0.630000000000000       7.500484356055589E+019
  0.635000000000000       7.500488104674250E+019
  0.640000000000000       7.500491853425707E+019
  0.645000000000000       7.500495602269428E+019
  0.650000000000000       7.500499351222487E+019
  0.655000000000000       7.500503046398553E+019
  0.660000000000000       7.500506796645192E+019
  0.665000000000000       7.500510545585678E+019
  0.670000000000000       7.500514295123300E+019
  0.675000000000000       7.500518044630008E+019
  0.680000000000000       7.500521794309938E+019
  0.685000000000000       7.500525544107771E+019
  0.690000000000000       7.500529302713064E+019
  0.695000000000000       7.500533052851610E+019
  0.700000000000000       7.500536803042909E+019
  0.705000000000000       7.500540553407132E+019
  0.710000000000000       7.500544303905045E+019
  0.715000000000000       7.500548054559307E+019
  0.720000000000000       7.500551805356381E+019
  0.725000000000000       7.500555556311443E+019
  0.730000000000000       7.500559307417154E+019
  0.735000000000000       7.500563067541783E+019
  0.740000000000000       7.500566819025564E+019
  0.745000000000000       7.500570570588419E+019
  0.750000000000000       7.500574322345543E+019
  0.755000000000000       7.500578074251554E+019
  0.760000000000000       7.500581826330393E+019
  0.765000000000000       7.500585578573201E+019
  0.770000000000000       7.500589330985551E+019
  0.775000000000000       7.500593083573223E+019
  0.780000000000000       7.500596836336330E+019
  0.785000000000000       7.500600589268848E+019
  0.790000000000000       7.500604342383313E+019
  0.795000000000000       7.500608041718252E+019
  0.800000000000000       7.500611796257184E+019
  0.805000000000000       7.500615549539099E+019
  0.810000000000000       7.500619303482455E+019
  0.815000000000000       7.500623057448390E+019
  0.820000000000000       7.500626811647584E+019
  0.825000000000000       7.500630512050600E+019
  0.830000000000000       7.500634267682354E+019
  0.835000000000000       7.500638022062462E+019
  0.840000000000000       7.500641785823884E+019
  0.845000000000000       7.500645540963348E+019
  0.850000000000000       7.500649296247272E+019
  0.855000000000000       7.500653051741844E+019
  0.860000000000000       7.500656807417468E+019
  0.865000000000000       7.500660563281925E+019
  0.870000000000000       7.500664319343970E+019
  0.875000000000000       7.500668084537698E+019
  0.880000000000000       7.500671841048891E+019
  0.885000000000000       7.500675597652528E+019
  0.890000000000000       7.500679354485036E+019
  0.895000000000000       7.500683111497107E+019
  0.900000000000000       7.500686868707808E+019
  0.905000000000000       7.500690626113892E+019
  0.910000000000000       7.500694383712217E+019
  0.915000000000000       7.500698141503087E+019
  0.920000000000000       7.500701908016520E+019
  0.925000000000000       7.500705666264919E+019
  0.930000000000000       7.500709424611477E+019
  0.935000000000000       7.500713183184154E+019
  0.940000000000000       7.500716941937872E+019
  0.945000000000000       7.500720700893410E+019
  0.950000000000000       7.500724460039832E+019
  0.955000000000000       7.500728219383020E+019
  0.960000000000000       7.500731978923426E+019
  0.965000000000000       7.500735747325523E+019
  0.970000000000000       7.500739507323735E+019
  0.975000000000000       7.500743267420614E+019
  0.980000000000000       7.500747027744730E+019
  0.985000000000000       7.500750788252089E+019
  0.990000000000000       7.500754548954813E+019
  0.995000000000000       7.500758309855920E+019
   1.00000000000000       7.500762070944224E+019
   1.00500000000000       7.500765832232062E+019
   1.01000000000000       7.500769593711272E+019
   1.01500000000000       7.500773364462844E+019
   1.02000000000000       7.500777126400990E+019
   1.02500000000000       7.500780897292013E+019
   1.03000000000000       7.500784659623916E+019
   1.03500000000000       7.500788422046009E+019
   1.04000000000000       7.500792184692010E+019
   1.04500000000000       7.500795947515707E+019
   1.05000000000000       7.500799710534204E+019
   1.05500000000000       7.500803482651981E+019
   1.06000000000000       7.500807246126046E+019
   1.06500000000000       7.500811009689580E+019
   1.07000000000000       7.500814773479966E+019
   1.07500000000000       7.500818537444152E+019
   1.08000000000000       7.500822247497074E+019
   1.08500000000000       7.500826012918070E+019
   1.09000000000000       7.500829777092847E+019
   1.09500000000000       7.500833541943114E+019
   1.10000000000000       7.500837306811733E+019
   1.10500000000000       7.500841071922864E+019
   1.11000000000000       7.500844837198088E+019
   1.11500000000000       7.500848611574250E+019
   1.12000000000000       7.500852377297546E+019
   1.12500000000000       7.500856143112485E+019
   1.13000000000000       7.500859909140121E+019
   1.13500000000000       7.500863675341958E+019
   1.14000000000000       7.500867441726616E+019
   1.14500000000000       7.500871208305313E+019
   1.15000000000000       7.500874975060754E+019
   1.15500000000000       7.500878741996008E+019
   1.16000000000000       7.500882509109056E+019
   1.16500000000000       7.500886276409844E+019
   1.17000000000000       7.500890043891081E+019
   1.17500000000000       7.500893811553051E+019
   1.18000000000000       7.500897579385011E+019
   1.18500000000000       7.500901347399606E+019
   1.19000000000000       7.500905115588674E+019
   1.19500000000000       7.500908883957588E+019
   1.20000000000000       7.500912652505349E+019
   1.20500000000000       7.500916421221861E+019
   1.21000000000000       7.500919813855008E+019
   1.21500000000000       7.500923581493409E+019
   1.22000000000000       7.500927351216711E+019
   1.22500000000000       7.500931120472654E+019
   1.23000000000000       7.500934898811250E+019
   1.23500000000000       7.500938668625943E+019
   1.24000000000000       7.500942438542428E+019
   1.24500000000000       7.500946208650374E+019
   1.25000000000000       7.500949978922575E+019
   1.25500000000000       7.500953749365837E+019
   1.26000000000000       7.500957519976818E+019
   1.26500000000000       7.500961290760697E+019
   1.27000000000000       7.500965061710257E+019
   1.27500000000000       7.500968832826701E+019
   1.28000000000000       7.500972604111715E+019
   1.28500000000000       7.500976375554738E+019
   1.29000000000000       7.500980147167360E+019
   1.29500000000000       7.500983918947356E+019
   1.30000000000000       7.500987690892314E+019
   1.30500000000000       7.500991462993466E+019
   1.31000000000000       7.500995235261497E+019
   1.31500000000000       7.500999007689766E+019
   1.32000000000000       7.501002780271927E+019
   1.32500000000000       7.501006553026067E+019
   1.33000000000000       7.501010325935012E+019
   1.33500000000000       7.501014099000059E+019
   1.34000000000000       7.501017872223812E+019
   1.34500000000000       7.501021645610711E+019
   1.35000000000000       7.501025419150202E+019
   1.35500000000000       7.501029192840398E+019
   1.36000000000000       7.501032966692089E+019
   1.36500000000000       7.501036740702264E+019
   1.37000000000000       7.501040514863368E+019
   1.37500000000000       7.501044289174933E+019
   1.38000000000000       7.501048063643222E+019
   1.38500000000000       7.501051838258512E+019
   1.39000000000000       7.501055613023176E+019
   1.39500000000000       7.501059387942919E+019
   1.40000000000000       7.501063163011860E+019
   1.40500000000000       7.501066938228246E+019
   1.41000000000000       7.501070713595050E+019
   1.41500000000000       7.501074489115953E+019
   1.42000000000000       7.501078264775619E+019
   1.42500000000000       7.501082040586134E+019
   1.43000000000000       7.501085816534652E+019
   1.43500000000000       7.501089592636042E+019
   1.44000000000000       7.501093368878758E+019
   1.44500000000000       7.501097145271458E+019
   1.45000000000000       7.501100921804333E+019
   1.45500000000000       7.501104698482267E+019
   1.46000000000000       7.501108484061852E+019
   1.46500000000000       7.501112206789719E+019
   1.47000000000000       7.501115984937701E+019
   1.47500000000000       7.501119761830398E+019
   1.48000000000000       7.501123539326968E+019
   1.48500000000000       7.501127316812829E+019
   1.49000000000000       7.501131094490744E+019
   1.49500000000000       7.501134872285890E+019
   1.50000000000000       7.501138650216283E+019
   1.50500000000000       7.501142436955554E+019
   1.51000000000000       7.501146215224068E+019
   1.51500000000000       7.501149993541080E+019
   1.52000000000000       7.501153772026659E+019
   1.52500000000000       7.501157559528628E+019
   1.53000000000000       7.501161338339856E+019
   1.53500000000000       7.501165117186990E+019
   1.54000000000000       7.501168896196259E+019
   1.54500000000000       7.501172675323527E+019
   1.55000000000000       7.501176454590530E+019
   1.55500000000000       7.501180233984082E+019
   1.56000000000000       7.501184013508675E+019
   1.56500000000000       7.501187793163534E+019
   1.57000000000000       7.501191518617161E+019
   1.57500000000000       7.501195299591068E+019
   1.58000000000000       7.501199079262875E+019
   1.58500000000000       7.501202859552442E+019
   1.59000000000000       7.501206639792995E+019
   1.59500000000000       7.501210420213157E+019
   1.60000000000000       7.501214200742778E+019
   1.60500000000000       7.501217981401704E+019
   1.61000000000000       7.501221762176618E+019
   1.61500000000000       7.501225543083588E+019
   1.62000000000000       7.501229324106387E+019
   1.62500000000000       7.501233105246976E+019
   1.63000000000000       7.501236886510007E+019
   1.63500000000000       7.501240667891959E+019
   1.64000000000000       7.501244449397249E+019
   1.64500000000000       7.501248231025558E+019
   1.65000000000000       7.501252012764314E+019
   1.65500000000000       7.501255794622264E+019
   1.66000000000000       7.501259576603360E+019
   1.66500000000000       7.501263358692606E+019
   1.67000000000000       7.501267140899209E+019
   1.67500000000000       7.501270923215466E+019
   1.68000000000000       7.501274705652425E+019
   1.68500000000000       7.501278488208294E+019
   1.69000000000000       7.501282216499813E+019
   1.69500000000000       7.501286000343635E+019
   1.70000000000000       7.501289782875944E+019
   1.70500000000000       7.501293565996053E+019
   1.71000000000000       7.501297349070003E+019
   1.71500000000000       7.501301132306142E+019
   1.72000000000000       7.501304915635146E+019
   1.72500000000000       7.501308699077914E+019
   1.73000000000000       7.501312482633689E+019
   1.73500000000000       7.501316266291169E+019
   1.74000000000000       7.501320050061856E+019
   1.74500000000000       7.501323833937805E+019
   1.75000000000000       7.501327617919294E+019
   1.75500000000000       7.501331402009202E+019
   1.76000000000000       7.501335186201977E+019
   1.76500000000000       7.501338916109910E+019
   1.77000000000000       7.501342701580606E+019
   1.77500000000000       7.501346485731077E+019
   1.78000000000000       7.501350270456445E+019
   1.78500000000000       7.501354055133949E+019
   1.79000000000000       7.501357839961281E+019
   1.79500000000000       7.501361570472521E+019
   1.80000000000000       7.501365356562060E+019
   1.80500000000000       7.501369141330153E+019
   1.81000000000000       7.501372935501577E+019
   1.81500000000000       7.501376720856867E+019
   1.82000000000000       7.501380506268639E+019
   1.82500000000000       7.501384291792685E+019
   1.83000000000000       7.501388077412160E+019
   1.83500000000000       7.501391863133033E+019
   1.84000000000000       7.501395648943802E+019
   1.84500000000000       7.501399434855070E+019
   1.85000000000000       7.501403220862180E+019
   1.85500000000000       7.501407016157862E+019
   1.86000000000000       7.501410802427101E+019
   1.86500000000000       7.501414588701270E+019
   1.87000000000000       7.501418375098594E+019
   1.87500000000000       7.501422161582979E+019
   1.88000000000000       7.501425948162307E+019
   1.88500000000000       7.501429743647223E+019
   1.89000000000000       7.501433530481141E+019
   1.89500000000000       7.501437325815587E+019
   1.90000000000000       7.501441112836171E+019
   1.90500000000000       7.501444899845854E+019
   1.91000000000000       7.501448686984087E+019
   1.91500000000000       7.501452474201221E+019
   1.92000000000000       7.501456261508060E+019
   1.92500000000000       7.501460048909672E+019
   1.93000000000000       7.501463836397324E+019
   1.93500000000000       7.501467623966155E+019
   1.94000000000000       7.501471411626276E+019
   1.94500000000000       7.501475208373351E+019
   1.95000000000000       7.501478996278190E+019
   1.95500000000000       7.501482784180578E+019
   1.96000000000000       7.501486572204052E+019
   1.96500000000000       7.501490360298381E+019
   1.97000000000000       7.501494148481779E+019
   1.97500000000000       7.501497936743839E+019
   1.98000000000000       7.501501725094679E+019
   1.98500000000000       7.501505459076561E+019
   1.99000000000000       7.501509248664029E+019
   1.99500000000000       7.501513036904273E+019
   2.00000000000000       7.501516825710137E+019
   2.00500000000000       7.501520614446198E+019
   2.01000000000000       7.501524403312234E+019
   2.01500000000000       7.501528192242378E+019
   2.02000000000000       7.501531981258061E+019
   2.02500000000000       7.501535770353843E+019
   2.03000000000000       7.501539559523960E+019
   2.03500000000000       7.501543348771842E+019
   2.04000000000000       7.501547138095827E+019
   2.04500000000000       7.501550927499811E+019
   2.05000000000000       7.501554716992697E+019
   2.05500000000000       7.501558506560571E+019
   2.06000000000000       7.501562296207280E+019
   2.06500000000000       7.501566085934537E+019
   2.07000000000000       7.501569884568473E+019
   2.07500000000000       7.501573674518936E+019
   2.08000000000000       7.501577464455255E+019
   2.08500000000000       7.501581254492037E+019
   2.09000000000000       7.501585044593423E+019
   2.09500000000000       7.501588834773554E+019
   2.10000000000000       7.501592625025342E+019
   2.10500000000000       7.501596415350823E+019
   2.11000000000000       7.501600214636867E+019
   2.11500000000000       7.501604005184958E+019
   2.12000000000000       7.501607795713824E+019
   2.12500000000000       7.501611586351984E+019
   2.13000000000000       7.501615377049883E+019
   2.13500000000000       7.501619167825643E+019
   2.14000000000000       7.501622958674033E+019
   2.14500000000000       7.501626749591876E+019
   2.15000000000000       7.501630540582180E+019
   2.15500000000000       7.501634340414415E+019
   2.16000000000000       7.501638131608551E+019
   2.16500000000000       7.501641922778027E+019
   2.17000000000000       7.501645714049185E+019
   2.17500000000000       7.501649505368941E+019
   2.18000000000000       7.501653242273936E+019
   2.18500000000000       7.501657034811697E+019
   2.19000000000000       7.501660825997051E+019
   2.19500000000000       7.501664617731061E+019
   2.20000000000000       7.501668409381257E+019
   2.20500000000000       7.501672201153454E+019
   2.21000000000000       7.501675992968983E+019
   2.21500000000000       7.501679784855375E+019
   2.22000000000000       7.501683576801008E+019
   2.22500000000000       7.501687368805853E+019
   2.23000000000000       7.501691160870322E+019
   2.23500000000000       7.501694962037978E+019
   2.24000000000000       7.501698754304316E+019
   2.24500000000000       7.501702492040992E+019
   2.25000000000000       7.501706230965015E+019
   2.25500000000000       7.501710024085686E+019
   2.26000000000000       7.501713816329614E+019
   2.26500000000000       7.501717608955134E+019
   2.27000000000000       7.501721401542450E+019
   2.27500000000000       7.501725194227643E+019
   2.28000000000000       7.501728986949255E+019
   2.28500000000000       7.501732779735959E+019
   2.29000000000000       7.501736572568945E+019
   2.29500000000000       7.501740365456061E+019
   2.30000000000000       7.501744158396470E+019
   2.30500000000000       7.501747951397364E+019
   2.31000000000000       7.501751744468681E+019
   2.31500000000000       7.501755537607605E+019
   2.32000000000000       7.501759330824921E+019
   2.32500000000000       7.501763124113523E+019
   2.33000000000000       7.501766917474637E+019
   2.33500000000000       7.501770710902043E+019
   2.34000000000000       7.501774504386265E+019
   2.34500000000000       7.501778297914522E+019
   2.35000000000000       7.501782091487062E+019
   2.35500000000000       7.501785885095269E+019
   2.36000000000000       7.501789687836842E+019
   2.36500000000000       7.501793427049787E+019
   2.37000000000000       7.501797221844437E+019
   2.37500000000000       7.501801015310731E+019
   2.38000000000000       7.501804809316627E+019
   2.38500000000000       7.501808603252436E+019
   2.39000000000000       7.501812397324637E+019
   2.39500000000000       7.501816191452416E+019
   2.40000000000000       7.501819985665216E+019
   2.40500000000000       7.501823779918176E+019
   2.41000000000000       7.501827519668091E+019
   2.41500000000000       7.501831315049010E+019
   2.42000000000000       7.501835054469125E+019
   2.42500000000000       7.501838795493156E+019
   2.43000000000000       7.501842590542748E+019
   2.43500000000000       7.501846384745302E+019
   2.44000000000000       7.501850179317611E+019
   2.44500000000000       7.501853973883778E+019
   2.45000000000000       7.501857768581494E+019
   2.45500000000000       7.501861563382664E+019
   2.46000000000000       7.501865358273005E+019
   2.46500000000000       7.501869153241722E+019
   2.47000000000000       7.501872948253880E+019
   2.47500000000000       7.501876743280122E+019
   2.48000000000000       7.501880538293540E+019
   2.48500000000000       7.501884333292151E+019
   2.49000000000000       7.501888128268901E+019
   2.49500000000000       7.501891923261256E+019
   2.50000000000000       7.501895718290370E+019
   2.52500000000000       7.501914694143699E+019
   2.55000000000000       7.501933671748408E+019
   2.57500000000000       7.501952650214905E+019
   2.60000000000000       7.501971629854922E+019
   2.62500000000000       7.501990610837021E+019
   2.65000000000000       7.502009592959417E+019
   2.67500000000000       7.502028576107681E+019
   2.70000000000000       7.502047560375711E+019
   2.72500000000000       7.502066545718783E+019
   2.75000000000000       7.502085532086780E+019
   2.77500000000000       7.502104519454335E+019
   2.80000000000000       7.502123507840857E+019
   2.82500000000000       7.502142497184427E+019
   2.85000000000000       7.502161487482179E+019
   2.87500000000000       7.502180209036609E+019
   2.90000000000000       7.502199202160206E+019
   2.92500000000000       7.502218194874647E+019
   2.95000000000000       7.502237188901711E+019
   2.97500000000000       7.502256227735269E+019
   3.00000000000000       7.502275223485284E+019
   3.02500000000000       7.502294219891979E+019
   3.05000000000000       7.502311315350153E+019
   3.07500000000000       7.502330312241209E+019
   3.10000000000000       7.502349311417208E+019
   3.12500000000000       7.502368310847205E+019
   3.15000000000000       7.502387311232311E+019
   3.17500000000000       7.502406312254387E+019
   3.20000000000000       7.502425314022600E+019
   3.22500000000000       7.502444316479337E+019
   3.25000000000000       7.502463319641163E+019
   3.27500000000000       7.502482323502680E+019
   3.30000000000000       7.502501327996520E+019
   3.32500000000000       7.502520333139529E+019
   3.35000000000000       7.502539338965262E+019
   3.37500000000000       7.502558345388440E+019
   3.40000000000000       7.502577352427846E+019
   3.42500000000000       7.502596360054224E+019
   3.45000000000000       7.502615368283711E+019
   3.47500000000000       7.502634377087790E+019
   3.50000000000000       7.502653386445428E+019
   3.52500000000000       7.502672442591561E+019
   3.55000000000000       7.502691453196567E+019
   3.57500000000000       7.502710464188816E+019
   3.60000000000000       7.502729475780439E+019
   3.62500000000000       7.502748487856810E+019
   3.65000000000000       7.502767500481647E+019
   3.67500000000000       7.502786513613994E+019
   3.70000000000000       7.502805527242375E+019
   3.72500000000000       7.502824541338739E+019
   3.75000000000000       7.502843600539181E+019
   3.77500000000000       7.502862615715183E+019
   3.80000000000000       7.502881631176525E+019
   3.82500000000000       7.502900647160024E+019
   3.85000000000000       7.502919663595497E+019
   3.87500000000000       7.502938680463807E+019
   3.90000000000000       7.502957697749131E+019
   3.92500000000000       7.502976715484076E+019
   3.95000000000000       7.502995733631735E+019
   3.97500000000000       7.503014752213760E+019
   4.00000000000000       7.503033771189898E+019
   4.02500000000000       7.503052790585129E+019
   4.05000000000000       7.503071810376332E+019
   4.07500000000000       7.503090830545369E+019
   4.10000000000000       7.503109851084114E+019
   4.12500000000000       7.503128601847867E+019
   4.15000000000000       7.503147624123249E+019
   4.17500000000000       7.503166645479850E+019
   4.20000000000000       7.503185667606438E+019
   4.22500000000000       7.503204689965570E+019
   4.25000000000000       7.503223712710536E+019
   4.27500000000000       7.503242735781600E+019
   4.30000000000000       7.503261759202623E+019
   4.32500000000000       7.503280782928134E+019
   4.35000000000000       7.503299806988571E+019
   4.37500000000000       7.503318831414518E+019
   4.40000000000000       7.503337856143403E+019
   4.42500000000000       7.503356881183841E+019
   4.45000000000000       7.503375906554657E+019
   4.47500000000000       7.503394932232190E+019
   4.50000000000000       7.503413958230816E+019
   4.52500000000000       7.503432984530341E+019
   4.55000000000000       7.503452011111984E+019
   4.57500000000000       7.503471038019251E+019
   4.60000000000000       7.503490065157292E+019
   4.62500000000000       7.503509092609014E+019
   4.65000000000000       7.503528120324432E+019
   4.67500000000000       7.503547192798011E+019
   4.70000000000000       7.503566221231609E+019
   4.72500000000000       7.503585249759707E+019
   4.75000000000000       7.503604278601659E+019
   4.77500000000000       7.503623307685993E+019
   4.80000000000000       7.503642382123003E+019
   4.82500000000000       7.503661411846881E+019
   4.85000000000000       7.503680441685385E+019
   4.87500000000000       7.503699471804042E+019
   4.90000000000000       7.503718546456003E+019
   4.92500000000000       7.503737577210143E+019
   4.95000000000000       7.503756608042254E+019
   4.97500000000000       7.503775639172966E+019
   5.00000000000000       7.503794670495210E+019
   5.02500000000000       7.503813702059604E+019
   5.05000000000000       7.503832778586051E+019
   5.07500000000000       7.503851854664942E+019
   5.10000000000000       7.503870887020785E+019
   5.12500000000000       7.503889919495887E+019
   5.15000000000000       7.503908952225817E+019
   5.17500000000000       7.503927985175837E+019
   5.20000000000000       7.503947018322618E+019
   5.22500000000000       7.503966051703683E+019
   5.25000000000000       7.503985085285060E+019
   5.27500000000000       7.504004119061008E+019
   5.30000000000000       7.504023153069520E+019
   5.32500000000000       7.504042187290721E+019
   5.35000000000000       7.504061221729362E+019
   5.37500000000000       7.504080256325837E+019
   5.40000000000000       7.504099291138903E+019
   5.42500000000000       7.504118326163005E+019
   5.45000000000000       7.504137361386562E+019
   5.47500000000000       7.504156396806414E+019
   5.50000000000000       7.504175432432284E+019
   5.52500000000000       7.504194468238911E+019
   5.55000000000000       7.504213549804646E+019
   5.57500000000000       7.504232586103875E+019
   5.60000000000000       7.504251622433515E+019
   5.62500000000000       7.504270659019394E+019
   5.65000000000000       7.504289695758674E+019
   5.67500000000000       7.504308732709328E+019
   5.70000000000000       7.504327769828504E+019
   5.72500000000000       7.504346807125847E+019
   5.75000000000000       7.504365844589180E+019
   5.77500000000000       7.504384926959585E+019
   5.80000000000000       7.504403964921556E+019
   5.82500000000000       7.504423002862746E+019
   5.85000000000000       7.504442041058465E+019
   5.87500000000000       7.504461079367084E+019
   5.90000000000000       7.504480117869614E+019
   5.92500000000000       7.504499156544089E+019
   5.95000000000000       7.504518239087891E+019
   5.97500000000000       7.504537278214973E+019
   6.00000000000000       7.504556317336648E+019
   6.02500000000000       7.504575356666585E+019
   6.05000000000000       7.504594396114302E+019
   6.07500000000000       7.504613435755002E+019
   6.10000000000000       7.504632475565836E+019
   6.12500000000000       7.504651245094058E+019
   6.15000000000000       7.504670286206689E+019
   6.17500000000000       7.504689326168395E+019
   6.20000000000000       7.504708366689966E+019
   6.22500000000000       7.504727407233923E+019
   6.25000000000000       7.504746448006311E+019
   6.27500000000000       7.504765488859911E+019
   6.30000000000000       7.504784529882373E+019
   6.32500000000000       7.504803571073288E+019
   6.35000000000000       7.504822612407861E+019
   6.37500000000000       7.504841653861260E+019
   6.40000000000000       7.504860695500014E+019
   6.42500000000000       7.504879737255843E+019
   6.45000000000000       7.504898779145085E+019
   6.47500000000000       7.504917821197828E+019
   6.50000000000000       7.504936863415253E+019
   6.52500000000000       7.504955905735161E+019
   6.55000000000000       7.504974948223171E+019
   6.57500000000000       7.504993990846944E+019
   6.60000000000000       7.505013078448713E+019
   6.62500000000000       7.505032121468609E+019
   6.65000000000000       7.505051164483797E+019
   6.67500000000000       7.505070207677394E+019
   6.70000000000000       7.505089250967380E+019
   6.72500000000000       7.505108294402707E+019
   6.75000000000000       7.505127337977460E+019
   6.77500000000000       7.505146381706207E+019
   6.80000000000000       7.505165425527634E+019
   6.82500000000000       7.505184199035496E+019
   6.85000000000000       7.505203244086826E+019
   6.87500000000000       7.505222287991154E+019
   6.90000000000000       7.505241332469393E+019
   6.92500000000000       7.505260376942943E+019
   6.95000000000000       7.505279421599785E+019
   6.97500000000000       7.505298466365569E+019
   7.00000000000000       7.505317511272015E+019
   7.02500000000000       7.505336556286643E+019
   7.05000000000000       7.505355601446232E+019
   7.07500000000000       7.505374646720160E+019
   7.10000000000000       7.505393692093127E+019
   7.12500000000000       7.505412737615415E+019
   7.15000000000000       7.505431829476386E+019
   7.17500000000000       7.505450875399122E+019
   7.20000000000000       7.505469921232966E+019
   7.22500000000000       7.505488967260517E+019
   7.25000000000000       7.505508013415976E+019
   7.27500000000000       7.505527059701526E+019
   7.30000000000000       7.505546106080168E+019
   7.32500000000000       7.505565152604801E+019
   7.35000000000000       7.505584199257732E+019
   7.37500000000000       7.505603246018431E+019
   7.40000000000000       7.505622292883946E+019
   7.42500000000000       7.505641339876819E+019
   7.45000000000000       7.505660386971813E+019
   7.47500000000000       7.505679434183755E+019
   7.50000000000000       7.505698481541131E+019
   7.52500000000000       7.505717529000835E+019
   7.55000000000000       7.505736576569434E+019
   7.57500000000000       7.505755624264550E+019
   7.60000000000000       7.505774672080375E+019
   7.62500000000000       7.505793720016960E+019
   7.65000000000000       7.505812813403064E+019
   7.67500000000000       7.505831861689831E+019
   7.70000000000000       7.505850953028136E+019
   7.72500000000000       7.505870001565347E+019
   7.75000000000000       7.505889049996511E+019
   7.77500000000000       7.505908098643519E+019
   7.80000000000000       7.505927147378491E+019
   7.82500000000000       7.505946196242660E+019
   7.85000000000000       7.505965245225568E+019
   7.87500000000000       7.505984294306883E+019
   7.90000000000000       7.506003343491100E+019
   7.92500000000000       7.506022392805651E+019
   7.95000000000000       7.506041442208945E+019
   7.97500000000000       7.506060221172261E+019
   8.00000000000000       7.506079271760668E+019
   8.02500000000000       7.506098321193191E+019
   8.05000000000000       7.506117371156013E+019
   8.07500000000000       7.506136421093691E+019
   8.10000000000000       7.506155515899390E+019
   8.12500000000000       7.506174566219457E+019
   8.15000000000000       7.506193616455030E+019
   8.17500000000000       7.506212666879518E+019
   8.20000000000000       7.506231717387657E+019
   8.22500000000000       7.506250767999086E+019
   8.25000000000000       7.506269818730540E+019
   8.27500000000000       7.506288869578360E+019
   8.30000000000000       7.506307920512211E+019
   8.32500000000000       7.506325064428341E+019
   8.35000000000000       7.506344114428568E+019
   8.37500000000000       7.506363166020852E+019
   8.40000000000000       7.506382217258349E+019
   8.42500000000000       7.506401268785340E+019
   8.45000000000000       7.506420320371981E+019
   8.47500000000000       7.506439372052219E+019
   8.50000000000000       7.506458423837793E+019
   8.52500000000000       7.506477475725268E+019
   8.55000000000000       7.506496527740158E+019
   8.57500000000000       7.506515579824441E+019
   8.60000000000000       7.506534677737244E+019
   8.62500000000000       7.506553730167474E+019
   8.65000000000000       7.506572782515146E+019
   8.67500000000000       7.506591835050420E+019
   8.70000000000000       7.506610887661719E+019
   8.72500000000000       7.506629940399174E+019
   8.75000000000000       7.506648993213846E+019
   8.77500000000000       7.506668046164401E+019
   8.80000000000000       7.506687099198711E+019
   8.82500000000000       7.506705881722660E+019
   8.85000000000000       7.506724935932505E+019
   8.87500000000000       7.506743988951623E+019
   8.90000000000000       7.506763042520410E+019
   8.92500000000000       7.506782096044553E+019
   8.95000000000000       7.506801193847672E+019
   8.97500000000000       7.506820247735411E+019
   9.00000000000000       7.506839301568596E+019
   9.02500000000000       7.506858355551248E+019
   9.05000000000000       7.506877409606445E+019
   9.07500000000000       7.506896463758364E+019
   9.10000000000000       7.506915518030918E+019
   9.12500000000000       7.506934572403065E+019
   9.15000000000000       7.506953626861691E+019
   9.17500000000000       7.506972681444096E+019
   9.20000000000000       7.506991736125161E+019
   9.22500000000000       7.507010836128971E+019
   9.25000000000000       7.507029891145243E+019
   9.27500000000000       7.507048946064812E+019
   9.30000000000000       7.507068001180153E+019
   9.32500000000000       7.507087056361236E+019
   9.35000000000000       7.507106111610279E+019
   9.37500000000000       7.507125212508158E+019
   9.40000000000000       7.507144268109355E+019
   9.42500000000000       7.507163323624712E+019
   9.45000000000000       7.507182379310100E+019
   9.47500000000000       7.507201435061571E+019
   9.50000000000000       7.507220490949914E+019
   9.52500000000000       7.507239546929789E+019
   9.55000000000000       7.507258603000411E+019
   9.57500000000000       7.507277659197609E+019
   9.60000000000000       7.507296715446364E+019
   9.62500000000000       7.507315771809704E+019
   9.65000000000000       7.507334828285000E+019
   9.67500000000000       7.507353614194331E+019
   9.70000000000000       7.507372671817217E+019
   9.72500000000000       7.507391728268593E+019
   9.75000000000000       7.507410785252026E+019
   9.77500000000000       7.507429887305348E+019
   9.80000000000000       7.507448944488029E+019
   9.82500000000000       7.507468046416218E+019
   9.85000000000000       7.507487103836802E+019
   9.87500000000000       7.507506161164239E+019
   9.90000000000000       7.507525218641509E+019
   9.92500000000000       7.507544005518256E+019
   9.95000000000000       7.507563064144971E+019
   9.97500000000000       7.507582121590278E+019
   10.0000000000000       7.507600908882711E+019
   10.0250000000000       7.507619967760649E+019
   10.0500000000000       7.507639025474029E+019
   10.0750000000000       7.507658083715737E+019
   10.1000000000000       7.507677141913857E+019
   10.1250000000000       7.507696200252177E+019
   10.1500000000000       7.507715258696961E+019
   10.1750000000000       7.507734317242044E+019
   10.2000000000000       7.507753375886962E+019
   10.2250000000000       7.507772434630012E+019
   10.2500000000000       7.507791493475164E+019
   10.2750000000000       7.507810552381347E+019
   10.3000000000000       7.507829611394807E+019
   10.3250000000000       7.507848670514746E+019
   10.3500000000000       7.507867729734871E+019
   10.3750000000000       7.507886789070835E+019
   10.4000000000000       7.507905848490715E+019
   10.4250000000000       7.507924907973924E+019
   10.4500000000000       7.507943967562220E+019
   10.4750000000000       7.507963027248646E+019
   10.5000000000000       7.507981816332031E+019
   10.5250000000000       7.508000877170732E+019
   10.5500000000000       7.508019666071211E+019
   10.5750000000000       7.508038727213182E+019
   10.6000000000000       7.508057787020026E+019
   10.6250000000000       7.508076847416495E+019
   10.6500000000000       7.508095907732981E+019
   10.6750000000000       7.508114968219384E+019
   10.7000000000000       7.508134072918948E+019
   10.7250000000000       7.508151224680781E+019
   10.7500000000000       7.508170284255371E+019
   10.7750000000000       7.508189345462121E+019
   10.8000000000000       7.508208406261965E+019
   10.8250000000000       7.508227467349425E+019
   10.8500000000000       7.508246528465378E+019
   10.8750000000000       7.508265318963785E+019
   10.9000000000000       7.508284426804389E+019
   10.9250000000000       7.508303488045777E+019
   10.9500000000000       7.508322549621829E+019
   10.9750000000000       7.508341611225386E+019
   11.0000000000000       7.508360402211478E+019
   11.0250000000000       7.508379464981817E+019
   11.0500000000000       7.508398526556450E+019
   11.0750000000000       7.508417588684831E+019
   11.1000000000000       7.508436650716211E+019
   11.1250000000000       7.508455712907457E+019
   11.1500000000000       7.508474775163332E+019
   11.1750000000000       7.508493837496988E+019
   11.2000000000000       7.508512899969135E+019
   11.2250000000000       7.508531962551406E+019
   11.2500000000000       7.508551025194202E+019
   11.2750000000000       7.508570087940501E+019
   11.3000000000000       7.508589150790512E+019
   11.3250000000000       7.508608213759623E+019
   11.3500000000000       7.508627276783175E+019
   11.3750000000000       7.508646339924789E+019
   11.4000000000000       7.508665132390095E+019
   11.4250000000000       7.508684196695042E+019
   11.4500000000000       7.508703259784882E+019
   11.4750000000000       7.508722323406276E+019
   11.5000000000000       7.508741386962500E+019
   11.5250000000000       7.508760450680581E+019
   11.5500000000000       7.508779559310334E+019
   11.5750000000000       7.508798623340072E+019
   11.6000000000000       7.508817687278569E+019
   11.6250000000000       7.508836751378103E+019
   11.6500000000000       7.508855815563836E+019
   11.6750000000000       7.508874879841758E+019
   11.7000000000000       7.508893944193335E+019
   11.7250000000000       7.508913008664494E+019
   11.7500000000000       7.508932073244528E+019
   11.7750000000000       7.508951137892667E+019
   11.8000000000000       7.508970202663313E+019
   11.8250000000000       7.508989267517856E+019
   11.8500000000000       7.509008332457499E+019
   11.8750000000000       7.509027442091798E+019
   11.9000000000000       7.509046551639813E+019
   11.9250000000000       7.509065616925735E+019
   11.9500000000000       7.509084682236418E+019
   11.9750000000000       7.509103747664126E+019
   12.0000000000000       7.509122542371647E+019
   12.0250000000000       7.509141608933633E+019
   12.0500000000000       7.509160674299299E+019
   12.0750000000000       7.509179740180405E+019
   12.1000000000000       7.509198806008273E+019
   12.1250000000000       7.509217871972811E+019
   12.1500000000000       7.509236938060949E+019
   12.1750000000000       7.509256004236211E+019
   12.2000000000000       7.509275070484490E+019
   12.2250000000000       7.509294136833281E+019
   12.2500000000000       7.509313203258188E+019
   12.2750000000000       7.509332269793301E+019
   12.3000000000000       7.509351336403898E+019
   12.3250000000000       7.509370403142587E+019
   12.3500000000000       7.509389469980407E+019
   12.3750000000000       7.509408536926424E+019
   12.4000000000000       7.509427603952145E+019
   12.4250000000000       7.509446671051327E+019
   12.4500000000000       7.509465738271100E+019
   12.4750000000000       7.509484805579527E+019
   12.5000000000000       7.509503872989025E+019
