   337.822620602676       8.545478713335293E-022
   3040.40358542408       6.229584631896979E-019
   8445.56551506689       1.335109281293759E-017
   16553.3084095311       1.005023945105293E-016
   27363.6322688167       4.537179183918683E-016
   40876.5370929237       1.510729239586716E-015
   57092.0228818522       4.107978678701521E-015
   76010.0896356020       9.663810932950397E-015
   97630.7373541732       2.038243454899400E-014
   121953.966037566       3.946250057611702E-014
   148979.775685780       7.128603758900836E-014
   178708.166298815       1.215541389993156E-013
   211139.137876672       1.973263416496722E-013
   246272.690419350       3.069129636331279E-013
   284108.823926850       4.595664977587829E-013
   324647.538399171       6.649228672252196E-013
   367888.833836314       9.321596407110876E-013
   413832.710238278       1.268869422863064E-012
   462479.167605063       1.679694081765906E-012
   513828.205936670       2.164827405381061E-012
   567879.825233098       2.718563507752901E-012
   624634.025494347       3.328133351751762E-012
   684090.806720418       3.973114135659370E-012
   746250.168911310       4.625694861877526E-012
   811112.112067024       5.252016760270538E-012
   878676.636187559       5.814668889723680E-012
   948943.741272916       6.276213631217959E-012
   1021913.42732309       6.603373359278503E-012
   1097585.69433809       6.771281307064579E-012
   1175960.54231791       6.767054790628644E-012
   1257037.97126256       6.591953060144247E-012
   1340817.98117202       6.261573159369010E-012
   1427300.57204630       5.803902279472190E-012
   1516485.74388541       5.255508864665615E-012
   1608373.49668934       4.656591016057328E-012
   1702963.83045809       4.045869995493192E-012
   1800256.74519166       3.456319964781537E-012
   1900252.24089005       2.912452554017891E-012
   2002950.31755326       2.429420439798505E-012
   2108350.97518130       2.013731360425066E-012
   2216454.21377415       1.665033183185726E-012
   2327260.03333183       1.378326456472858E-012
   2440768.43385433       1.146063695903554E-012
   2556979.41534165       9.598100351905509E-013
   2675892.97779379       8.113603552974708E-013
   2797509.12121076       6.933637970822152E-013
   2921827.84559254       5.995799600975592E-013
   3048849.15093915       5.249004948454098E-013
   3178573.03725057       4.652450480278690E-013
   3310999.50452682       4.174060463931343E-013
   3446128.55276789       3.788862418914201E-013
   3583960.18197379       3.477509998793056E-013
   3724494.39214450       3.225037077251247E-013
   3867731.18328003       3.019852874704455E-013
   4013670.55538039       2.852953709824948E-013
   4162312.50844557       2.717315210928089E-013
   4313657.04247556       2.607428391179679E-013
   4467704.15747038       2.518947386203737E-013
   4624453.85343003       2.448422458947165E-013
   4783906.13035449       2.393097500015814E-013
   4946060.98824377       2.350756072827425E-013
   5110918.42709788       2.319603934757326E-013
   5278478.44691681       2.298178980186371E-013
   5448741.04770055       2.285281841878023E-013
   5621706.22944912       2.279922105310149E-013
   5797373.99216251       2.281276369965810E-013
   5975744.33584073       2.288655340192140E-013
   6156817.26048376       2.301477831762318E-013
   6340592.76609162       2.319250101448612E-013
   6527070.85266429       2.341549294859259E-013
   6716251.52020179       2.368010096196280E-013
   6908134.76870411       2.398313880038206E-013
   7102720.59817125       2.432179827561554E-013
   7300009.00860322       2.469357592137516E-013
   7500000.00000000       2.509621192037281E-013
   7702693.57236161       2.552763879181574E-013
   7908089.72568803       2.598593786610711E-013
   8116188.45997928       2.646930199766637E-013
   8326989.77523535       2.697600328529176E-013
   8540493.67145624       2.750436482533132E-013
   8756700.14864196       2.805273571839782E-013
   8975609.20679249       2.861946870930558E-013
   9197220.84590784       2.920289996061064E-013
   9421535.06598802       2.980133056394706E-013
   9648551.86703302       3.041300946858900E-013
   9878271.24904284       3.103611758051466E-013
   10110693.2120175       3.166875283102335E-013
   10345817.7559569       3.230891606988688E-013
   10583644.8808612       3.295449766972001E-013
   10824174.5867303       3.360326476998833E-013
   11067406.8735643       3.425284911742450E-013
   11313341.7413630       3.490073548979359E-013
   11561979.1901266       3.554425071918445E-013
   11813319.2198550       3.618055335751207E-013
   12067361.8305482       3.680662405409762E-013
   12324107.0222062       3.741925674434592E-013
   12583554.7948291       3.801505077805815E-013
   12845705.1484167       3.859040414242885E-013
   13110558.0829692       3.914150797468707E-013
   13378113.5984866       3.966434258736752E-013
   13648371.6949687       4.015467526970818E-013
   13921332.3724157       4.060806017191268E-013
   14196995.6308274       4.101984061629237E-013
   14475361.4702040       4.138515423549788E-013
   14756429.8905455       4.169894138213779E-013
   15040200.8918517       4.195595731656660E-013
   15326674.4741228       4.215078873606320E-013
   15615850.6373587       4.227787527453793E-013
   15907729.3815594       4.233153667370342E-013
   16202310.7067249       4.230600640187145E-013
   16499594.6128553       4.219547257514960E-013
   16799581.0999505       4.199412712399144E-013
   17102270.1680104       4.169622423593292E-013
   17407661.8170353       4.129614920591325E-013
   17715756.0470249       4.078849891680096E-013
   18026552.8579794       4.016817528102905E-013
   18340052.2498987       3.943049307890477E-013
   18656254.2227828       3.857130372004347E-013
   18975158.7766317       3.758713655892090E-013
   19296765.9114454       3.647535946637411E-013
   19621075.6272240       3.523436041118610E-013
   19948087.9239674       3.386375179947664E-013
   20277802.8016756       3.236459924594638E-013
   20610220.2603486       3.073967622212772E-013
   20945340.2999865       2.899374558364741E-013
   21283162.9205892       2.713386818544168E-013
   21623688.1221567       2.516973741298872E-013
   21966915.9046890       2.311403616750740E-013
   22312846.2681861       2.098280909016224E-013
   22661479.2126481       1.879583674378015E-013
   23012814.7380749       1.657698874884374E-013
   23366852.8444665       1.435451745554443E-013
   23723593.5318229       1.216122954825515E-013
   24083036.8001441       1.003443566456351E-013
   24445182.6494302       8.015521959082017E-014
   24810031.0796811       6.148906733919968E-014
   25177582.0908968       4.480038219072239E-014
   25547835.6830773       3.051972336678758E-014
   25920791.8562227       1.900008910209412E-014
   26296450.6103329       1.044053420604409E-014
   26674811.9454079       4.792514595127007E-015
   27055875.8614477       1.677648394052548E-015
   27439642.3584523       3.868075791256682E-016
   27826111.4364218       5.706063654020653E-017
   28215283.0953561       1.918120723485198E-017
   28607157.3352552       1.777127076502880E-017
   29001734.1561191       2.211026985383881E-017
   29399013.5579478       2.248134683020215E-017
   29798995.5407414       2.601579631884869E-017
   30201680.1044998       0.000000000000000E+000
