  5.000000000000000E-003   18.3463085163119        12.3363844693615     
  1.000000000000000E-002   18.6556729091827        12.6274951368197     
  1.500000000000000E-002   18.9405500212596        12.8865348311049     
  2.000000000000000E-002   19.2031527381640        13.1188282039414     
  2.500000000000000E-002   19.4455937272484        13.3286928881898     
  3.000000000000000E-002   19.6698453061143        13.5196073661027     
  3.500000000000000E-002   19.8777188904244        13.6943801702816     
  4.000000000000000E-002   20.0708597975954        13.8552938422666     
  4.500000000000000E-002   20.2507516930319        14.0042195589965     
  5.000000000000000E-002   20.4187263613852        14.1427058332367     
  5.500000000000000E-002   20.5759759867350        14.2720463970969     
  6.000000000000000E-002   20.7235662302267        14.3933320589514     
  6.500000000000000E-002   20.8624491204641        14.5074904516884     
  7.000000000000001E-002   20.9934752115263        14.6153166836654     
  7.500000000000000E-002   21.1174048450207        14.7174972367010     
  8.000000000000000E-002   21.2349181981008        14.8146286095811     
  8.500000000000001E-002   21.3466244244416        14.9072322019278     
  9.000000000000000E-002   21.4530697166697        14.9957661719216     
  9.500000000000000E-002   21.5547444520737        15.0806350211183     
  0.100000000000000        21.6520895017701        15.1621974089824     
  0.105000000000000        21.7455017731645        15.2407725648568     
  0.110000000000000        21.8353391654837        15.3166456653173     
  0.115000000000000        21.9219247800114        15.3900722037912     
  0.120000000000000        22.0055507727539        15.4612817852328     
  0.125000000000000        22.0864816629932        15.5304812702916     
  0.130000000000000        22.1649573364552        15.5978575251346     
  0.135000000000000        22.2411955442165        15.6635796537848     
  0.140000000000000        22.3153942581254        15.7278010419013     
  0.145000000000000        22.3877337904660        15.7906611533967     
  0.150000000000000        22.4583782520074        15.8522867517017     
  0.155000000000000        22.5274773910329        15.9127934102973     
  0.160000000000000        22.5951682084385        15.9722868178070     
  0.165000000000000        22.6615759727557        16.0308635820343     
  0.170000000000000        22.7268150230529        16.0886118599112     
  0.175000000000000        22.7909904565770        16.1456127066710     
  0.180000000000000        22.8541985283275        16.2019403616555     
  0.185000000000000        22.9165275882457        16.2576629829549     
  0.190000000000000        22.9780587848561        16.3128431882142     
  0.195000000000000        23.0388667084080        16.3675385477762     
  0.200000000000000        23.0990199644017        16.4218020227164     
  0.205000000000000        23.1585816910154        16.4756823591571     
  0.210000000000000        23.2176101355711        16.5292245329136     
  0.215000000000000        23.2761586172279        16.5824696933726     
  0.220000000000000        23.3342766212066        16.6354560410719     
  0.225000000000000        23.3920096374913        16.6882186681742     
  0.230000000000000        23.4493996170485        16.7407899169213     
  0.235000000000000        23.5064852444059        16.7931995855402     
  0.240000000000000        23.5633021977887        16.8454751259520     
  0.245000000000000        23.6198833816616        16.8976418204352     
  0.250000000000000        23.6762591398886        16.9497229438708     
  0.255000000000000        23.7324574498492        17.0017399117065     
  0.260000000000000        23.7885040999182        17.0537124154917     
  0.265000000000000        23.8444228347771        17.1056585329995     
  0.270000000000000        23.9002355731405        17.1575948995912     
  0.275000000000000        23.9559624394562        17.2095367255459     
  0.280000000000000        24.0116219409285        17.2614979365366     
  0.285000000000000        24.0672311375857        17.3134913077001     
  0.290000000000000        24.1228056403887        17.3655284555572     
  0.295000000000000        24.1783597792813        17.4176199733128     
  0.300000000000000        24.2339066780149        17.4697754877600     
  0.305000000000000        24.2894583353997        17.5220037227311     
  0.310000000000000        24.3450257028262        17.5743125598164     
  0.315000000000000        24.4006187553246        17.6267090942075     
  0.320000000000000        24.4562465576008        17.6791996867277     
  0.325000000000000        24.5119173251838        17.7317900121493     
  0.330000000000000        24.5676384812764        17.7844851042758     
  0.335000000000000        24.6234167095503        17.8372893979108     
  0.340000000000000        24.6792580032185        17.8902067679979     
  0.345000000000000        24.7351677107744        17.9432405662108     
  0.350000000000000        24.7911514342860        17.9963943617720     
  0.355000000000000        24.8472115670144        18.0496690716651     
  0.360000000000000        24.9033527106743        18.1030674708709     
  0.365000000000000        24.9595780383077        18.1565911380128     
  0.370000000000000        25.0158902548622        18.2102412732250     
  0.375000000000000        25.0722916401964        18.2640187320550     
  0.380000000000000        25.1287840738152        18.3179240448860     
  0.385000000000000        25.1853690625656        18.3719574393870     
  0.390000000000000        25.2420477648564        18.4261188602306     
  0.395000000000000        25.2988210140835        18.4804079883197     
  0.400000000000000        25.3556893402622        18.5348242585777     
  0.405000000000000        25.4126529906575        18.5893668770119     
  0.410000000000000        25.4697119488616        18.6440348364915     
  0.415000000000000        25.5268659529103        18.6988269317956     
  0.420000000000000        25.5841145122169        18.7537417737027     
  0.425000000000000        25.6414569235381        18.8087778023028     
  0.430000000000000        25.6988922859867        18.8639332995485     
  0.435000000000000        25.7564195151158        18.9192064010366     
  0.440000000000000        25.8140373562430        18.9745951071965     
  0.445000000000000        25.8717443969049        19.0300972937412     
  0.450000000000000        25.9295390786892        19.0857107216387     
  0.455000000000000        25.9874197082133        19.1414330463521     
  0.460000000000000        26.0453844676824        19.1972618267640     
  0.465000000000000        26.1034314246414        19.2531945334107     
  0.470000000000000        26.1615585412722        19.3092285563562     
  0.475000000000000        26.2197636831296        19.3653612125950     
  0.480000000000000        26.2780446273316        19.4215897529909     
  0.485000000000000        26.3363990703457        19.4779113688973     
  0.490000000000000        26.3948246352751        19.5343231983426     
  0.495000000000000        26.4533188787274        19.5908223318721     
  0.500000000000000        26.5118792973350        19.6474058180989     
  0.505000000000000        26.5705033338498        19.7040706688896     
  0.510000000000000        26.6291883828803        19.7608138642514     
  0.515000000000000        26.6879317963477        19.8176323569801     
  0.520000000000000        26.7467308885698        19.8745230769909     
  0.525000000000000        26.8055829210940        19.9314829184841     
  0.530000000000000        26.8644851882248        19.9885088126514     
  0.535000000000000        26.9234348988710        20.0455976268026     
  0.540000000000000        26.9824292611876        20.1027462371720     
  0.545000000000000        27.0414654687747        20.1599515166347     
  0.550000000000000        27.1005407020192        20.2172103359628     
  0.555000000000000        27.1596521114365        20.2745195495983     
  0.560000000000000        27.2187969044957        20.3318760698199     
  0.565000000000000        27.2779722218228        20.3892767605143     
  0.570000000000000        27.3371752235980        20.4467185118529     
  0.575000000000000        27.3964030736715        20.5041982261004     
  0.580000000000000        27.4556529399385        20.5617128180425     
  0.585000000000000        27.5149219973041        20.6192592174699     
  0.590000000000000        27.5742074084196        20.6768343527048     
  0.595000000000000        27.6335064113359        20.7344352256212     
  0.600000000000000        27.6928161920922        20.7920588020551     
  0.605000000000000        27.7521339716841        20.8497020871081     
  0.610000000000000        27.8114569889153        20.9073621098416     
  0.615000000000000        27.8707824997181        20.9650359227673     
  0.620000000000000        27.9301077793439        21.0227206036620     
  0.625000000000000        27.9894301021897        21.0804132382710     
  0.630000000000000        28.0487468288665        21.1381109949106     
  0.635000000000000        28.1080552777764        21.1958110138757     
  0.640000000000000        28.1673528115356        21.2535104823191     
  0.645000000000000        28.2266368191422        21.3112066183448     
  0.650000000000000        28.2859047146742        21.3688966699488     
  0.655000000000000        28.3451540845542        21.4265780404742     
  0.660000000000000        28.4043820900906        21.4842477782818     
  0.665000000000000        28.4635863947254        21.5419033712081     
  0.670000000000000        28.5227645156090        21.5995421879162     
  0.675000000000000        28.5819140079313        21.6571616380842     
  0.680000000000000        28.6410324534737        21.7147591623561     
  0.685000000000000        28.7001174650396        21.7723322359632     
  0.690000000000000        28.7591666632259        21.8298783486377     
  0.695000000000000        28.8181777676248        21.8873950832217     
  0.700000000000000        28.8771484603934        21.9448799974007     
  0.705000000000000        28.9360764766436        22.0023307025031     
  0.710000000000000        28.9949595847249        22.0597448458129     
  0.715000000000000        29.0537955841680        22.1171201088490     
  0.720000000000000        29.1125823066770        22.1744542081308     
  0.725000000000000        29.1713176158766        22.2317448948840     
  0.730000000000000        29.2299994076374        22.2889899552598     
  0.735000000000000        29.2886255864937        22.3461871898383     
  0.740000000000000        29.3471941607872        22.4033344960719     
  0.745000000000000        29.4057030991347        22.4604297432621     
  0.750000000000000        29.4641504252044        22.5174708555915     
  0.755000000000000        29.5225341965147        22.5744557930306     
  0.760000000000000        29.5808525021373        22.6313825494086     
  0.765000000000000        29.6391034634623        22.6882491529781     
  0.770000000000000        29.6972852337402        22.7450536659534     
  0.775000000000000        29.7553959981414        22.8017941844876     
  0.780000000000000        29.8134339735411        22.8584688384051     
  0.785000000000000        29.8713974084484        22.9150757910725     
  0.790000000000000        29.9292845827229        22.9716132390591     
  0.795000000000000        29.9870939652099        23.0280795479117     
  0.800000000000000        30.0448235674698        23.0844726942780     
  0.805000000000000        30.1024719428471        23.1407911304991     
  0.810000000000000        30.1600374875574        23.1970331767936     
  0.815000000000000        30.2175186378675        23.2531971940790     
  0.820000000000000        30.2749138570320        23.3092815724105     
  0.825000000000000        30.3322217995564        23.3652848726500     
  0.830000000000000        30.3894406534826        23.4212052575709     
  0.835000000000000        30.4465691550433        23.4770413715919     
  0.840000000000000        30.5036058546445        23.5327917013154     
  0.845000000000000        30.5605494159383        23.5884548374620     
  0.850000000000000        30.6173984530379        23.6440293323555     
  0.855000000000000        30.6741516332328        23.6995137901214     
  0.860000000000000        30.7308076532999        23.7549068453488     
  0.865000000000000        30.7873652373529        23.8102071612656     
  0.870000000000000        30.8438231371327        23.8654134298848     
  0.875000000000000        30.9001801059640        23.9205243491836     
  0.880000000000000        30.9564350019202        23.9755387134247     
  0.885000000000000        31.0125866314117        24.0304552755688     
  0.890000000000000        31.0686338518888        24.0852728381243     
  0.895000000000000        31.1245755484910        24.1399902319851     
  0.900000000000000        31.1804106314203        24.1946063142130     
  0.905000000000000        31.2361380363998        24.2491199683464     
  0.910000000000000        31.2917567241576        24.3035301039079     
  0.915000000000000        31.3472656801188        24.3578356560661     
  0.920000000000000        31.4026638891031        24.4120355634829     
  0.925000000000000        31.4579504360235        24.4661288563209     
  0.930000000000000        31.5131243532877        24.5201145223345     
  0.935000000000000        31.5681847208238        24.5739915950861     
  0.940000000000000        31.6231306434253        24.6277591334955     
  0.945000000000000        31.6779612481326        24.6814162196405     
  0.950000000000000        31.7326756847271        24.7349619591025     
  0.955000000000000        31.7872731250919        24.7883954803624     
  0.960000000000000        31.8417527630673        24.8417159346219     
  0.965000000000000        31.8961137881028        24.8949224726350     
  0.970000000000000        31.9503554898344        24.9480143365358     
  0.975000000000000        32.0044770996785        25.0009907201936     
  0.980000000000000        32.0584778947527        25.0538508613089     
  0.985000000000000        32.1123571743141        25.1065940200541     
  0.990000000000000        32.1661142570844        25.1592194768252     
  0.995000000000000        32.2197484817285        25.2117265325779     
   1.00000000000000        32.2732592063962        25.2641145084020     
   1.00500000000000        32.3266458083608        25.3163827451364     
   1.01000000000000        32.3799076838509        25.3685306031925     
   1.01500000000000        32.4330442198329        25.4205574375936     
   1.02000000000000        32.4860549061672        25.4724626970818     
   1.02500000000000        32.5389391385239        25.5242457494396     
   1.03000000000000        32.5916964401543        25.5759060783251     
   1.03500000000000        32.6443262703216        25.6274431129417     
   1.04000000000000        32.6968281312942        25.6788563235267     
   1.04500000000000        32.7492015441566        25.7301451992643     
   1.05000000000000        32.8014460459933        25.7813092459479     
   1.05500000000000        32.8535611626490        25.8323479618369     
   1.06000000000000        32.9055465204538        25.8832609364971     
   1.06500000000000        32.9574016768709        25.9340477004573     
   1.07000000000000        33.0091262317539        25.9847078245254     
   1.07500000000000        33.0607198021165        26.0352408967773     
   1.08000000000000        33.1121821999295        26.0856466784533     
   1.08500000000000        33.1635126947471        26.1359244570161     
   1.09000000000000        33.2147111518257        26.1860740466754     
   1.09500000000000        33.2657772381799        26.2360950877391     
   1.10000000000000        33.3167106456506        26.2859872447893     
   1.10500000000000        33.3675110762912        26.3357501936302     
   1.11000000000000        33.4181782470753        26.3853836253044     
   1.11500000000000        33.4687118594225        26.4348872190460     
   1.12000000000000        33.5191117147341        26.4842607446778     
   1.12500000000000        33.5693775403273        26.5335039077831     
   1.13000000000000        33.6195091038508        26.5826164520194     
   1.13500000000000        33.6695061871732        26.6315981352763     
   1.14000000000000        33.7193685838481        26.6804487275725     
   1.14500000000000        33.7690960995773        26.7291680113856     
   1.15000000000000        33.8186885519245        26.7777557814073     
   1.15500000000000        33.8681457700082        26.8262118442155     
   1.16000000000000        33.9174675943486        26.8745360181262     
   1.16500000000000        33.9666538766089        26.9227281329264     
   1.17000000000000        34.0157044795042        26.9707880297698     
   1.17500000000000        34.0646192765006        27.0187155608804     
   1.18000000000000        34.1133981516815        27.0665105894045     
   1.18500000000000        34.1620409994567        27.1141729891213     
   1.19000000000000        34.2105477244847        27.1617026443543     
   1.19500000000000        34.2589182414042        27.2090994496985     
   1.20000000000000        34.3071524746795        27.2563633098611     
   1.20500000000000        34.3552503584569        27.3034941395112     
   1.21000000000000        34.4032131739725        27.3504930390151     
   1.21500000000000        34.4510381206829        27.3973575164412     
   1.22000000000000        34.4987265821580        27.4440887777806     
   1.22500000000000        34.5462785377538        27.4906867782512     
   1.23000000000000        34.5936939323958        27.5371514464830     
   1.23500000000000        34.6409728126785        27.5834828039202     
   1.24000000000000        34.6881151439337        27.6296808010406     
   1.24500000000000        34.7351209287119        27.6757454232747     
   1.25000000000000        34.7819901795456        27.7216766660074     
   1.25500000000000        34.8287229165448        27.7674745325412     
   1.26000000000000        34.8753191679073        27.8131390344585     
   1.26500000000000        34.9217789694816        27.8586701912212     
   1.27000000000000        34.9681023647154        27.9040680300924     
   1.27500000000000        35.0142894044148        27.9493325859007     
   1.28000000000000        35.0603401465939        27.9944639008861     
   1.28500000000000        35.1062546563938        28.0394620246106     
   1.29000000000000        35.1520330057778        28.0843270136579     
   1.29500000000000        35.1976752735440        28.1290589316376     
   1.30000000000000        35.2431815451133        28.1736578489723     
   1.30500000000000        35.2885519124198        28.2181238427861     
   1.31000000000000        35.3337864736797        28.2624569966700     
   1.31500000000000        35.3788853333951        28.3066574006826     
   1.32000000000000        35.4238486021498        28.3507251511424     
   1.32500000000000        35.4686763964019        28.3946603504213     
   1.33000000000000        35.5133688385635        28.4384631070157     
   1.33500000000000        35.5579260566909        28.4821335352375     
   1.34000000000000        35.6023481844156        28.5256717551413     
   1.34500000000000        35.6466353608277        28.5690778924066     
   1.35000000000000        35.6907877304143        28.6123520782687     
   1.35500000000000        35.7348054428652        28.6554944493256     
   1.36000000000000        35.7786886529248        28.6985051473886     
   1.36500000000000        35.8224375204048        28.7413843194893     
   1.37000000000000        35.8660522100186        28.7841321177072     
   1.37500000000000        35.9095328912356        28.8267486990309     
   1.38000000000000        35.9528797381703        28.8692342252389     
   1.38500000000000        35.9960929295910        28.9115888629034     
   1.39000000000000        36.0391726486615        28.9538127831355     
   1.39500000000000        36.0821190829200        28.9959061615581     
   1.40000000000000        36.1249324242065        29.0378691782298     
   1.40500000000000        36.1676128685155        29.0797020174986     
   1.41000000000000        36.2101606158925        29.1214048678914     
   1.41500000000000        36.2525758703590        29.1629779220420     
   1.42000000000000        36.2948588398822        29.2044213766528     
   1.42500000000000        36.3370097361283        29.2457354322513     
   1.43000000000000        36.3790287745499        29.2869202932698     
   1.43500000000000        36.4209161741143        29.3279761677783     
   1.44000000000000        36.4626721574117        29.3689032675834     
   1.44500000000000        36.5042969504053        29.4097018079820     
   1.45000000000000        36.5457907824760        29.4503720077991     
   1.45500000000000        36.5871538862312        29.4909140891973     
   1.46000000000000        36.6283864657532        29.5313282492443     
   1.46500000000000        36.6694890312819        29.5716149584248     
   1.47000000000000        36.7104613626636        29.6117740365319     
   1.47500000000000        36.7513039353425        29.6518059251946     
   1.48000000000000        36.7920169884804        29.6917108540253     
   1.48500000000000        36.8326007752248        29.7314890658121     
   1.49000000000000        36.8730555477377        29.7711408030173     
   1.49500000000000        36.9133815621846        29.8106663121126     
   1.50000000000000        36.9535790769205        29.8500658419268     
   1.50500000000000        36.9936483211080        29.8893396155031     
   1.51000000000000        37.0335896229178        29.9284879450526     
   1.51500000000000        37.0734032161526        29.9675110581432     
   1.52000000000000        37.1130893677242        30.0064092128336     
   1.52500000000000        37.1526483158339        30.0451826415381     
   1.53000000000000        37.1920803997514        30.0838316679239     
   1.53500000000000        37.2313858613049        30.1223565279069     
   1.54000000000000        37.2705649760790        30.1607574885543     
   1.54500000000000        37.3096180235512        30.1990348205389     
   1.55000000000000        37.3485452844621        30.2371887959599     
   1.55500000000000        37.3873470417053        30.2752196890993     
   1.56000000000000        37.4260235798964        30.3131277760429     
   1.56500000000000        37.4645751854548        30.3509133347489     
   1.57000000000000        37.5030023594706        30.3885768348817     
   1.57500000000000        37.5413049492930        30.4261181627834     
   1.58000000000000        37.5794834846113        30.4635378156616     
   1.58500000000000        37.6175382490049        30.5008360693354     
   1.59000000000000        37.6554695398688        30.5380132125037     
   1.59500000000000        37.6932776518435        30.5750695317875     
   1.60000000000000        37.7309628824833        30.6120053166930     
   1.60500000000000        37.7685255302959        30.6488208578183     
   1.61000000000000        37.8059658953205        30.6855164473510     
   1.61500000000000        37.8432842787429        30.7220923786950     
   1.62000000000000        37.8804809831411        30.7585489467060     
   1.62500000000000        37.9175563122005        30.7948864474059     
   1.63000000000000        37.9545105707621        30.8311051780303     
   1.63500000000000        37.9913440648009        30.8672054370036     
   1.64000000000000        38.0280571013468        30.9031875238601     
   1.64500000000000        38.0646499884752        30.9390517392327     
   1.65000000000000        38.1011230352920        30.9747983848367     
   1.65500000000000        38.1374765517627        31.0104277633009     
   1.66000000000000        38.1737108487812        31.0459401782323     
   1.66500000000000        38.2098262381587        31.0813359342046     
   1.67000000000000        38.2458230324321        31.1166153365676     
   1.67500000000000        38.2817015449591        31.1517786915406     
   1.68000000000000        38.3174620897747        31.1868263060689     
   1.68500000000000        38.3531049816468        31.2217584878761     
   1.69000000000000        38.3886307555709        31.2565757417823     
   1.69500000000000        38.4240392718412        31.2912779687268     
   1.70000000000000        38.4593310922895        31.3258656992554     
   1.70500000000000        38.4945065246383        31.3603392346487     
   1.71000000000000        38.5295658895613        31.3946988881772     
   1.71500000000000        38.5645095041401        31.4289449701718     
   1.72000000000000        38.5993376874067        31.4630777928608     
   1.72500000000000        38.6340507584319        31.4970976686285     
   1.73000000000000        38.6686490368431        31.5310049104498     
   1.73500000000000        38.7031328427079        31.5647998317885     
   1.74000000000000        38.7375024963588        31.5984827464131     
   1.74500000000000        38.7717583185201        31.6320539685186     
   1.75000000000000        38.8059006301808        31.6655138126025     
   1.75500000000000        38.8399297525987        31.6988625934670     
   1.76000000000000        38.8738460073328        31.7321006262500     
   1.76500000000000        38.9076499394748        31.7652284263963     
   1.77000000000000        38.9413414075707        31.7982458938621     
   1.77500000000000        38.9749209829835        31.8311535692248     
   1.78000000000000        39.0083889784729        31.8639517593807     
   1.78500000000000        39.0417457194242        31.8966407828771     
   1.79000000000000        39.0749915272588        31.9292209549392     
   1.79500000000000        39.1081269496932        31.9616927937337     
   1.80000000000000        39.1411518427146        31.9940561969231     
   1.80500000000000        39.1740667797290        32.0263117072905     
   1.81000000000000        39.2068720385904        32.0584596004422     
   1.81500000000000        39.2395680158481        32.0905002594779     
   1.82000000000000        39.2721549975302        32.1224339675280     
   1.82500000000000        39.3046333049795        32.1542610401799     
   1.83000000000000        39.3370032610026        32.1859817942282     
   1.83500000000000        39.3692651879107        32.2175965460787     
   1.84000000000000        39.4014194082329        32.2491056123441     
   1.84500000000000        39.4334662443012        32.2805093094748     
   1.85000000000000        39.4654060184506        32.3118079539425     
   1.85500000000000        39.4972390160329        32.3430018287334     
   1.86000000000000        39.5289656336868        32.3740913177791     
   1.86500000000000        39.5605861560282        32.4050767030169     
   1.87000000000000        39.5921009031519        32.4359582990972     
   1.87500000000000        39.6235101966755        32.4667364218469     
   1.88000000000000        39.6548143573080        32.4974113862931     
   1.88500000000000        39.6860136701139        32.5279834752025     
   1.89000000000000        39.7171085273697        32.5584530683898     
   1.89500000000000        39.7480991790647        32.5888204166197     
   1.90000000000000        39.7789860132956        32.6190858959868     
   1.90500000000000        39.8097693157548        32.6492497895802     
   1.91000000000000        39.8404494043917        32.6793124101014     
   1.91500000000000        39.8710265990261        32.7092740717407     
   1.92000000000000        39.9015012184040        32.7391350877321     
   1.92500000000000        39.9318735810163        32.7688957710260     
   1.93000000000000        39.9621440048556        32.7985564341015     
   1.93500000000000        39.9923128073354        32.8281173888728     
   1.94000000000000        40.0223803052294        32.8575789466375     
   1.94500000000000        40.0523467780989        32.8869413849371     
   1.95000000000000        40.0822126160819        32.9162050816347     
   1.95500000000000        40.1119780975523        32.9453703127834     
   1.96000000000000        40.1416435361070        32.9744373868988     
   1.96500000000000        40.1712092470234        33.0034066138308     
   1.97000000000000        40.2006755446237        33.0322783025766     
   1.97500000000000        40.2300427432134        33.0610527620906     
   1.98000000000000        40.2593111566104        33.0897303008650     
   1.98500000000000        40.2884813318248        33.1183114371189     
   1.99000000000000        40.3175530974258        33.1467960423308     
   1.99500000000000        40.3465270253820        33.1751846584977     
   2.00000000000000        40.3754034168196        33.2034775819123     
   2.00500000000000        40.4041825850798        33.2316751200848     
   2.01000000000000        40.4328648383897        33.2597775760392     
   2.01500000000000        40.4614504857539        33.2877852535005     
   2.02000000000000        40.4899398352050        33.3156984553143     
   2.02500000000000        40.5183331946096        33.3435174841696     
   2.03000000000000        40.5466308716077        33.3712426425526     
   2.03500000000000        40.5748331736653        33.3988742327905     
   2.04000000000000        40.6029404081036        33.4264125570818     
   2.04500000000000        40.6309528818931        33.4538579172849     
   2.05000000000000        40.6588709014906        33.4812106147615     
   2.05500000000000        40.6866947726613        33.5084709501916     
   2.06000000000000        40.7144248000908        33.5356392231888     
   2.06500000000000        40.7420612873149        33.5627157322335     
   2.07000000000000        40.7696044997754        33.5897007411678     
   2.07500000000000        40.7970548133833        33.6165946140084     
   2.08000000000000        40.8244124913298        33.6433976120598     
   2.08500000000000        40.8516778319253        33.6701100289429     
   2.09000000000000        40.8788511350519        33.6967321595029     
   2.09500000000000        40.9059326999528        33.7232642980433     
   2.10000000000000        40.9329228261643        33.7497067391291     
   2.10500000000000        40.9598218132655        33.7760597773870     
   2.11000000000000        40.9866299233352        33.8023236733963     
   2.11500000000000        41.0133475309309        33.8284987899258     
   2.12000000000000        41.0399748964689        33.8545853855889     
   2.12500000000000        41.0665123150951        33.8805837509416     
   2.13000000000000        41.0929600822283        33.9064941764616     
   2.13500000000000        41.1193184907856        33.9323169502244     
   2.14000000000000        41.1455878322909        33.9580523588822     
   2.14500000000000        41.1717683969974        33.9837006878348     
   2.15000000000000        41.1978604744685        34.0092622218006     
   2.15500000000000        41.2238643170868        34.0347372117612     
   2.16000000000000        41.2497802900920        34.0601260112907     
   2.16500000000000        41.2756086468528        34.0854288720655     
   2.17000000000000        41.3013496773273        34.1106460795550     
   2.17500000000000        41.3270036737347        34.1357779211386     
   2.18000000000000        41.3525711685646        34.1608249009193     
   2.18500000000000        41.3780519517923        34.1857868526485     
   2.19000000000000        41.4034465795855        34.2106643028717     
   2.19500000000000        41.4287553270856        34.2354575224181     
   2.20000000000000        41.4539784800743        34.2601667917482     
   2.20500000000000        41.4791163174497        34.2847923850690     
   2.21000000000000        41.5041691179548        34.3093345763459     
   2.21500000000000        41.5291371591530        34.3337936384552     
   2.22000000000000        41.5540207192638        34.3581698449337     
   2.22500000000000        41.5788200778558        34.3824634706854     
   2.23000000000000        41.6035355164273        34.4066747925522     
   2.23500000000000        41.6281672795358        34.4308040539340     
   2.24000000000000        41.6527157301384        34.4548516062130     
   2.24500000000000        41.6771813575266        34.4788179135000     
   2.25000000000000        41.7015641820276        34.5027030167828     
   2.25500000000000        41.7258642493742        34.5265069808538     
   2.26000000000000        41.7500820954919        34.5502303126045     
   2.26500000000000        41.7742179843831        34.5738732712928     
   2.27000000000000        41.7982721849924        34.5974361207337     
   2.27500000000000        41.8222449608000        34.6209191198066     
   2.28000000000000        41.8461365757116        34.6443225278044     
   2.28500000000000        41.8699472946051        34.6676466050762     
   2.29000000000000        41.8936773857517        34.6908916153700     
   2.29500000000000        41.9173271214763        34.7140578265041     
   2.30000000000000        41.9408967781602        34.7371455103578     
   2.30500000000000        41.9643866349997        34.7601549416312     
   2.31000000000000        41.9877969717299        34.7830863955691     
   2.31500000000000        42.0111280659464        34.8059401452827     
   2.32000000000000        42.0343801902818        34.8287164589324     
   2.32500000000000        42.0575536105993        34.8514155979193     
   2.33000000000000        42.0806485851484        34.8740378160468     
   2.33500000000000        42.1036653655648        34.8965833605150     
   2.34000000000000        42.1266041991943        34.9190524742478     
   2.34500000000000        42.1494653326043        34.9414453993969     
   2.35000000000000        42.1722490152647        34.9637623810263     
   2.35500000000000        42.1949555030174        34.9860036705720     
   2.36000000000000        42.2175850201058        35.0081694913967     
   2.36500000000000        42.2401381671192        35.0302604088953     
   2.37000000000000        42.2626146683938        35.0522761950337     
   2.37500000000000        42.2850150774600        35.0742173742490     
   2.38000000000000        42.3073396608228        35.0960842090567     
   2.38500000000000        42.3295886897896        35.1178769658475     
   2.39000000000000        42.3517624194510        35.1395958953885     
   2.39500000000000        42.3738610931930        35.1612412366701     
   2.40000000000000        42.3958849421347        35.1828132165104     
   2.40500000000000        42.4178341903453        35.2043120546827     
   2.41000000000000        42.4397093101496        35.2257381954187     
   2.41500000000000        42.4615100138779        35.2470913956801     
   2.42000000000000        42.4832370688936        35.2683723696815     
   2.42500000000000        42.5048904537361        35.2895811172365     
   2.43000000000000        42.5264702035443        35.3107176924407     
   2.43500000000000        42.5479768671076        35.3317826152298     
   2.44000000000000        42.5694107253263        35.3527761620004     
   2.44500000000000        42.5907720628432        35.3736986125775     
   2.45000000000000        42.6120611474195        35.3945502304345     
   2.45500000000000        42.6332782267516        35.4153312589983     
   2.46000000000000        42.6544235247494        35.4360419180039     
   2.46500000000000        42.6754972442485        35.4566824061439     
   2.47000000000000        42.6964995748409        35.4772529088957     
   2.47500000000000        42.7174307043787        35.4977536100062     
   2.48000000000000        42.7382908319259        35.5181847044346     
   2.48500000000000        42.7590801789988        35.5385464095794     
   2.49000000000000        42.7797989966061        35.5588389723133     
   2.49500000000000        42.8004475652172        35.5790626689517     
   2.50000000000000        42.8210261880156        35.5992177985055     
   2.52500000000000        42.9225613521122        35.6986919214490     
   2.55000000000000        43.0224025517199        35.7964875440716     
   2.57500000000000        43.1205740154280        35.8926396019796     
   2.60000000000000        43.2171027082174        35.9871786335710     
   2.62500000000000        43.3120158655588        36.0801329899586     
   2.65000000000000        43.4053398452813        36.1715292323087     
   2.67500000000000        43.4971010376359        36.2613935875320     
   2.70000000000000        43.5873258645944        36.3497521564786     
   2.72500000000000        43.6760401763345        36.4366303975771     
   2.75000000000000        43.7632692894397        36.5220532038174     
   2.77500000000000        43.8490382215626        36.6060451555933     
   2.80000000000000        43.9333716097406        36.6886304481972     
   2.82500000000000        44.0162936170748        36.7698328033011     
   2.85000000000000        44.0978279950072        36.8496755337373     
   2.87500000000000        44.1779992111052        36.9281825915961     
   2.90000000000000        44.2568279949409        37.0053744524137     
   2.92500000000000        44.3343381137522        37.0812743664291     
   2.95000000000000        44.4105517585053        37.1559040999202     
   2.97500000000000        44.4854905826489        37.2292849055008     
   3.00000000000000        44.5591764016221        37.3014381657844     
   3.02500000000000        44.6316301224576        37.3723843997452     
   3.05000000000000        44.7028803272881        37.4421512090482     
   3.07500000000000        44.7729312279585        37.5107436793756     
   3.10000000000000        44.8418113133724        37.5781892582115     
   3.12500000000000        44.9095403068182        37.6445072353472     
   3.15000000000000        44.9761375349113        37.7097165665638     
   3.17500000000000        45.0416220119350        37.7738359054059     
   3.20000000000000        45.1060124376399        37.8368835939142     
   3.22500000000000        45.1693272018130        37.8988776672455     
   3.25000000000000        45.2315843860464        37.9598358561312     
   3.27500000000000        45.2928017676139        38.0197755912269     
   3.30000000000000        45.3529968238520        38.0787140077773     
   3.32500000000000        45.4121867360527        38.1366679496982     
   3.35000000000000        45.4703883942302        38.1936539744203     
   3.37500000000000        45.5276184024499        38.2496883582139     
   3.40000000000000        45.5838930824573        38.3047870998614     
   3.42500000000000        45.6392284790458        38.3589659259853     
   3.45000000000000        45.6936403642834        38.4122402952535     
   3.47500000000000        45.7471442424187        38.4646254032357     
   3.50000000000000        45.7997553542585        38.5161361867405     
   3.52500000000000        45.8514884885040        38.5667871479990     
   3.55000000000000        45.9023587678351        38.6165930874870     
   3.57500000000000        45.9523804659829        38.6655680023098     
   3.60000000000000        46.0015678109594        38.7137258364144     
   3.62500000000000        46.0499347942677        38.7610802997198     
   3.65000000000000        46.0974951677109        38.8076448669550     
   3.67500000000000        46.1442624501881        38.8534327842181     
   3.70000000000000        46.1902499307292        38.8984570720707     
   3.72500000000000        46.2354706728658        38.9427305298051     
   3.75000000000000        46.2799373293736        38.9862655627960     
   3.77500000000000        46.3236629111330        39.0290748989477     
   3.80000000000000        46.3666596293923        39.0711705111450     
   3.82500000000000        46.4089396804301        39.1125643493551     
   3.85000000000000        46.4505150590442        39.1532681641453     
   3.87500000000000        46.4913975552555        39.1932935053181     
   3.90000000000000        46.5315987595737        39.2326517269629     
   3.92500000000000        46.5711300658706        39.2713539903746     
   3.95000000000000        46.6100026754843        39.3094112680498     
   3.97500000000000        46.6482275999553        39.3468343463731     
   4.00000000000000        46.6858156648752        39.3836338293971     
   4.02500000000000        46.7227775125688        39.4198201414803     
   4.05000000000000        46.7591236057246        39.4554035308481     
   4.07500000000000        46.7948642303021        39.4903940724548     
   4.10000000000000        46.8300094985411        39.5248016709417     
   4.12500000000000        46.8645705382011        39.5586371667977     
   4.15000000000000        46.8985546745142        39.5919078640574     
   4.17500000000000        46.9319728052415        39.6246243680032     
   4.20000000000000        46.9648343660641        39.6567959139962     
   4.22500000000000        46.9971486427173        39.6884315965817     
   4.25000000000000        47.0289247612965        39.7195403549274     
   4.27500000000000        47.0601716970607        39.7501309799294     
   4.30000000000000        47.0908982744707        39.7802121144677     
   4.32500000000000        47.1211131704164        39.8097922565923     
   4.35000000000000        47.1508249157983        39.8388797611707     
   4.37500000000000        47.1800418982814        39.8674828426330     
   4.40000000000000        47.2087723650508        39.8956095776900     
   4.42500000000000        47.2370244244830        39.9232679070065     
   4.45000000000000        47.2648060487253        39.9504656377418     
   4.47500000000000        47.2921250762488        39.9772104460587     
   4.50000000000000        47.3189892137823        40.0035098790262     
   4.52500000000000        47.3454060388321        40.0293713570935     
   4.55000000000000        47.3713830017681        40.0548021761426     
   4.57500000000000        47.3969274276798        40.0798095093127     
   4.60000000000000        47.4220465194193        40.1044004099735     
   4.62500000000000        47.4467473582857        40.1285818124192     
   4.65000000000000        47.4710369074581        40.1523605352166     
   4.67500000000000        47.4949218176652        40.1757430996610     
   4.70000000000000        47.5184092204974        40.1987364701282     
   4.72500000000000        47.5415055297202        40.2213469364983     
   4.75000000000000        47.5642172501679        40.2435808698443     
   4.77500000000000        47.5865507829030        40.2654445378561     
   4.80000000000000        47.6085122212963        40.2869439157621     
   4.82500000000000        47.6301081594387        40.3080854412431     
   4.85000000000000        47.6513444717446        40.3288748757307     
   4.87500000000000        47.6722271368685        40.3493180748717     
   4.90000000000000        47.6927618423886        40.3694206161983     
   4.92500000000000        47.7129547723324        40.3891885358847     
   4.95000000000000        47.7328114081268        40.4086272103385     
   4.97500000000000        47.7523373382080        40.4277421129227     
   5.00000000000000        47.7715380627981        40.4465386288924     
   5.02500000000000        47.7904189881262        40.4650220515761     
   5.05000000000000        47.8089852321388        40.4831974007130     
   5.07500000000000        47.8272422330139        40.5010699907578     
   5.10000000000000        47.8451953216700        40.5186450315186     
   5.12500000000000        47.8628493441650        40.5359272790569     
   5.15000000000000        47.8802092691011        40.5529215994503     
   5.17500000000000        47.8972799852870        40.5696327790622     
   5.20000000000000        47.9140662987089        40.5860655232374     
   5.22500000000000        47.9305729347907        40.6022244584725     
   5.25000000000000        47.9468045401303        40.6181141341503     
   5.27500000000000        47.9627656835729        40.6337390235537     
   5.30000000000000        47.9784608574939        40.6491035251150     
   5.32500000000000        47.9938944795627        40.6642119641197     
   5.35000000000000        48.0090708936366        40.6790685935873     
   5.37500000000000        48.0239943714252        40.6936775958817     
   5.40000000000000        48.0386691128986        40.7080430831348     
   5.42500000000000        48.0530992483068        40.7221690992007     
   5.45000000000000        48.0672888391204        40.7360596205855     
   5.47500000000000        48.0812418790664        40.7497185574558     
   5.50000000000000        48.0949622953136        40.7631497548045     
   5.52500000000000        48.1084539497487        40.7763569936979     
   5.55000000000000        48.1217204358562        40.7893438011895     
   5.57500000000000        48.1347659053738        40.8021142230652     
   5.60000000000000        48.1475938161547        40.8146716541574     
   5.62500000000000        48.1602077759852        40.8270196283089     
   5.65000000000000        48.1726113378990        40.8391616239477     
   5.67500000000000        48.1848079937207        40.8511010596615     
   5.70000000000000        48.1968011777511        40.8628412976830     
   5.72500000000000        48.2085942666465        40.8743856438652     
   5.75000000000000        48.2201905809485        40.8857373491325     
   5.77500000000000        48.2315931848506        40.8968994221641     
   5.80000000000000        48.2428057002632        40.9078753900131     
   5.82500000000000        48.2538310739476        40.9186681470745     
   5.85000000000000        48.2646724073738        40.9292807313478     
   5.87500000000000        48.2753327561291        40.9397161341535     
   5.90000000000000        48.2858151226069        40.9499772948430     
   5.92500000000000        48.2961224598888        40.9600671044543     
   5.95000000000000        48.3062574749066        40.9699882217029     
   5.97500000000000        48.3162234255889        40.9797438173803     
   6.00000000000000        48.3260229133434        40.9893364477120     
   6.02500000000000        48.3356586961139        40.9987688142517     
   6.05000000000000        48.3451334911830        41.0080435770597     
   6.07500000000000        48.3544499685620        41.0171633500362     
   6.10000000000000        48.3636107544394        41.0261307041463     
   6.12500000000000        48.3726196725122        41.0349493246584     
   6.15000000000000        48.3814767020691        41.0436193196354     
   6.17500000000000        48.3901856854652        41.0521443830210     
   6.20000000000000        48.3987490664229        41.0605269011643     
   6.22500000000000        48.4071692576507        41.0687692362338     
   6.25000000000000        48.4154486282248        41.0768737087796     
   6.27500000000000        48.4235895113477        41.0848426037876     
   6.30000000000000        48.4315942011018        41.0926781677265     
   6.32500000000000        48.4394649544773        41.1003826105503     
   6.35000000000000        48.4472039914258        41.1079581058301     
   6.37500000000000        48.4548134952502        41.1154067911760     
   6.40000000000000        48.4622956127457        41.1227307684186     
   6.42500000000000        48.4696524557835        41.1299321051575     
   6.45000000000000        48.4768861008238        41.1370128343015     
   6.47500000000000        48.4839985898587        41.1439749550061     
   6.50000000000000        48.4909919311496        41.1508204333930     
   6.52500000000000        48.4978680999225        41.1575512032252     
   6.55000000000000        48.5046290380499        41.1641691656131     
   6.57500000000000        48.5112766556234        41.1706761905485     
   6.60000000000000        48.5178126278684        41.1770739267640     
   6.62500000000000        48.5242392173671        41.1833645704655     
   6.65000000000000        48.5305580274293        41.1895497006270     
   6.67500000000000        48.5367708413940        41.1956310646787     
   6.70000000000000        48.5428794180376        41.2016103842472     
   6.72500000000000        48.5488854850025        41.2074893505799     
   6.75000000000000        48.5547907416534        41.2132696272114     
   6.77500000000000        48.5605968588136        41.2189528497948     
   6.80000000000000        48.5663054799254        41.2245406271914     
   6.82500000000000        48.5719194690756        41.2300357051876     
   6.85000000000000        48.5774378410444        41.2354372475541     
   6.87500000000000        48.5828635108011        41.2407480402743     
   6.90000000000000        48.5881980031596        41.2459695700411     
   6.92500000000000        48.5934428275254        41.2511033146315     
   6.95000000000000        48.5985994645597        41.2561507247798     
   6.97500000000000        48.6036693735140        41.2611132298279     
   7.00000000000000        48.6086539895785        41.2659922353366     
   7.02500000000000        48.6135547250771        41.2707891242785     
   7.05000000000000        48.6183729689486        41.2755052566190     
   7.07500000000000        48.6231100875923        41.2801419701803     
   7.10000000000000        48.6277674248503        41.2847005806528     
   7.12500000000000        48.6323463020881        41.2891823816957     
   7.15000000000000        48.6368478092316        41.2935884491719     
   7.17500000000000        48.6412736539840        41.2979204358655     
   7.20000000000000        48.6456248734730        41.3021793664294     
   7.22500000000000        48.6499027005270        41.3063664494313     
   7.25000000000000        48.6541083529813        41.3104828769228     
   7.27500000000000        48.6582430268491        41.3145298196714     
   7.30000000000000        48.6623078986259        41.3185084293002     
   7.32500000000000        48.6663041246356        41.3224198377554     
   7.35000000000000        48.6702328423173        41.3262651585149     
   7.37500000000000        48.6740951702092        41.3300454865658     
   7.40000000000000        48.6778922081546        41.3337618986058     
   7.42500000000000        48.6816250376999        41.3374154534307     
   7.45000000000000        48.6852947225582        41.3410071923787     
   7.47500000000000        48.6889023087409        41.3445381394629     
   7.50000000000000        48.6924488247463        41.3480093015525     
   7.52500000000000        48.6959352824022        41.3514216691950     
   7.55000000000000        48.6993626765260        41.3547762162860     
   7.57500000000000        48.7027319853613        41.3580739004962     
   7.60000000000000        48.7060441710906        41.3613156637759     
   7.62500000000000        48.7093001798784        41.3645024323905     
   7.65000000000000        48.7125007358357        41.3676349239545     
   7.67500000000000        48.7156471764384        41.3707144288542     
   7.70000000000000        48.7187399886759        41.3737414416966     
   7.72500000000000        48.7217804561036        41.3767172020302     
   7.75000000000000        48.7247692454926        41.3796423717238     
   7.77500000000000        48.7277072095290        41.3825177868599     
   7.80000000000000        48.7305951927139        41.3853442738109     
   7.82500000000000        48.7334340232134        41.3881226431419     
   7.85000000000000        48.7362245158097        41.3908536923058     
   7.87500000000000        48.7389674715080        41.3935382053526     
   7.90000000000000        48.7416636778376        41.3961769531742     
   7.92500000000000        48.7443139090834        41.3987706937218     
   7.95000000000000        48.7469189269982        41.4013201726920     
   7.97500000000000        48.7494807355384        41.4038272937935     
   8.00000000000000        48.7519974834871        41.4062903729955     
   8.02500000000000        48.7544712542437        41.4087113821620     
   8.05000000000000        48.7569027483417        41.4110910009986     
   8.07500000000000        48.7592926643705        41.4134299134908     
   8.10000000000000        48.7616414818628        41.4157285989569     
   8.12500000000000        48.7639502931468        41.4179881085944     
   8.15000000000000        48.7662195488485        41.4202088934584     
   8.17500000000000        48.7684498995534        41.4223915923086     
   8.20000000000000        48.7706419909432        41.4245368372432     
   8.22500000000000        48.7727964563678        41.4266452483131     
   8.25000000000000        48.7749139189443        41.4287174354827     
   8.27500000000000        48.7769949914433        41.4307539986190     
   8.30000000000000        48.7790402766117        41.4327555277730     
   8.32500000000000        48.7810592632775        41.4347308913579     
   8.35000000000000        48.7830342407889        41.4366636758585     
   8.37500000000000        48.7849752926110        41.4385632740291     
   8.40000000000000        48.7868830021474        41.4404302037964     
   8.42500000000000        48.7887578791952        41.4422649671239     
   8.45000000000000        48.7906004401003        41.4440680774807     
   8.47500000000000        48.7924112012971        41.4458400462875     
   8.50000000000000        48.7941906771819        41.4475813809391     
   8.52500000000000        48.7959393778376        41.4492925832377     
   8.55000000000000        48.7976578073168        41.4509741482092     
   8.57500000000000        48.7993464634377        41.4526265642242     
   8.60000000000000        48.8010056277252        41.4542501163541     
   8.62500000000000        48.8026362102577        41.4558456769380     
   8.65000000000000        48.8042384677647        41.4574135069941     
   8.67500000000000        48.8058128649498        41.4589540632679     
   8.70000000000000        48.8073598646176        41.4604677987773     
   8.72500000000000        48.8088799200295        41.4619551572480     
   8.75000000000000        48.8103734776434        41.4634165756839     
   8.77500000000000        48.8118409758894        41.4648524832800     
   8.80000000000000        48.8132828464726        41.4662633026475     
   8.82500000000000        48.8147007713223        41.4676506222589     
   8.85000000000000        48.8160925749049        41.4690124406155     
   8.87500000000000        48.8174600294979        41.4703504250128     
   8.90000000000000        48.8188035267533        41.4716649527876     
   8.92500000000000        48.8201234619358        41.4729564109898     
   8.95000000000000        48.8214200183938        41.4742249889118     
   8.97500000000000        48.8226939901838        41.4754714459225     
   9.00000000000000        48.8239455416101        41.4766959527363     
   9.02500000000000        48.8251750397495        41.4778988705378     
   9.05000000000000        48.8263828510145        41.4790805580359     
   9.07500000000000        48.8275693342302        41.4802413665352     
   9.10000000000000        48.8287348425365        41.4813816417111     
   9.12500000000000        48.8298797232945        41.4825017236064     
   9.15000000000000        48.8310043181241        41.4836019466424     
   9.17500000000000        48.8321089627055        41.4846826394387     
   9.20000000000000        48.8331939874767        41.4857441254807     
   9.22500000000000        48.8342595106556        41.4867865292323     
   9.25000000000000        48.8353062744060        41.4878105582687     
   9.27500000000000        48.8363343764174        41.4888163175975     
   9.30000000000000        48.8373441221301        41.4898041078005     
   9.32500000000000        48.8383358178138        41.4907742284931     
   9.35000000000000        48.8393097626145        41.4917269724115     
   9.37500000000000        48.8402660426438        41.4926624324800     
   9.40000000000000        48.8412053729113        41.4935812895794     
   9.42500000000000        48.8421278197160        41.4944836179207     
   9.45000000000000        48.8430336594309        41.4953696896137     
   9.47500000000000        48.8439231692443        41.4962397757836     
   9.50000000000000        48.8447966196133        41.4970941410727     
   9.52500000000000        48.8456542771577        41.4979330463372     
   9.55000000000000        48.8464964036397        41.4987567477473     
   9.57500000000000        48.8473232562181        41.4995654969935     
   9.60000000000000        48.8481350882617        41.5003595420690     
   9.62500000000000        48.8489321482593        41.5011391262114     
   9.65000000000000        48.8497146808618        41.5019044889077     
   9.67500000000000        48.8504841858355        41.5026570402814     
   9.70000000000000        48.8512383041706        41.5033945992061     
   9.72500000000000        48.8519786316738        41.5041186602061     
   9.75000000000000        48.8527053853391        41.5048294296213     
   9.77500000000000        48.8534185822207        41.5055269329364     
   9.80000000000000        48.8541188602241        41.5062117769166     
   9.82500000000000        48.8548060134158        41.5068837786954     
   9.85000000000000        48.8554806697967        41.5075435363740     
   9.87500000000000        48.8561428261414        41.5081910561841     
   9.90000000000000        48.8567926857405        41.5088265387908     
   9.92500000000000        48.8574317135512        41.5094513600439     
   9.95000000000000        48.8580575136627        41.5100633026182     
   9.97500000000000        48.8586716469129        41.5106638266776     
   10.0000000000000        48.8592755547124        41.5112542790842     
   10.0250000000000        48.8598668295799        41.5118324313136     
   10.0500000000000        48.8604470171215        41.5123997299188     
   10.0750000000000        48.8610162872155        41.5129563358595     
   10.1000000000000        48.8615748174540        41.5135024236092     
   10.1250000000000        48.8621227794377        41.5140381626657     
   10.1500000000000        48.8626603451533        41.5145637223716     
   10.1750000000000        48.8631876845575        41.5150792697724     
   10.2000000000000        48.8637049655149        41.5155849696205     
   10.2250000000000        48.8642123535684        41.5160809842520     
   10.2500000000000        48.8647100117898        41.5165674734920     
   10.2750000000000        48.8651981009609        41.5170445948558     
   10.3000000000000        48.8656767789278        41.5175125029553     
   10.3250000000000        48.8661462012727        41.5179713501589     
   10.3500000000000        48.8666065210368        41.5184212863274     
   10.3750000000000        48.8670578887244        41.5188624588286     
   10.4000000000000        48.8675004525936        41.5192950128175     
   10.4250000000000        48.8679343584016        41.5197190909960     
   10.4500000000000        48.8683597492318        41.5201348334528     
   10.4750000000000        48.8687767660367        41.5205423781831     
   10.5000000000000        48.8691868073112        41.5209430361858     
   10.5250000000000        48.8695874122573        41.5213345267124     
   10.5500000000000        48.8699813391061        41.5217194241705     
   10.5750000000000        48.8703661101875        41.5220954252365     
   10.6000000000000        48.8707432177928        41.5224639231811     
   10.6250000000000        48.8711127720838        41.5228250209546     
   10.6500000000000        48.8714748946976        41.5231788384893     
   10.6750000000000        48.8718297014853        41.5235254909227     
   10.7000000000000        48.8721771086391        41.5238649059322     
   10.7250000000000        48.8725265719017        41.5242059011900     
   10.7500000000000        48.8728596416590        41.5245313502579     
   10.7750000000000        48.8731859697248        41.5248502248027     
   10.8000000000000        48.8735056907667        41.5251626033962     
   10.8250000000000        48.8738188713640        41.5254685541365     
   10.8500000000000        48.8741255926564        41.5257681644036     
   10.8750000000000        48.8744272027977        41.5260627017624     
   10.9000000000000        48.8747209890524        41.5263496515036     
   10.9250000000000        48.8750088380832        41.5266307760647     
   10.9500000000000        48.8752906164392        41.5269059498621     
   10.9750000000000        48.8755664160840        41.5271752656156     
   11.0000000000000        48.8758375904837        41.5274399918988     
   11.0250000000000        48.8761016355857        41.5276978067325     
   11.0500000000000        48.8763600090749        41.5279500701405     
   11.0750000000000        48.8766127914333        41.5281968553102     
   11.1000000000000        48.8768600728426        41.5284382509376     
   11.1250000000000        48.8771019379498        41.5286743413057     
   11.1500000000000        48.8773384737861        41.5289052125321     
   11.1750000000000        48.8775697663720        41.5291309494696     
   11.2000000000000        48.8777959007737        41.5293516358149     
   11.2250000000000        48.8780169615185        41.5295673545939     
   11.2500000000000        48.8782330321415        41.5297781877652     
   11.2750000000000        48.8784441945413        41.5299842156353     
   11.3000000000000        48.8786505296535        41.5301855175312     
   11.3250000000000        48.8788521170460        41.5303821714158     
   11.3500000000000        48.8790490354568        41.5305742544117     
   11.3750000000000        48.8792413617627        41.5307618418187     
   11.4000000000000        48.8794304324306        41.5309461839308     
   11.4250000000000        48.8796137238524        41.5311249385404     
   11.4500000000000        48.8797926743136        41.5312994459784     
   11.4750000000000        48.8799673440951        41.5314697591868     
   11.5000000000000        48.8801378026765        41.5316359462896     
   11.5250000000000        48.8803041144275        41.5317980715033     
   11.5500000000000        48.8804661409076        41.5319560087546     
   11.5750000000000        48.8806243674411        41.5321102148077     
   11.6000000000000        48.8807786445053        41.5322605529747     
   11.6250000000000        48.8809290334520        41.5324070850799     
   11.6500000000000        48.8810756001987        41.5325498755897     
   11.6750000000000        48.8812184079936        41.5326889864049     
   11.7000000000000        48.8813575193715        41.5328244786733     
   11.7250000000000        48.8814929954022        41.5329564121557     
   11.7500000000000        48.8816248963685        41.5330848458479     
   11.7750000000000        48.8817532816766        41.5332098378915     
   11.8000000000000        48.8818782093142        41.5333314450540     
   11.8250000000000        48.8819997366977        41.5334497235407     
   11.8500000000000        48.8821179201537        41.5335647284906     
   11.8750000000000        48.8822326109880        41.5336763229761     
   11.9000000000000        48.8823440782866        41.5337847603929     
   11.9250000000000        48.8824525766102        41.5338902801574     
   11.9500000000000        48.8825579426216        41.5339927334838     
   11.9750000000000        48.8826602272800        41.5340921715204     
   12.0000000000000        48.8827607443973        41.5341898220156     
   12.0250000000000        48.8828569462729        41.5342833189124     
   12.0500000000000        48.8829502476715        41.5343739792864     
   12.0750000000000        48.8830406856593        41.5344618332135     
   12.1000000000000        48.8831283064468        41.5345469259421     
   12.1250000000000        48.8832131516614        41.5346292993592     
   12.1500000000000        48.8832952650701        41.5347089970383     
   12.1750000000000        48.8833746904945        41.5347860623854     
   12.2000000000000        48.8834514714681        41.5348605383261     
   12.2250000000000        48.8835256509621        41.5349324671348     
   12.2500000000000        48.8835972716834        41.5350018907528     
   12.2750000000000        48.8836663755131        41.5350688502714     
   12.3000000000000        48.8837330040612        41.5351333864804     
   12.3250000000000        48.8837971978759        41.5351955391212     
   12.3500000000000        48.8838589973017        41.5352553477151     
   12.3750000000000        48.8839184418483        41.5353128509608     
   12.4000000000000        48.8839755705696        41.5353680870997     
   12.4250000000000        48.8840304217659        41.5354210936365     
   12.4500000000000        48.8840830329020        41.5354719072587     
   12.4750000000000        48.8841334411858        41.5355205643977     
   12.5000000000000        48.8841816830148        41.5355671006876     
