  -8000000.00000000       0.000000000000000E+000
  -7892617.44966443       2.192691918313858E-012
  -7785234.89932886       8.810043537408872E-012
  -7677852.34899329       2.410099685803523E-011
  -7570469.79865772       5.574727111897267E-011
  -7463087.24832215       1.171601454226448E-010
  -7355704.69798658       2.313711920149427E-010
  -7248322.14765101       4.372825690413629E-010
  -7140939.59731544       7.995205008603453E-010
  -7033557.04697987       1.423690019782736E-009
  -6926174.49664430       2.479565321339905E-009
  -6818791.94630872       4.235709536263448E-009
  -6711409.39597315       7.110231734482783E-009
  -6604026.84563758       1.174387921175555E-008
  -6496644.29530201       1.910343455408327E-008
  -6389261.74496644       3.062542181235571E-008
  -6281879.19463087       4.841237972400167E-008
  -6174496.64429530       7.549635857366547E-008
  -6067114.09395973       1.161867481999362E-007
  -5959731.54362416       1.765219470520224E-007
  -5852348.99328859       2.648466622633473E-007
  -5744966.44295302       3.925387798239636E-007
  -5637583.89261745       5.749118914638641E-007
  -5530201.34228188       8.323220605688206E-007
  -5422818.79194631       1.191510931319544E-006
  -5315436.24161074       1.687223037912354E-006
  -5208053.69127517       2.364145021681254E-006
  -5100671.14093960       3.279231430598476E-006
  -4993288.59060403       4.504510348905115E-006
  -4885906.04026846       6.130509523335185E-006
  -4778523.48993289       8.270521226392705E-006
  -4671140.93959732       1.106605084426502E-005
  -4563758.38926174       1.469400285051534E-005
  -4456375.83892617       1.937650682669275E-005
  -4348993.28859060       2.539488384405909E-005
  -4241610.73825503       3.311030349470348E-005
  -4134228.18791946       4.299557542874340E-005
  -4026845.63758389       5.568600893082613E-005
  -3919463.08724832       7.206380977058117E-005
  -3812080.53691275       9.340283285429172E-005
  -3704697.98657718       1.216238855065048E-004
  -3597315.43624161       1.597548020678878E-004
  -3489932.88590604       2.127715095772349E-004
  -3382550.33557047       2.891464849054396E-004
  -3275167.78523490       4.037000573301975E-004
  -3167785.23489933       5.828190635315524E-004
  -3060402.68456376       8.738986710341226E-004
  -2953020.13422819       1.362146878712337E-003
  -2845637.58389262       2.199877798790688E-003
  -2738255.03355705       3.656320938337412E-003
  -2630872.48322148       6.199905396000304E-003
  -2523489.93288591       1.062977920090866E-002
  -2416107.38255034       1.827827576952902E-002
  -2308724.83221477       3.130951038164548E-002
  -2201342.28187919       5.313841597868557E-002
  -2093959.73154362       8.898514115546802E-002
  -1986577.18120805       0.146556854428704     
  -1879194.63087248       0.236808224539640     
  -1771812.08053691       0.374671781044538     
  -1664429.53020134       0.579574823038132     
  -1557046.97986577       0.875484592826593     
  -1449664.42953020        1.29017260850769     
  -1342281.87919463        1.85339488419773     
  -1234899.32885906        2.59378015380654     
  -1127516.77852349        3.53442374515195     
  -1020134.22818792        4.68749395544403     
  -912751.677852349        6.04852533516241     
  -805369.127516778        7.59141360027376     
  -697986.577181208        9.26532775829605     
  -590604.026845638        10.9947079093340     
  -483221.476510067        12.6831570803232     
  -375838.926174496        14.2213773396388     
  -268456.375838926        15.4984567576428     
  -161073.825503356        16.4149790818869     
  -53691.2751677856        16.8958313812938     
   53691.2751677856        16.9004196660092     
   161073.825503356        16.4283583695666     
   268456.375838926        15.5195232080545     
   375838.926174497        14.2484574115223     
   483221.476510067        12.7142242428979     
   590604.026845638        11.0276288080068     
   697986.577181209        9.29809684522996     
   805369.127516778        7.62234151813060     
   912751.677852349        6.07635892982990     
   1020134.22818792        4.71146108365953     
   1127516.77852349        3.55421016862871     
   1234899.32885906        2.60945592994434     
   1342281.87919463        1.86531232560187     
   1449664.42953020        1.29885728506013     
   1557046.97986577       0.881536398467210     
   1664429.53020134       0.583589744534351     
   1771812.08053691       0.377188575186945     
   1879194.63087248       0.238279028223268     
   1986577.18120805       0.147337458579617     
   2093959.73154362       8.933922905772831E-002
   2201342.28187919       5.325010237288419E-002
   2308724.83221477       3.129945677054029E-002
   2416107.38255034       1.821998346920146E-002
   2523489.93288591       1.056399149271010E-002
   2630872.48322148       6.146160047586113E-003
   2738255.03355705       3.621490953854166E-003
   2845637.58389262       2.184021926114547E-003
   2953020.13422819       1.362215603937276E-003
   3060402.68456376       8.858818353653701E-004
   3167785.23489933       6.028534223853025E-004
   3275167.78523490       4.285404335372461E-004
   3382550.33557047       3.162844222425760E-004
   3489932.88590604       2.403833118495035E-004
   3597315.43624161       1.865847856696592E-004
   3704697.98657718       1.468577715974928E-004
   3812080.53691275       1.165553944319507E-004
   3919463.08724832       9.288814859506187E-005
   4026845.63758389       7.410391284884953E-005
   4134228.18791946       5.904544691875080E-005
   4241610.73825503       4.690865645680357E-005
   4348993.28859060       3.710793086801359E-005
   4456375.83892617       2.919915814818253E-005
   4563758.38926174       2.283434063542040E-005
   4671140.93959732       1.773392216951803E-005
   4778523.48993289       1.366930222838808E-005
   4885906.04026846       1.045136454191849E-005
   4993288.59060403       7.922641697344461E-006
   5100671.14093960       5.951722433290961E-006
   5208053.69127517       4.429066252543852E-006
   5315436.24161074       3.263717467032342E-006
   5422818.79194631       2.380608852390757E-006
   5530201.34228188       1.718267884646444E-006
   5637583.89261745       1.226815365963950E-006
   5744966.44295302       8.661938168205805E-007
   5852348.99328859       6.045916382982861E-007
   5959731.54362416       4.170450448232760E-007
   6067114.09395973       2.842076115155903E-007
   6174496.64429530       1.912799808598249E-007
   6281879.19463087       1.270920357930672E-007
   6389261.74496644       8.332819111723437E-008
   6496644.29530201       5.388442078476503E-008
   6604026.84563758       3.434387469462973E-008
   6711409.39597316       2.155678669123092E-008
   6818791.94630872       1.330996295204904E-008
   6926174.49664430       8.071437220792475E-009
   7033557.04697987       4.796764207119794E-009
   7140939.59731544       2.784730834405237E-009
   7248322.14765101       1.571821744885980E-009
   7355704.69798658       8.564250212432890E-010
   7463087.24832215       4.453799487429957E-010
   7570469.79865772       2.169608789912903E-010
   7677852.34899329       9.570468372130665E-011
   7785234.89932886       3.559787542257510E-011
   7892617.44966443       9.053180776119119E-012
   8000000.00000000       0.000000000000000E+000
