   337.822620602676        16.8958313812938     
   3040.40358542408        16.8956432925151     
   8445.56551506689        16.8942905498885     
   16553.3084095311        16.8900657033281     
   27363.6322688167        16.8800622645564     
   40876.5370929237        16.8606259562605     
   57092.0228818522        16.8271759929647     
   76010.0896356020        16.7742858779686     
   97630.7373541732        16.6957409687190     
   121953.966037566        16.5846444561353     
   148979.775685780        16.4335684021763     
   178708.166298815        16.2347612155208     
   211139.137876672        15.9804197397028     
   246272.690419350        15.6630313760965     
   284108.823926850        15.2757852316150     
   324647.538399171        14.8130427398765     
   367888.833836314        14.2708495048936     
   413832.710238278        13.6474601787401     
   462479.167605063        12.9438364724376     
   513828.205936670        12.1640670395850     
   567879.825233098        11.3156501710157     
   624634.025494347        10.4095787678225     
   684090.806720418        9.46017408974465     
   746250.168911310        8.48463185341750     
   811112.112067024        7.50227178227067     
   878676.636187559        6.53351816203489     
   948943.741272916        5.59868031738705     
   1021913.42732309        4.71664169987895     
   1097585.69433809        3.90359625334681     
   1175960.54231791        3.17198257542419     
   1257037.97126256        2.52975385325228     
   1340817.98117202        1.98008271402751     
   1427300.57204630        1.52153911581282     
   1516485.74388541        1.14870662743895     
   1608373.49668934       0.853132961252371     
   1702963.83045809       0.624460541449168     
   1800256.74519166       0.451564663170010     
   1900252.24089005       0.323544818240855     
   2002950.31755326       0.230463153412720     
   2108350.97518130       0.163788028633916     
   2216454.21377415       0.116561720686100     
   2327260.03333183       8.335405036940545E-002
   2440768.43385433       6.008116859081426E-002
   2556979.41534165       4.376358999098527E-002
   2675892.97779379       3.227876525376638E-002
   2797509.12121076       2.414104012764876E-002
   2921827.84559254       1.832283149007720E-002
   3048849.15093915       1.411817368654690E-002
   3178573.03725057       1.104318947400383E-002
   3310999.50452682       8.765783461197239E-003
   3446128.55276789       7.057059234100138E-003
   3583960.18197379       5.758219409913602E-003
   3724494.39214450       4.758193369792559E-003
   3867731.18328003       3.978563451956517E-003
   4013670.55538039       3.363403001866449E-003
   4162312.50844557       2.872402639429537E-003
   4313657.04247556       2.476195323900652E-003
   4467704.15747038       2.153154650785951E-003
   4624453.85343003       1.887184470183582E-003
   4783906.13035449       1.666179530341492E-003
   4946060.98824377       1.480943584810439E-003
   5110918.42709788       1.324421853283820E-003
   5278478.44691681       1.191151330193267E-003
   5448741.04770055       1.076863391386047E-003
   5621706.22944912       9.781938263354764E-004
   5797373.99216251       8.924693251403809E-004
   5975744.33584073       8.175488636588787E-004
   6156817.26048376       7.517048547144321E-004
   6340592.76609162       6.935333522781138E-004
   6527070.85266429       6.418856600900134E-004
   6716251.52020179       5.958158383746672E-004
   6908134.76870411       5.545401123597567E-004
   7102720.59817125       5.174052590404125E-004
   7300009.00860322       4.838638168332548E-004
   7500000.00000000       4.534545171287602E-004
   7702693.57236161       4.257867399442576E-004
   7908089.72568803       4.005280910572757E-004
   8116188.45997928       3.773944159723526E-004
   8326989.77523535       3.561417278204731E-004
   8540493.67145624       3.365596474070233E-004
   8756700.14864196       3.184660447186137E-004
   8975609.20679249       3.017026402789829E-004
   9197220.84590784       2.861313773260034E-004
   9421535.06598802       2.716314161844516E-004
   9648551.86703302       2.580966332674356E-004
   9878271.24904284       2.454335313462627E-004
   10110693.2120175       2.335594864491641E-004
   10345817.7559569       2.224012715758838E-004
   10583644.8808612       2.118938089492919E-004
   10824174.5867303       2.019791117637720E-004
   11067406.8735643       1.926053836624487E-004
   11313341.7413630       1.837262500132009E-004
   11561979.1901266       1.753000997365438E-004
   11813319.2198550       1.672895201987674E-004
   12067361.8305482       1.596608107296062E-004
   12324107.0222062       1.523835628028276E-004
   12583554.7948291       1.454302969341110E-004
   12845705.1484167       1.387761479830101E-004
   13110558.0829692       1.323985919300983E-004
   13378113.5984866       1.262772082859402E-004
   13648371.6949687       1.203934732236276E-004
   13921332.3724157       1.147305792973741E-004
   14196995.6308274       1.092732782232516E-004
   14475361.4702040       1.040077437547903E-004
   14756429.8905455       9.892145210555472E-005
   15040200.8918517       9.400307776087052E-005
   15326674.4741228       8.924240282093146E-005
   15615850.6373587       8.463023828293858E-005
   15907729.3815594       8.015835589504868E-005
   16202310.7067249       7.581942940108964E-005
   16499594.6128553       7.160698414953576E-005
   16799581.0999505       6.751535417906877E-005
   17102270.1680104       6.353964600077005E-005
   17407661.8170353       5.967570840056867E-005
   17715756.0470249       5.592010765131830E-005
   18026552.8579794       5.227010759957644E-005
   18340052.2498987       4.872365414449724E-005
   18656254.2227828       4.527936365097300E-005
   18975158.7766317       4.193651487835143E-005
   19296765.9114454       3.869504400239984E-005
   19621075.6272240       3.555554229658637E-005
   19948087.9239674       3.251925598676823E-005
   20277802.8016756       2.958808771568110E-005
   20610220.2603486       2.676459889257842E-005
   20945340.2999865       2.405201195860848E-005
   21283162.9205892       2.145421121869064E-005
   21623688.1221567       1.897574028371075E-005
   21966915.9046890       1.662179324324882E-005
   22312846.2681861       1.439819527087699E-005
   22661479.2126481       1.231136620373883E-005
   23012814.7380749       1.036825735916238E-005
   23366852.8444665       8.576246928040944E-006
   23723593.5318229       6.942971977206350E-006
   24083036.8001441       5.476064497203901E-006
   24445182.6494302       4.182744127929097E-006
   24810031.0796811       3.069200996080313E-006
   25177582.0908968       2.139680884004236E-006
   25547835.6830773       1.395171511950140E-006
   25920791.8562227       8.316109385940795E-007
   26296450.6103329       4.376638444690971E-007
   26674811.9454079       1.924725032556925E-007
   27055875.8614477       6.456921437127148E-008
   27439642.3584523       1.427147907209363E-008
   27826111.4364218       2.018777248823807E-009
   28215283.0953561       6.509266474517622E-010
   28607157.3352552       5.786336950650466E-010
   29001734.1561191       6.909259287272171E-010
   29399013.5579478       6.744245950303660E-010
   29798995.5407414       7.494481602703665E-010
   30201680.1044998       0.000000000000000E+000
