  5.000000000000000E-003 -8.293160670182081E-003
  1.000000000000000E-002 -1.592404029247966E-002
  1.500000000000000E-002 -2.295072978241974E-002
  2.000000000000000E-002 -2.942780355130946E-002
  2.500000000000000E-002 -3.540738085115833E-002
  3.000000000000000E-002 -4.093811872167259E-002
  3.500000000000000E-002 -4.606470618011915E-002
  4.000000000000000E-002 -5.082773480484242E-002
  4.500000000000000E-002 -5.526380694711285E-002
  5.000000000000000E-002 -5.940577795634269E-002
  5.500000000000000E-002 -6.328305728789861E-002
  6.000000000000000E-002 -6.692193336114446E-002
  6.500000000000000E-002 -7.034588940540300E-002
  7.000000000000001E-002 -7.357596586649279E-002
  7.500000000000000E-002 -7.663071302315470E-002
  8.000000000000000E-002 -7.952715565224552E-002
  8.500000000000001E-002 -8.228017158092155E-002
  9.000000000000000E-002 -8.490327747234655E-002
  9.500000000000000E-002 -8.740854782238658E-002
  0.100000000000000      -8.980685671494985E-002
  0.105000000000000      -9.210804618240392E-002
  0.110000000000000      -9.432073972014331E-002
  0.115000000000000      -9.645314391969725E-002
  0.120000000000000      -9.851231713793396E-002
  0.125000000000000      -0.100504881816195     
  0.130000000000000      -0.102436534387924     
  0.135000000000000      -0.104312885424874     
  0.140000000000000      -0.106138667610453     
  0.145000000000000      -0.107918320956948     
  0.150000000000000      -0.109655976567111     
  0.155000000000000      -0.111355287694697     
  0.160000000000000      -0.113019543059054     
  0.165000000000000      -0.114651850420088     
  0.170000000000000      -0.116255150248013     
  0.175000000000000      -0.117831844078046     
  0.180000000000000      -0.119384404182904     
  0.185000000000000      -0.120914964586021     
  0.190000000000000      -0.122425530645838     
  0.195000000000000      -0.123917929185667     
  0.200000000000000      -0.125393845091487     
  0.205000000000000      -0.126854827221037     
  0.210000000000000      -0.128302258295549     
  0.215000000000000      -0.129737598652939     
  0.220000000000000      -0.131161872450668     
  0.225000000000000      -0.132576303298827     
  0.230000000000000      -0.133981882396281     
  0.235000000000000      -0.135379569368792     
  0.240000000000000      -0.136770233766144     
  0.245000000000000      -0.138154682162822     
  0.250000000000000      -0.139533656863025     
  0.255000000000000      -0.140907842283317     
  0.260000000000000      -0.142277869691470     
  0.265000000000000      -0.143644377183893     
  0.270000000000000      -0.145007708585471     
  0.275000000000000      -0.146368593436080     
  0.280000000000000      -0.147727405089008     
  0.285000000000000      -0.149084414048948     
  0.290000000000000      -0.150440224400523     
  0.295000000000000      -0.151795054646299     
  0.300000000000000      -0.153149270499520     
  0.305000000000000      -0.154503150152448     
  0.310000000000000      -0.155856967447527     
  0.315000000000000      -0.157210965045811     
  0.320000000000000      -0.158565365649473     
  0.325000000000000      -0.159920371010717     
  0.330000000000000      -0.161276163423114     
  0.335000000000000      -0.162632907557283     
  0.340000000000000      -0.163990751204642     
  0.345000000000000      -0.165349826348000     
  0.350000000000000      -0.166710465724189     
  0.355000000000000      -0.168072083090598     
  0.360000000000000      -0.169435589620642     
  0.365000000000000      -0.170800605696406     
  0.370000000000000      -0.172167352421396     
  0.375000000000000      -0.173535836963950     
  0.380000000000000      -0.174906124776575     
  0.385000000000000      -0.176278249287091     
  0.390000000000000      -0.177652243889239     
  0.395000000000000      -0.179028130665686     
  0.400000000000000      -0.180405926164838     
  0.405000000000000      -0.181785639233929     
  0.410000000000000      -0.183167272820011     
  0.415000000000000      -0.184550823641736     
  0.420000000000000      -0.185936283398503     
  0.425000000000000      -0.187323638344450     
  0.430000000000000      -0.188712869933494     
  0.435000000000000      -0.190103955968439     
  0.440000000000000      -0.191496868981545     
  0.445000000000000      -0.192891579121677     
  0.450000000000000      -0.194288051630329     
  0.455000000000000      -0.195686249721968     
  0.460000000000000      -0.197086132818750     
  0.465000000000000      -0.198487658138286     
  0.470000000000000      -0.199890780348693     
  0.475000000000000      -0.201295451226551     
  0.480000000000000      -0.202701621441798     
  0.485000000000000      -0.204109238864059     
  0.490000000000000      -0.205518249957914     
  0.495000000000000      -0.206928599861227     
  0.500000000000000      -0.208340232039019     
  0.505000000000000      -0.209753088292582     
  0.510000000000000      -0.211167110079005     
  0.515000000000000      -0.212582237094451     
  0.520000000000000      -0.213998409003180     
  0.525000000000000      -0.215415620156279     
  0.530000000000000      -0.216833618943295     
  0.535000000000000      -0.218252577538425     
  0.540000000000000      -0.219672296293079     
  0.545000000000000      -0.221092757223925     
  0.550000000000000      -0.222513880694768     
  0.555000000000000      -0.223935664739677     
  0.560000000000000      -0.225357853172365     
  0.565000000000000      -0.226780617099119     
  0.570000000000000      -0.228203755973309     
  0.575000000000000      -0.229627250441745     
  0.580000000000000      -0.231051021561503     
  0.585000000000000      -0.232475009453386     
  0.590000000000000      -0.233899206077196     
  0.595000000000000      -0.235323357542445     
  0.600000000000000      -0.236747635550579     
  0.605000000000000      -0.238171841484597     
  0.610000000000000      -0.239595957380920     
  0.615000000000000      -0.241019906073264     
  0.620000000000000      -0.242443630635955     
  0.625000000000000      -0.243867124785160     
  0.630000000000000      -0.245290138163530     
  0.635000000000000      -0.246712845248942     
  0.640000000000000      -0.248135050798801     
  0.645000000000000      -0.249556739992641     
  0.650000000000000      -0.250977839900956     
  0.655000000000000      -0.252398255328661     
  0.660000000000000      -0.253818070206087     
  0.665000000000000      -0.255237047259721     
  0.670000000000000      -0.256655236345266     
  0.675000000000000      -0.258072547021791     
  0.680000000000000      -0.259488936075920     
  0.685000000000000      -0.260904345517792     
  0.690000000000000      -0.262318779821485     
  0.695000000000000      -0.263731996583217     
  0.700000000000000      -0.265144178083748     
  0.705000000000000      -0.266555138139712     
  0.710000000000000      -0.267964870629139     
  0.715000000000000      -0.269373311567741     
  0.720000000000000      -0.270780416306846     
  0.725000000000000      -0.272186134977672     
  0.730000000000000      -0.273590420774556     
  0.735000000000000      -0.274993283142098     
  0.740000000000000      -0.276394486647816     
  0.745000000000000      -0.277794220406927     
  0.750000000000000      -0.279192304560278     
  0.755000000000000      -0.280588739791342     
  0.760000000000000      -0.281983468421132     
  0.765000000000000      -0.283376453155816     
  0.770000000000000      -0.284767650377983     
  0.775000000000000      -0.286157019932820     
  0.780000000000000      -0.287544521320596     
  0.785000000000000      -0.288930115196621     
  0.790000000000000      -0.290313763118377     
  0.795000000000000      -0.291695385223477     
  0.800000000000000      -0.293075086798947     
  0.805000000000000      -0.294452650165844     
  0.810000000000000      -0.295828146674280     
  0.815000000000000      -0.297201504473764     
  0.820000000000000      -0.298572701946429     
  0.825000000000000      -0.299941659589839     
  0.830000000000000      -0.301308487866462     
  0.835000000000000      -0.302672972829540     
  0.840000000000000      -0.304035246235471     
  0.845000000000000      -0.305395052208583     
  0.850000000000000      -0.306752605846006     
  0.855000000000000      -0.308107738600043     
  0.860000000000000      -0.309460467410188     
  0.865000000000000      -0.310810748204930     
  0.870000000000000      -0.312158558744375     
  0.875000000000000      -0.313503925438106     
  0.880000000000000      -0.314846634393988     
  0.885000000000000      -0.316186892249560     
  0.890000000000000      -0.317524539179897     
  0.895000000000000      -0.318859594839277     
  0.900000000000000      -0.320192020097254     
  0.905000000000000      -0.321521796289378     
  0.910000000000000      -0.322848898604835     
  0.915000000000000      -0.324173305117238     
  0.920000000000000      -0.325495049798218     
  0.925000000000000      -0.326813922423099     
  0.930000000000000      -0.328130136082760     
  0.935000000000000      -0.329443535110982     
  0.940000000000000      -0.330754144691390     
  0.945000000000000      -0.332061930435531     
  0.950000000000000      -0.333366878618825     
  0.955000000000000      -0.334668969270463     
  0.960000000000000      -0.335968184963094     
  0.965000000000000      -0.337264564856592     
  0.970000000000000      -0.338557903132374     
  0.975000000000000      -0.339848417061527     
  0.980000000000000      -0.341135956156007     
  0.985000000000000      -0.342420549539957     
  0.990000000000000      -0.343702167400006     
  0.995000000000000      -0.344980800408867     
   1.00000000000000      -0.346256432328886     
   1.00500000000000      -0.347529050669218     
   1.01000000000000      -0.348798641835569     
   1.01500000000000      -0.350065249051577     
   1.02000000000000      -0.351328671965084     
   1.02500000000000      -0.352589188237269     
   1.03000000000000      -0.353846462577527     
   1.03500000000000      -0.355100762501530     
   1.04000000000000      -0.356351927306419     
   1.04500000000000      -0.357599996488290     
   1.05000000000000      -0.358844943477487     
   1.05500000000000      -0.360086820398311     
   1.06000000000000      -0.361325427792991     
   1.06500000000000      -0.362560990716906     
   1.07000000000000      -0.363793365505192     
   1.07500000000000      -0.365022589005591     
   1.08000000000000      -0.366248597768684     
   1.08500000000000      -0.367471530298649     
   1.09000000000000      -0.368691197015224     
   1.09500000000000      -0.369907699226830     
   1.10000000000000      -0.371120993786206     
   1.10500000000000      -0.372331086815992     
   1.11000000000000      -0.373537968234274     
   1.11500000000000      -0.374741690165852     
   1.12000000000000      -0.375942058247695     
   1.12500000000000      -0.377139301191053     
   1.13000000000000      -0.378333279212325     
   1.13500000000000      -0.379524033002197     
   1.14000000000000      -0.380711542968226     
   1.14500000000000      -0.381895810828036     
   1.15000000000000      -0.383076830679196     
   1.15500000000000      -0.384254600384717     
   1.16000000000000      -0.385429115941890     
   1.16500000000000      -0.386600375019695     
   1.17000000000000      -0.387768375070877     
   1.17500000000000      -0.388933113441580     
   1.18000000000000      -0.390094588185537     
   1.18500000000000      -0.391252797388851     
   1.19000000000000      -0.392407739420909     
   1.19500000000000      -0.393559412931938     
   1.20000000000000      -0.394707816716479     
   1.20500000000000      -0.395852949762197     
   1.21000000000000      -0.396995035856403     
   1.21500000000000      -0.398133367059382     
   1.22000000000000      -0.399268767748501     
   1.22500000000000      -0.400400782120621     
   1.23000000000000      -0.401529618760467     
   1.23500000000000      -0.402655038037490     
   1.24000000000000      -0.403777291613318     
   1.24500000000000      -0.404896238709366     
   1.25000000000000      -0.406011927275827     
   1.25500000000000      -0.407124342721411     
   1.26000000000000      -0.408233491301877     
   1.26500000000000      -0.409339372370154     
   1.27000000000000      -0.410441988587628     
   1.27500000000000      -0.411541340785989     
   1.28000000000000      -0.412637431610359     
   1.28500000000000      -0.413730261920373     
   1.29000000000000      -0.414819834931262     
   1.29500000000000      -0.415906152473194     
   1.30000000000000      -0.416989217087752     
   1.30500000000000      -0.418069031187710     
   1.31000000000000      -0.419145597662015     
   1.31500000000000      -0.420218919590319     
   1.32000000000000      -0.421288999507960     
   1.32500000000000      -0.422355840814318     
   1.33000000000000      -0.423419446797088     
   1.33500000000000      -0.424479821088000     
   1.34000000000000      -0.425536966656058     
   1.34500000000000      -0.426590887685298     
   1.35000000000000      -0.427641587687800     
   1.35500000000000      -0.428689070729161     
   1.36000000000000      -0.429733340586656     
   1.36500000000000      -0.430774401545095     
   1.37000000000000      -0.431812257907777     
   1.37500000000000      -0.432846913760810     
   1.38000000000000      -0.433878374022160     
   1.38500000000000      -0.434906642426431     
   1.39000000000000      -0.435931724639141     
   1.39500000000000      -0.436953624453701     
   1.40000000000000      -0.437972347294390     
   1.40500000000000      -0.438987898018974     
   1.41000000000000      -0.440000281257103     
   1.41500000000000      -0.441009502788710     
   1.42000000000000      -0.442015567315186     
   1.42500000000000      -0.443018480409504     
   1.43000000000000      -0.444018247142357     
   1.43500000000000      -0.445014873310216     
   1.44000000000000      -0.446008364164702     
   1.44500000000000      -0.446998725569037     
   1.45000000000000      -0.447985962936133     
   1.45500000000000      -0.448970082150444     
   1.46000000000000      -0.449951145276950     
   1.46500000000000      -0.450928929908882     
   1.47000000000000      -0.451903814695656     
   1.47500000000000      -0.452875491715346     
   1.48000000000000      -0.453844118171591     
   1.48500000000000      -0.454809649823260     
   1.49000000000000      -0.455772109788164     
   1.49500000000000      -0.456731499203987     
   1.50000000000000      -0.457687825136076     
   1.50500000000000      -0.458641150425734     
   1.51000000000000      -0.459591292849822     
   1.51500000000000      -0.460538492972293     
   1.52000000000000      -0.461482621602127     
   1.52500000000000      -0.462423786796613     
   1.53000000000000      -0.463361792037970     
   1.53500000000000      -0.464296882304585     
   1.54000000000000      -0.465228927352663     
   1.54500000000000      -0.466157980170598     
   1.55000000000000      -0.467084031827869     
   1.55500000000000      -0.468007094572131     
   1.56000000000000      -0.468927173651101     
   1.56500000000000      -0.469844276433808     
   1.57000000000000      -0.470758370090058     
   1.57500000000000      -0.471669600527794     
   1.58000000000000      -0.472577795723608     
   1.58500000000000      -0.473483069577820     
   1.59000000000000      -0.474385393350987     
   1.59500000000000      -0.475284786366599     
   1.60000000000000      -0.476181251324822     
   1.60500000000000      -0.477074797412906     
   1.61000000000000      -0.477965431015171     
   1.61500000000000      -0.478853159683391     
   1.62000000000000      -0.479737990753249     
   1.62500000000000      -0.480619931439608     
   1.63000000000000      -0.481498989395032     
   1.63500000000000      -0.482375171457877     
   1.64000000000000      -0.483248485590688     
   1.64500000000000      -0.484118939146421     
   1.65000000000000      -0.484986538761716     
   1.65500000000000      -0.485851292828576     
   1.66000000000000      -0.486713208453157     
   1.66500000000000      -0.487572293167738     
   1.67000000000000      -0.488428554370141     
   1.67500000000000      -0.489281999867148     
   1.68000000000000      -0.490132637132825     
   1.68500000000000      -0.490980473872357     
   1.69000000000000      -0.491825477891395     
   1.69500000000000      -0.492667795806207     
   1.70000000000000      -0.493507255969471     
   1.70500000000000      -0.494343972532410     
   1.71000000000000      -0.495177917613312     
   1.71500000000000      -0.496009110621746     
   1.72000000000000      -0.496837555256778     
   1.72500000000000      -0.497663260247744     
   1.73000000000000      -0.498486233350696     
   1.73500000000000      -0.499306481709972     
   1.74000000000000      -0.500124013699967     
   1.74500000000000      -0.500938836637438     
   1.75000000000000      -0.501750958678479     
   1.75500000000000      -0.502560387166295     
   1.76000000000000      -0.503367130047166     
   1.76500000000000      -0.504171155566552     
   1.77000000000000      -0.504972609191285     
   1.77500000000000      -0.505771320809476     
   1.78000000000000      -0.506567403573282     
   1.78500000000000      -0.507360830224195     
   1.79000000000000      -0.508151620052051     
   1.79500000000000      -0.508939737325210     
   1.80000000000000      -0.509725329793284     
   1.80500000000000      -0.510508226139277     
   1.81000000000000      -0.511288596843135     
   1.81500000000000      -0.512066225875685     
   1.82000000000000      -0.512841366427657     
   1.82500000000000      -0.513613886801558     
   1.83000000000000      -0.514383841498483     
   1.83500000000000      -0.515151221871226     
   1.84000000000000      -0.515916041193059     
   1.84500000000000      -0.516678305134293     
   1.85000000000000      -0.517438022001186     
   1.85500000000000      -0.518195255161709     
   1.86000000000000      -0.518949824399592     
   1.86500000000000      -0.519701971090003     
   1.87000000000000      -0.520451567276524     
   1.87500000000000      -0.521198667050449     
   1.88000000000000      -0.521943262336410     
   1.88500000000000      -0.522685422518263     
   1.89000000000000      -0.523424964789137     
   1.89500000000000      -0.524162187566935     
   1.90000000000000      -0.524896773804637     
   1.90500000000000      -0.525629009658933     
   1.91000000000000      -0.526358752467640     
   1.91500000000000      -0.527086059870709     
   1.92000000000000      -0.527810922090361     
   1.92500000000000      -0.528533353186567     
   1.93000000000000      -0.529253358855514     
   1.93500000000000      -0.529970947454172     
   1.94000000000000      -0.530686126943769     
   1.94500000000000      -0.531398961634729     
   1.95000000000000      -0.532109270768565     
   1.95500000000000      -0.532817294998721     
   1.96000000000000      -0.533522906985930     
   1.96500000000000      -0.534226158092914     
   1.97000000000000      -0.534927040629625     
   1.97500000000000      -0.535625566873761     
   1.98000000000000      -0.536321741687829     
   1.98500000000000      -0.537015534158239     
   1.99000000000000      -0.537707089456636     
   1.99500000000000      -0.538396237352206     
   2.00000000000000      -0.539083092495376     
   2.00500000000000      -0.539767627335152     
   2.01000000000000      -0.540449861955588     
   2.01500000000000      -0.541129799779240     
   2.02000000000000      -0.541807449381960     
   2.02500000000000      -0.542482817382765     
   2.03000000000000      -0.543155910068201     
   2.03500000000000      -0.543826733944172     
   2.04000000000000      -0.544495294957972     
   2.04500000000000      -0.545161600138500     
   2.05000000000000      -0.545825656583776     
   2.05500000000000      -0.546487471878423     
   2.06000000000000      -0.547147054575154     
   2.06500000000000      -0.547804412399207     
   2.07000000000000      -0.548459611072416     
   2.07500000000000      -0.549112470060673     
   2.08000000000000      -0.549763231062596     
   2.08500000000000      -0.550411765431361     
   2.09000000000000      -0.551058124705096     
   2.09500000000000      -0.551702299178464     
   2.10000000000000      -0.552344299182056     
   2.10500000000000      -0.552984128341342     
   2.11000000000000      -0.553621849020441     
   2.11500000000000      -0.554257280086823     
   2.12000000000000      -0.554890662374362     
   2.12500000000000      -0.555521869887643     
   2.13000000000000      -0.556150956930310     
   2.13500000000000      -0.556777918260096     
   2.14000000000000      -0.557402767923312     
   2.14500000000000      -0.558025512138995     
   2.15000000000000      -0.558646158309396     
   2.15500000000000      -0.559264767369222     
   2.16000000000000      -0.559881155558424     
   2.16500000000000      -0.560495558858549     
   2.17000000000000      -0.561107846625760     
   2.17500000000000      -0.561718067844383     
   2.18000000000000      -0.562326175162561     
   2.18500000000000      -0.562932318634021     
   2.19000000000000      -0.563536329499420     
   2.19500000000000      -0.564138325184804     
   2.20000000000000      -0.564738281726824     
   2.20500000000000      -0.565336221805512     
   2.21000000000000      -0.565932150088931     
   2.21500000000000      -0.566526074235484     
   2.22000000000000      -0.567117997669822     
   2.22500000000000      -0.567707921127311     
   2.23000000000000      -0.568295845560593     
   2.23500000000000      -0.568881826773447     
   2.24000000000000      -0.569465679942249     
   2.24500000000000      -0.570047603944602     
   2.25000000000000      -0.570627571371899     
   2.25500000000000      -0.571205599338264     
   2.26000000000000      -0.571781615753820     
   2.26500000000000      -0.572355711362909     
   2.27000000000000      -0.572927875322155     
   2.27500000000000      -0.573498126302300     
   2.28000000000000      -0.574066466793691     
   2.28500000000000      -0.574632899055125     
   2.29000000000000      -0.575197419180456     
   2.29500000000000      -0.575760022352767     
   2.30000000000000      -0.576320702732395     
   2.30500000000000      -0.576879459341303     
   2.31000000000000      -0.577436295733712     
   2.31500000000000      -0.577991222574735     
   2.32000000000000      -0.578544256808929     
   2.32500000000000      -0.579095419878069     
   2.33000000000000      -0.579644734275129     
   2.33500000000000      -0.580192220079461     
   2.34000000000000      -0.580737890855222     
   2.34500000000000      -0.581281752056459     
   2.35000000000000      -0.581823799946339     
   2.35500000000000      -0.582364022782430     
   2.36000000000000      -0.582902460599873     
   2.36500000000000      -0.583438872290149     
   2.37000000000000      -0.583973618847008     
   2.37500000000000      -0.584506388621367     
   2.38000000000000      -0.585037346426217     
   2.38500000000000      -0.585566466949588     
   2.39000000000000      -0.586093800707799     
   2.39500000000000      -0.586619377883929     
   2.40000000000000      -0.587143232274976     
   2.40500000000000      -0.587665383666917     
   2.41000000000000      -0.588185797948365     
   2.41500000000000      -0.588704600241162     
   2.42000000000000      -0.589221547424032     
   2.42500000000000      -0.589736809799828     
   2.43000000000000      -0.590250278175265     
   2.43500000000000      -0.590761869805490     
   2.44000000000000      -0.591271648184863     
   2.44500000000000      -0.591779609275596     
   2.45000000000000      -0.592285800988314     
   2.45500000000000      -0.592790277228414     
   2.46000000000000      -0.593293099791022     
   2.46500000000000      -0.593794321885937     
   2.47000000000000      -0.594293976707185     
   2.47500000000000      -0.594792068874614     
   2.48000000000000      -0.595288571534553     
   2.48500000000000      -0.595783432204000     
   2.49000000000000      -0.596276582167702     
   2.49500000000000      -0.596767955461815     
   2.50000000000000      -0.597257504391973     
   2.52500000000000      -0.599671861861415     
   2.55000000000000      -0.602046846501709     
   2.57500000000000      -0.604382688735363     
   2.60000000000000      -0.606678923084409     
   2.62500000000000      -0.608936585994195     
   2.65000000000000      -0.611156737741129     
   2.67500000000000      -0.613339732680624     
   2.70000000000000      -0.615486053005503     
   2.72500000000000      -0.617596471131694     
   2.75000000000000      -0.619671623215471     
   2.77500000000000      -0.621712023638021     
   2.80000000000000      -0.623718258502763     
   2.82500000000000      -0.625690939623022     
   2.85000000000000      -0.627630623695386     
   2.87500000000000      -0.629537832425736     
   2.90000000000000      -0.631413213266642     
   2.92500000000000      -0.633257154228907     
   2.95000000000000      -0.635070284565994     
   2.97500000000000      -0.636853138592601     
   3.00000000000000      -0.638606059560749     
   3.02500000000000      -0.640329774900084     
   3.05000000000000      -0.642025024138286     
   3.07500000000000      -0.643691306198222     
   3.10000000000000      -0.645330076872160     
   3.12500000000000      -0.646941354204019     
   3.15000000000000      -0.648525748082387     
   3.17500000000000      -0.650083660817924     
   3.20000000000000      -0.651615553219929     
   3.22500000000000      -0.653121857561608     
   3.25000000000000      -0.654603005104373     
   3.27500000000000      -0.656059418099252     
   3.30000000000000      -0.657491512524302     
   3.32500000000000      -0.658899696833493     
   3.35000000000000      -0.660284372633993     
   3.37500000000000      -0.661645934495426     
   3.40000000000000      -0.662984771306430     
   3.42500000000000      -0.664301263739308     
   3.45000000000000      -0.665595787210283     
   3.47500000000000      -0.666868710925880     
   3.50000000000000      -0.668120396578226     
   3.52500000000000      -0.669351252865444     
   3.55000000000000      -0.670561450528464     
   3.57500000000000      -0.671751561971481     
   3.60000000000000      -0.672921791400225     
   3.62500000000000      -0.674072516173532     
   3.65000000000000      -0.675204048619716     
   3.67500000000000      -0.676316714792792     
   3.70000000000000      -0.677410829636815     
   3.72500000000000      -0.678486704209556     
   3.75000000000000      -0.679544695967317     
   3.77500000000000      -0.680584925103116     
   3.80000000000000      -0.681607915524554     
   3.82500000000000      -0.682613822974077     
   3.85000000000000      -0.683602977323086     
   3.87500000000000      -0.684575644220689     
   3.90000000000000      -0.685532104018706     
   3.92500000000000      -0.686472626639864     
   3.95000000000000      -0.687397478425860     
   3.97500000000000      -0.688306921807238     
   4.00000000000000      -0.689201213647349     
   4.02500000000000      -0.690080607325149     
   4.05000000000000      -0.690945352133924     
   4.07500000000000      -0.691795692038920     
   4.10000000000000      -0.692631868223383     
   4.12500000000000      -0.693454100309593     
   4.15000000000000      -0.694262711866653     
   4.17500000000000      -0.695057777589022     
   4.20000000000000      -0.695839628787273     
   4.22500000000000      -0.696608450659069     
   4.25000000000000      -0.697364471469087     
   4.27500000000000      -0.698107902245418     
   4.30000000000000      -0.698838953062025     
   4.32500000000000      -0.699557830240212     
   4.35000000000000      -0.700264736613505     
   4.37500000000000      -0.700959871838646     
   4.40000000000000      -0.701643432520868     
   4.42500000000000      -0.702315610849276     
   4.45000000000000      -0.702976596996892     
   4.47500000000000      -0.703626577411200     
   4.50000000000000      -0.704265734867816     
   4.52500000000000      -0.704894250305535     
   4.55000000000000      -0.705512300661536     
   4.57500000000000      -0.706120060080804     
   4.60000000000000      -0.706717700257727     
   4.62500000000000      -0.707305389174134     
   4.65000000000000      -0.707883293198016     
   4.67500000000000      -0.708451626347823     
   4.70000000000000      -0.709010369981006     
   4.72500000000000      -0.709559909400959     
   4.75000000000000      -0.710100265289991     
   4.77500000000000      -0.710631634414022     
   4.80000000000000      -0.711154204018967     
   4.82500000000000      -0.711667946006362     
   4.85000000000000      -0.712173232524430     
   4.87500000000000      -0.712670071548491     
   4.90000000000000      -0.713158699665081     
   4.92500000000000      -0.713639060050299     
   4.95000000000000      -0.714111521521465     
   4.97500000000000      -0.714576080802709     
   5.00000000000000      -0.715032913731339     
   5.02500000000000      -0.715482134699330     
   5.05000000000000      -0.715923926378192     
   5.07500000000000      -0.716358284360378     
   5.10000000000000      -0.716785380013362     
   5.12500000000000      -0.717205427780677     
   5.15000000000000      -0.717618455891156     
   5.17500000000000      -0.718024610201728     
   5.20000000000000      -0.718423995823209     
   5.22500000000000      -0.718816727563763     
   5.25000000000000      -0.719202915864607     
   5.27500000000000      -0.719582669105005     
   5.30000000000000      -0.719956094288335     
   5.32500000000000      -0.720323296530028     
   5.35000000000000      -0.720684379129409     
   5.37500000000000      -0.721039443705211     
   5.40000000000000      -0.721388590291356     
   5.42500000000000      -0.721731917316282     
   5.45000000000000      -0.722069520848252     
   5.47500000000000      -0.722401496270485     
   5.50000000000000      -0.722727937240629     
   5.52500000000000      -0.723048935048605     
   5.55000000000000      -0.723364632566603     
   5.57500000000000      -0.723674938939021     
   5.60000000000000      -0.723980169896274     
   5.62500000000000      -0.724280276860652     
   5.65000000000000      -0.724575388910340     
   5.67500000000000      -0.724865574882518     
   5.70000000000000      -0.725150920466398     
   5.72500000000000      -0.725431505024987     
   5.75000000000000      -0.725707408130016     
   5.77500000000000      -0.725978758701558     
   5.80000000000000      -0.726245454335453     
   5.82500000000000      -0.726507798282946     
   5.85000000000000      -0.726765729437932     
   5.87500000000000      -0.727019366331687     
   5.90000000000000      -0.727268764370462     
   5.92500000000000      -0.727513999392838     
   5.95000000000000      -0.727755190759960     
   5.97500000000000      -0.727992227034259     
   6.00000000000000      -0.728225403741866     
   6.02500000000000      -0.728454651791639     
   6.05000000000000      -0.728680080869775     
   6.07500000000000      -0.728901739253169     
   6.10000000000000      -0.729119694662052     
   6.12500000000000      -0.729333991649406     
   6.15000000000000      -0.729544779342185     
   6.17500000000000      -0.729751964554297     
   6.20000000000000      -0.729955712379855     
   6.22500000000000      -0.730156044242161     
   6.25000000000000      -0.730353028611482     
   6.27500000000000      -0.730546717211882     
   6.30000000000000      -0.730737165281835     
   6.32500000000000      -0.730924426901217     
   6.35000000000000      -0.731108554456249     
   6.37500000000000      -0.731289600083318     
   6.40000000000000      -0.731467614977946     
   6.42500000000000      -0.731642648802710     
   6.45000000000000      -0.731814751785960     
   6.47500000000000      -0.731983972045748     
   6.50000000000000      -0.732150357356409     
   6.52500000000000      -0.732313954687670     
   6.55000000000000      -0.732474810624062     
   6.57500000000000      -0.732632970143972     
   6.60000000000000      -0.732788530049671     
   6.62500000000000      -0.732941354919245     
   6.65000000000000      -0.733091716502631     
   6.67500000000000      -0.733239522594327     
   6.70000000000000      -0.733384859406170     
   6.72500000000000      -0.733527753672598     
   6.75000000000000      -0.733668250600220     
   6.77500000000000      -0.733806388439238     
   6.80000000000000      -0.733942206486250     
   6.82500000000000      -0.734075728603557     
   6.85000000000000      -0.734207079601180     
   6.87500000000000      -0.734336145589714     
   6.90000000000000      -0.734463068632239     
   6.92500000000000      -0.734587849284615     
   6.95000000000000      -0.734710534797485     
   6.97500000000000      -0.734831155717856     
   7.00000000000000      -0.734949747703631     
   7.02500000000000      -0.735066343512780     
   7.05000000000000      -0.735180976854046     
   7.07500000000000      -0.735293680197393     
   7.10000000000000      -0.735404484980484     
   7.12500000000000      -0.735513423103360     
   7.15000000000000      -0.735620577051170     
   7.17500000000000      -0.735725798524439     
   7.20000000000000      -0.735829345043892     
   7.22500000000000      -0.735931111834129     
   7.25000000000000      -0.736031172604091     
   7.27500000000000      -0.736129540817218     
   7.30000000000000      -0.736226249276465     
   7.32500000000000      -0.736321324517876     
   7.35000000000000      -0.736414793247919     
   7.37500000000000      -0.736506682486063     
   7.40000000000000      -0.736597018163616     
   7.42500000000000      -0.736685826241572     
   7.45000000000000      -0.736773131994969     
   7.47500000000000      -0.736858959957543     
   7.50000000000000      -0.736943335174556     
   7.52500000000000      -0.737026281195637     
   7.55000000000000      -0.737107821880006     
   7.57500000000000      -0.737187980861100     
   7.60000000000000      -0.737266780376673     
   7.62500000000000      -0.737344243503352     
   7.65000000000000      -0.737420443779457     
   7.67500000000000      -0.737495224133065     
   7.70000000000000      -0.737568886255970     
   7.72500000000000      -0.737641136868373     
   7.75000000000000      -0.737712269732599     
   7.77500000000000      -0.737782156061952     
   7.80000000000000      -0.737850865943519     
   7.82500000000000      -0.737918401983041     
   7.85000000000000      -0.737984789105891     
   7.87500000000000      -0.738050045037413     
   7.90000000000000      -0.738114188586246     
   7.92500000000000      -0.738177238313196     
   7.95000000000000      -0.738239212283857     
   7.97500000000000      -0.738300113757761     
   8.00000000000000      -0.738360047015130     
   8.02500000000000      -0.738418878072407     
   8.05000000000000      -0.738476730136752     
   8.07500000000000      -0.738533583858063     
   8.10000000000000      -0.738589519570310     
   8.12500000000000      -0.738644369766234     
   8.15000000000000      -0.738698380117835     
   8.17500000000000      -0.738751431260515     
   8.20000000000000      -0.738803583148110     
   8.22500000000000      -0.738854835996544     
   8.25000000000000      -0.738905209791444     
   8.27500000000000      -0.738954717249794     
   8.30000000000000      -0.739003373409663     
   8.32500000000000      -0.739051598021966     
   8.35000000000000      -0.739098325699732     
   8.37500000000000      -0.739144586365927     
   8.40000000000000      -0.739189940690943     
   8.42500000000000      -0.739234551496250     
   8.45000000000000      -0.739278380846707     
   8.47500000000000      -0.739321457938257     
   8.50000000000000      -0.739363789216875     
   8.52500000000000      -0.739405388793663     
   8.55000000000000      -0.739446267903381     
   8.57500000000000      -0.739486438826081     
   8.60000000000000      -0.739525964470595     
   8.62500000000000      -0.739564677943442     
   8.65000000000000      -0.739602818252263     
   8.67500000000000      -0.739640262113173     
   8.70000000000000      -0.739677065266670     
   8.72500000000000      -0.739713223536664     
   8.75000000000000      -0.739748752669672     
   8.77500000000000      -0.739783661220333     
   8.80000000000000      -0.739817960328810     
   8.82500000000000      -0.739851645125056     
   8.85000000000000      -0.739884812596018     
   8.87500000000000      -0.739917320937019     
   8.90000000000000      -0.739949286015880     
   8.92500000000000      -0.739980681486092     
   8.95000000000000      -0.740011580510643     
   8.97500000000000      -0.740041808641924     
   9.00000000000000      -0.740071604673731     
   9.02500000000000      -0.740100842294430     
   9.05000000000000      -0.740129574895491     
   9.07500000000000      -0.740157796671577     
   9.10000000000000      -0.740185520307794     
   9.12500000000000      -0.740212752946267     
   9.15000000000000      -0.740239502952703     
   9.17500000000000      -0.740265778313969     
   9.20000000000000      -0.740291586826087     
   9.22500000000000      -0.740316987978301     
   9.25000000000000      -0.740341810455650     
   9.27500000000000      -0.740366289792814     
   9.30000000000000      -0.740390298835153     
   9.32500000000000      -0.740413889608148     
   9.35000000000000      -0.740437054110004     
   9.37500000000000      -0.740459856496909     
   9.40000000000000      -0.740482122586914     
   9.42500000000000      -0.740504088117490     
   9.45000000000000      -0.740525624843222     
   9.47500000000000      -0.740546784397168     
   9.50000000000000      -0.740567557615441     
   9.52500000000000      -0.740587956989118     
   9.55000000000000      -0.740607985861273     
   9.57500000000000      -0.740627651628695     
   9.60000000000000      -0.740646960142696     
   9.62500000000000      -0.740665917034119     
   9.65000000000000      -0.740684528341866     
   9.67500000000000      -0.740702785171487     
   9.70000000000000      -0.740720780097188     
   9.72500000000000      -0.740738367111901     
   9.75000000000000      -0.740755657706959     
   9.77500000000000      -0.740772673976308     
   9.80000000000000      -0.740789252975609     
   9.82500000000000      -0.740805676676237     
   9.85000000000000      -0.740821637221229     
   9.87500000000000      -0.740837412264314     
   9.90000000000000      -0.740852857419331     
   9.92500000000000      -0.740868012988649     
   9.95000000000000      -0.740882953802335     
   9.97500000000000      -0.740897538609277     
   10.0000000000000      -0.740911861834227     
   10.0250000000000      -0.740925980176293     
   10.0500000000000      -0.740939757431731     
   10.0750000000000      -0.740953300972347     
   10.1000000000000      -0.740966580316272     
   10.1250000000000      -0.740979611215102     
   10.1500000000000      -0.740992393528018     
   10.1750000000000      -0.741004932982029     
   10.2000000000000      -0.741017232864757     
   10.2250000000000      -0.741029297762189     
   10.2500000000000      -0.741041130798628     
   10.2750000000000      -0.741052736325512     
   10.3000000000000      -0.741064117876698     
   10.3250000000000      -0.741075279207975     
   10.3500000000000      -0.741086224103828     
   10.3750000000000      -0.741096955896862     
   10.4000000000000      -0.741107478170392     
   10.4250000000000      -0.741117794527107     
   10.4500000000000      -0.741127908132756     
   10.4750000000000      -0.741137822530059     
   10.5000000000000      -0.741147526752827     
   10.5250000000000      -0.741157110304859     
   10.5500000000000      -0.741166411075631     
   10.5750000000000      -0.741175624646303     
   10.6000000000000      -0.741184567284303     
   10.6250000000000      -0.741193359801784     
   10.6500000000000      -0.741201965700291     
   10.6750000000000      -0.741210400453381     
   10.7000000000000      -0.741218715545898     
   10.7250000000000      -0.741227141150275     
   10.7500000000000      -0.741234827489471     
   10.7750000000000      -0.741242660650607     
   10.8000000000000      -0.741250234277315     
   10.8250000000000      -0.741257686501406     
   10.8500000000000      -0.741264973926191     
   10.8750000000000      -0.741272098721394     
   10.9000000000000      -0.741279197288179     
   10.9250000000000      -0.741285942720692     
   10.9500000000000      -0.741292671247470     
   10.9750000000000      -0.741299214920706     
   11.0000000000000      -0.741305618545884     
   11.0250000000000      -0.741311951829394     
   11.0500000000000      -0.741318071883231     
   11.0750000000000      -0.741324085148240     
   11.1000000000000      -0.741329958961066     
   11.1250000000000      -0.741335706665341     
   11.1500000000000      -0.741341326515424     
   11.1750000000000      -0.741346822115709     
   11.2000000000000      -0.741352194851324     
   11.2250000000000      -0.741357446824323     
   11.2500000000000      -0.741362580303096     
   11.2750000000000      -0.741367596579141     
   11.3000000000000      -0.741372498259916     
   11.3250000000000      -0.741377287011008     
   11.3500000000000      -0.741381964710492     
   11.3750000000000      -0.741386532905705     
   11.4000000000000      -0.741390979401463     
   11.4250000000000      -0.741395392516214     
   11.4500000000000      -0.741399622606728     
   11.4750000000000      -0.741403777444219     
   11.5000000000000      -0.741407823236137     
   11.5250000000000      -0.741411773231695     
   11.5500000000000      -0.741415677331444     
   11.5750000000000      -0.741419358610661     
   11.6000000000000      -0.741423046767198     
   11.6250000000000      -0.741426609021654     
   11.6500000000000      -0.741430091232346     
   11.6750000000000      -0.741433480603746     
   11.7000000000000      -0.741436783013874     
   11.7250000000000      -0.741439998573678     
   11.7500000000000      -0.741443129435647     
   11.7750000000000      -0.741446176165318     
   11.8000000000000      -0.741449141061146     
   11.8250000000000      -0.741452024701742     
   11.8500000000000      -0.741454829125850     
   11.8750000000000      -0.741457607010741     
   11.9000000000000      -0.741460232507043     
   11.9250000000000      -0.741462755762534     
   11.9500000000000      -0.741465271974190     
   11.9750000000000      -0.741467692261326     
   12.0000000000000      -0.741470033675473     
   12.0250000000000      -0.741472373973833     
   12.0500000000000      -0.741474566323179     
   12.0750000000000      -0.741476717170316     
   12.1000000000000      -0.741478791846457     
   12.1250000000000      -0.741480803691645     
   12.1500000000000      -0.741482749462724     
   12.1750000000000      -0.741484631639562     
   12.2000000000000      -0.741486450656818     
   12.2250000000000      -0.741488207873735     
   12.2500000000000      -0.741489904380820     
   12.2750000000000      -0.741491540705443     
   12.3000000000000      -0.741493118496785     
   12.3250000000000      -0.741494638064322     
   12.3500000000000      -0.741496100827603     
   12.3750000000000      -0.741497507469050     
   12.4000000000000      -0.741498859120688     
   12.4250000000000      -0.741500156426482     
   12.4500000000000      -0.741501400420461     
   12.4750000000000      -0.741502592154140     
   12.5000000000000      -0.741503732228151     
