  5.000000000000000E-003  0.926086467346492     
  1.000000000000000E-002  0.947693706685792     
  1.500000000000000E-002  0.966757358076251     
  2.000000000000000E-002  0.983730431434589     
  2.500000000000000E-002  0.998969901678464     
  3.000000000000000E-002   1.01275794321877     
  3.500000000000000E-002   1.02531913237361     
  4.000000000000000E-002   1.03683382394758     
  4.500000000000000E-002   1.04744832554109     
  5.000000000000000E-002   1.05728256216888     
  5.500000000000000E-002   1.06643583898586     
  6.000000000000000E-002   1.07499118698320     
  6.500000000000000E-002   1.08301865932126     
  7.000000000000001E-002   1.09057785034943     
  7.500000000000000E-002   1.09771984493747     
  8.000000000000000E-002   1.10448872335388     
  8.500000000000001E-002   1.11092276027945     
  9.000000000000000E-002   1.11705536728818     
  9.500000000000000E-002   1.12291585293376     
  0.100000000000000        1.12853003710365     
  0.105000000000000        1.13392075226926     
  0.110000000000000        1.13910826305449     
  0.115000000000000        1.14411060084650     
  0.120000000000000        1.14894386033157     
  0.125000000000000        1.15362243741311     
  0.130000000000000        1.15815924244517     
  0.135000000000000        1.16256586653146     
  0.140000000000000        1.16685274155505     
  0.145000000000000        1.17102927312768     
  0.150000000000000        1.17510393674107     
  0.155000000000000        1.17908438953806     
  0.160000000000000        1.18297756983969     
  0.165000000000000        1.18678975938614     
  0.170000000000000        1.19052663215635     
  0.175000000000000        1.19419335252687     
  0.180000000000000        1.19779460214535     
  0.185000000000000        1.20133463256322     
  0.190000000000000        1.20481730792785     
  0.195000000000000        1.20824614196538     
  0.200000000000000        1.21162433162953     
  0.205000000000000        1.21495478709370     
  0.210000000000000        1.21824016502419     
  0.215000000000000        1.22148286714471     
  0.220000000000000        1.22468510168627     
  0.225000000000000        1.22784887652251     
  0.230000000000000        1.23097602322512     
  0.235000000000000        1.23406821375925     
  0.240000000000000        1.23712697501339     
  0.245000000000000        1.24015370210955     
  0.250000000000000        1.24314967035423     
  0.255000000000000        1.24611604633860     
  0.260000000000000        1.24905389765704     
  0.265000000000000        1.25196420079481     
  0.270000000000000        1.25484785493401     
  0.275000000000000        1.25770567966348     
  0.280000000000000        1.26053842876346     
  0.285000000000000        1.26334679842103     
  0.290000000000000        1.26613142398066     
  0.295000000000000        1.26889289316350     
  0.300000000000000        1.27163174710183     
  0.305000000000000        1.27434848551177     
  0.310000000000000        1.27704357040033     
  0.315000000000000        1.27971742951151     
  0.320000000000000        1.28237045967351     
  0.325000000000000        1.28500302957745     
  0.330000000000000        1.28761548255309     
  0.335000000000000        1.29020813892141     
  0.340000000000000        1.29278129821726     
  0.345000000000000        1.29533524117864     
  0.350000000000000        1.29787028137756     
  0.355000000000000        1.30038656222456     
  0.360000000000000        1.30288437436365     
  0.365000000000000        1.30536394067921     
  0.370000000000000        1.30782547155740     
  0.375000000000000        1.31026916781539     
  0.380000000000000        1.31269522122298     
  0.385000000000000        1.31510381547304     
  0.390000000000000        1.31749512698594     
  0.395000000000000        1.31986932568768     
  0.400000000000000        1.32222657564911     
  0.405000000000000        1.32456703570443     
  0.410000000000000        1.32689086004588     
  0.415000000000000        1.32919819864787     
  0.420000000000000        1.33148919779627     
  0.425000000000000        1.33376400044701     
  0.430000000000000        1.33602274654769     
  0.435000000000000        1.33826557349730     
  0.440000000000000        1.34049261629106     
  0.445000000000000        1.34270400782969     
  0.450000000000000        1.34489987922148     
  0.455000000000000        1.34708035979196     
  0.460000000000000        1.34924557753236     
  0.465000000000000        1.35139565904113     
  0.470000000000000        1.35353072973781     
  0.475000000000000        1.35565091403421     
  0.480000000000000        1.35775633533731     
  0.485000000000000        1.35984711623034     
  0.490000000000000        1.36192337851186     
  0.495000000000000        1.36398524328416     
  0.500000000000000        1.36603283096564     
  0.505000000000000        1.36806626137824     
  0.510000000000000        1.37008565379494     
  0.515000000000000        1.37209112696474     
  0.520000000000000        1.37408279910245     
  0.525000000000000        1.37606078648514     
  0.530000000000000        1.37802520977275     
  0.535000000000000        1.37997618328587     
  0.540000000000000        1.38191382406315     
  0.545000000000000        1.38383824775038     
  0.550000000000000        1.38574956982309     
  0.555000000000000        1.38764790382663     
  0.560000000000000        1.38953336764811     
  0.565000000000000        1.39140607282807     
  0.570000000000000        1.39326613357826     
  0.575000000000000        1.39511366273923     
  0.580000000000000        1.39694877290636     
  0.585000000000000        1.39877157608108     
  0.590000000000000        1.40058218225774     
  0.595000000000000        1.40238070581192     
  0.600000000000000        1.40416725465202     
  0.605000000000000        1.40594193916841     
  0.610000000000000        1.40770486837714     
  0.615000000000000        1.40945615092088     
  0.620000000000000        1.41119589472763     
  0.625000000000000        1.41292420565724     
  0.630000000000000        1.41464119378093     
  0.635000000000000        1.41634696261480     
  0.640000000000000        1.41804161813686     
  0.645000000000000        1.41972526470787     
  0.650000000000000        1.42139800633446     
  0.655000000000000        1.42305995379877     
  0.660000000000000        1.42471119359546     
  0.665000000000000        1.42635183567906     
  0.670000000000000        1.42798198126072     
  0.675000000000000        1.42960173033061     
  0.680000000000000        1.43121118226948     
  0.685000000000000        1.43281043566428     
  0.690000000000000        1.43439958680074     
  0.695000000000000        1.43597873614178     
  0.700000000000000        1.43754797736783     
  0.705000000000000        1.43910740648354     
  0.710000000000000        1.44065711781619     
  0.715000000000000        1.44219720515482     
  0.720000000000000        1.44372776133387     
  0.725000000000000        1.44524887839382     
  0.730000000000000        1.44676064751037     
  0.735000000000000        1.44826315747003     
  0.740000000000000        1.44975650135676     
  0.745000000000000        1.45124076522443     
  0.750000000000000        1.45271603750474     
  0.755000000000000        1.45418240491095     
  0.760000000000000        1.45563995358052     
  0.765000000000000        1.45708876865007     
  0.770000000000000        1.45852893455467     
  0.775000000000000        1.45996053465961     
  0.780000000000000        1.46138365167244     
  0.785000000000000        1.46279836734928     
  0.790000000000000        1.46420476255078     
  0.795000000000000        1.46560292534610     
  0.800000000000000        1.46699291832838     
  0.805000000000000        1.46837482845356     
  0.810000000000000        1.46974873349806     
  0.815000000000000        1.47111470996616     
  0.820000000000000        1.47247283368029     
  0.825000000000000        1.47382318764666     
  0.830000000000000        1.47516582927236     
  0.835000000000000        1.47650084058026     
  0.840000000000000        1.47782829275104     
  0.845000000000000        1.47914826089506     
  0.850000000000000        1.48046081339412     
  0.855000000000000        1.48176602088784     
  0.860000000000000        1.48306395243780     
  0.865000000000000        1.48435467657548     
  0.870000000000000        1.48563826091628     
  0.875000000000000        1.48691477079944     
  0.880000000000000        1.48818427601894     
  0.885000000000000        1.48944683930110     
  0.890000000000000        1.49070252582238     
  0.895000000000000        1.49195139921858     
  0.900000000000000        1.49319352259697     
  0.905000000000000        1.49442895826015     
  0.910000000000000        1.49565776776144     
  0.915000000000000        1.49688001189687     
  0.920000000000000        1.49809574925957     
  0.925000000000000        1.49930504279086     
  0.930000000000000        1.50050794858467     
  0.935000000000000        1.50170452526320     
  0.940000000000000        1.50289482983748     
  0.945000000000000        1.50407891899556     
  0.950000000000000        1.50525684853822     
  0.955000000000000        1.50642867368027     
  0.960000000000000        1.50759444891261     
  0.965000000000000        1.50875422654492     
  0.970000000000000        1.50990806339979     
  0.975000000000000        1.51105600940827     
  0.980000000000000        1.51219811718201     
  0.985000000000000        1.51333443773626     
  0.990000000000000        1.51446502175121     
  0.995000000000000        1.51558991925622     
   1.00000000000000        1.51670917963430     
   1.00500000000000        1.51782285165188     
   1.01000000000000        1.51893098350225     
   1.01500000000000        1.52003362112324     
   1.02000000000000        1.52113081531511     
   1.02500000000000        1.52222260820517     
   1.03000000000000        1.52330905003448     
   1.03500000000000        1.52439018326586     
   1.04000000000000        1.52546605329432     
   1.04500000000000        1.52653670411097     
   1.05000000000000        1.52760217938182     
   1.05500000000000        1.52866252056694     
   1.06000000000000        1.52971777396770     
   1.06500000000000        1.53076797897373     
   1.07000000000000        1.53181317772346     
   1.07500000000000        1.53285341105585     
   1.08000000000000        1.53388872795832     
   1.08500000000000        1.53491915080210     
   1.09000000000000        1.53594472822553     
   1.09500000000000        1.53696549943310     
   1.10000000000000        1.53798150286728     
   1.10500000000000        1.53899277655539     
   1.11000000000000        1.53999935807913     
   1.11500000000000        1.54100128285855     
   1.12000000000000        1.54199859140073     
   1.12500000000000        1.54299131723643     
   1.13000000000000        1.54397949680681     
   1.13500000000000        1.54496316522572     
   1.14000000000000        1.54594235748557     
   1.14500000000000        1.54691710806057     
   1.15000000000000        1.54788745099037     
   1.15500000000000        1.54885341995300     
   1.16000000000000        1.54981504817734     
   1.16500000000000        1.55077236848574     
   1.17000000000000        1.55172541334679     
   1.17500000000000        1.55267421478696     
   1.18000000000000        1.55361880451547     
   1.18500000000000        1.55455921372858     
   1.19000000000000        1.55549547342895     
   1.19500000000000        1.55642761405092     
   1.20000000000000        1.55735566586594     
   1.20500000000000        1.55827965857851     
   1.21000000000000        1.55919968460604     
   1.21500000000000        1.56011564170874     
   1.22000000000000        1.56102762769636     
   1.22500000000000        1.56193567173665     
   1.23000000000000        1.56283979955989     
   1.23500000000000        1.56374004258717     
   1.24000000000000        1.56463642537491     
   1.24500000000000        1.56552897564818     
   1.25000000000000        1.56641771985383     
   1.25500000000000        1.56730268451835     
   1.26000000000000        1.56818389578284     
   1.26500000000000        1.56906137940066     
   1.27000000000000        1.56993516096518     
   1.27500000000000        1.57080526570118     
   1.28000000000000        1.57167171858028     
   1.28500000000000        1.57253454419351     
   1.29000000000000        1.57339376704515     
   1.29500000000000        1.57424941114265     
   1.30000000000000        1.57510150037986     
   1.30500000000000        1.57595005829051     
   1.31000000000000        1.57679510817984     
   1.31500000000000        1.57763667306801     
   1.32000000000000        1.57847477569055     
   1.32500000000000        1.57930943868745     
   1.33000000000000        1.58014068417946     
   1.33500000000000        1.58096853427748     
   1.34000000000000        1.58179301066014     
   1.34500000000000        1.58261413495818     
   1.35000000000000        1.58343192841481     
   1.35500000000000        1.58424641205662     
   1.36000000000000        1.58505760669433     
   1.36500000000000        1.58586553299073     
   1.37000000000000        1.58667021125246     
   1.37500000000000        1.58747166159979     
   1.38000000000000        1.58826990405461     
   1.38500000000000        1.58906495825997     
   1.39000000000000        1.58985684369333     
   1.39500000000000        1.59064557969331     
   1.40000000000000        1.59143118531635     
   1.40500000000000        1.59221367939981     
   1.41000000000000        1.59299308067205     
   1.41500000000000        1.59376940760230     
   1.42000000000000        1.59454267842155     
   1.42500000000000        1.59531291127306     
   1.43000000000000        1.59608012402854     
   1.43500000000000        1.59684433438981     
   1.44000000000000        1.59760555989893     
   1.44500000000000        1.59836381788858     
   1.45000000000000        1.59911912550960     
   1.45500000000000        1.59987149981062     
   1.46000000000000        1.60062095582861     
   1.46500000000000        1.60136752308413     
   1.47000000000000        1.60211119674073     
   1.47500000000000        1.60285200336328     
   1.48000000000000        1.60358995915009     
   1.48500000000000        1.60432508002672     
   1.49000000000000        1.60505738172192     
   1.49500000000000        1.60578687989089     
   1.50000000000000        1.60651359007547     
   1.50500000000000        1.60723752586344     
   1.51000000000000        1.60795870638515     
   1.51500000000000        1.60867714392778     
   1.52000000000000        1.60939285404866     
   1.52500000000000        1.61010584960815     
   1.53000000000000        1.61081614918245     
   1.53500000000000        1.61152376453227     
   1.54000000000000        1.61222871060986     
   1.54500000000000        1.61293100144057     
   1.55000000000000        1.61363065110968     
   1.55500000000000        1.61432767358405     
   1.56000000000000        1.61502208260820     
   1.56500000000000        1.61571389183007     
   1.57000000000000        1.61640312394132     
   1.57500000000000        1.61708977344852     
   1.58000000000000        1.61777386339873     
   1.58500000000000        1.61845540722291     
   1.59000000000000        1.61913441772643     
   1.59500000000000        1.61981090794702     
   1.60000000000000        1.62048489055887     
   1.60500000000000        1.62115637834617     
   1.61000000000000        1.62182538371692     
   1.61500000000000        1.62249191926847     
   1.62000000000000        1.62315599723574     
   1.62500000000000        1.62381762992214     
   1.63000000000000        1.62447682940974     
   1.63500000000000        1.62513360775240     
   1.64000000000000        1.62578797683395     
   1.64500000000000        1.62643994844284     
   1.65000000000000        1.62708953437530     
   1.65500000000000        1.62773674614451     
   1.66000000000000        1.62838159527744     
   1.66500000000000        1.62902409322778     
   1.67000000000000        1.62966425118102     
   1.67500000000000        1.63030208046781     
   1.68000000000000        1.63093759215639     
   1.68500000000000        1.63157079726461     
   1.69000000000000        1.63220171595700     
   1.69500000000000        1.63283033992868     
   1.70000000000000        1.63345668989988     
   1.70500000000000        1.63408077665698     
   1.71000000000000        1.63470261071074     
   1.71500000000000        1.63532220250184     
   1.72000000000000        1.63593956244847     
   1.72500000000000        1.63655470077456     
   1.73000000000000        1.63716762781247     
   1.73500000000000        1.63777835361133     
   1.74000000000000        1.63838688822563     
   1.74500000000000        1.63899324174008     
   1.75000000000000        1.63959742398230     
   1.75500000000000        1.64019944480258     
   1.76000000000000        1.64079931398943     
   1.76500000000000        1.64139705049650     
   1.77000000000000        1.64199264464070     
   1.77500000000000        1.64258611596016     
   1.78000000000000        1.64317747409480     
   1.78500000000000        1.64376672831656     
   1.79000000000000        1.64435388795248     
   1.79500000000000        1.64493897151565     
   1.80000000000000        1.64552196879955     
   1.80500000000000        1.64610289891419     
   1.81000000000000        1.64668176938315     
   1.81500000000000        1.64725859300860     
   1.82000000000000        1.64783337598398     
   1.82500000000000        1.64840612776276     
   1.83000000000000        1.64897685685205     
   1.83500000000000        1.64954557210679     
   1.84000000000000        1.65011228211152     
   1.84500000000000        1.65067699544269     
   1.85000000000000        1.65123972066751     
   1.85500000000000        1.65180046436039     
   1.86000000000000        1.65235923907212     
   1.86500000000000        1.65291605027829     
   1.87000000000000        1.65347090696786     
   1.87500000000000        1.65402381707494     
   1.88000000000000        1.65457478894485     
   1.88500000000000        1.65512382877886     
   1.89000000000000        1.65567094889319     
   1.89500000000000        1.65621615263039     
   1.90000000000000        1.65675945263712     
   1.90500000000000        1.65730085382014     
   1.91000000000000        1.65784036483530     
   1.91500000000000        1.65837799312432     
   1.92000000000000        1.65891374656897     
   1.92500000000000        1.65944763277643     
   1.93000000000000        1.65997965932762     
   1.93500000000000        1.66050983391922     
   1.94000000000000        1.66103816404038     
   1.94500000000000        1.66156465529125     
   1.95000000000000        1.66208931936574     
   1.95500000000000        1.66261216076938     
   1.96000000000000        1.66313318767912     
   1.96500000000000        1.66365240705257     
   1.97000000000000        1.66416982632179     
   1.97500000000000        1.66468545258781     
   1.98000000000000        1.66519929312766     
   1.98500000000000        1.66571136432232     
   1.99000000000000        1.66622165363991     
   1.99500000000000        1.66673017829130     
   2.00000000000000        1.66723694544664     
   2.00500000000000        1.66774196181680     
   2.01000000000000        1.66824523441338     
   2.01500000000000        1.66874677005871     
   2.02000000000000        1.66924657566940     
   2.02500000000000        1.66974465802826     
   2.03000000000000        1.67024102390656     
   2.03500000000000        1.67073568004705     
   2.04000000000000        1.67122863300495     
   2.04500000000000        1.67171988948539     
   2.05000000000000        1.67220945588410     
   2.05500000000000        1.67269733871512     
   2.06000000000000        1.67318354438316     
   2.06500000000000        1.67366807936273     
   2.07000000000000        1.67415094823264     
   2.07500000000000        1.67463216146170     
   2.08000000000000        1.67511172275606     
   2.08500000000000        1.67558963917497     
   2.09000000000000        1.67606591689351     
   2.09500000000000        1.67654056222419     
   2.10000000000000        1.67701358158109     
   2.10500000000000        1.67748498098619     
   2.11000000000000        1.67795476470410     
   2.11500000000000        1.67842294289826     
   2.12000000000000        1.67888951864667     
   2.12500000000000        1.67935449851880     
   2.13000000000000        1.67981788822303     
   2.13500000000000        1.68027969383065     
   2.14000000000000        1.68073992132998     
   2.14500000000000        1.68119857680491     
   2.15000000000000        1.68165566627004     
   2.15500000000000        1.68211119399506     
   2.16000000000000        1.68256517008998     
   2.16500000000000        1.68301759749939     
   2.17000000000000        1.68346848270577     
   2.17500000000000        1.68391783100765     
   2.18000000000000        1.68436565765738     
   2.18500000000000        1.68481194808929     
   2.19000000000000        1.68525671795036     
   2.19500000000000        1.68569997301591     
   2.20000000000000        1.68614171870042     
   2.20500000000000        1.68658196059274     
   2.21000000000000        1.68702070457638     
   2.21500000000000        1.68745795634234     
   2.22000000000000        1.68789372180558     
   2.22500000000000        1.68832800667619     
   2.23000000000000        1.68876081637401     
   2.23500000000000        1.68919215452684     
   2.24000000000000        1.68962203042182     
   2.24500000000000        1.69005045569481     
   2.25000000000000        1.69047742555551     
   2.25500000000000        1.69090293490281     
   2.26000000000000        1.69132699949091     
   2.26500000000000        1.69174962443970     
   2.27000000000000        1.69217081506740     
   2.27500000000000        1.69259057698953     
   2.28000000000000        1.69300891595147     
   2.28500000000000        1.69342583768533     
   2.29000000000000        1.69384134790114     
   2.29500000000000        1.69425545178794     
   2.30000000000000        1.69466815442676     
   2.30500000000000        1.69507946035325     
   2.31000000000000        1.69548937382698     
   2.31500000000000        1.69589789895158     
   2.32000000000000        1.69630503985456     
   2.32500000000000        1.69671080094764     
   2.33000000000000        1.69711518704716     
   2.33500000000000        1.69751820340428     
   2.34000000000000        1.69791985575307     
   2.34500000000000        1.69832014996759     
   2.35000000000000        1.69871909228002     
   2.35500000000000        1.69911668826488     
   2.36000000000000        1.69951294147220     
   2.36500000000000        1.69990787045399     
   2.37000000000000        1.70030145611178     
   2.37500000000000        1.70069371276118     
   2.38000000000000        1.70108464374938     
   2.38500000000000        1.70147425190528     
   2.39000000000000        1.70186254100846     
   2.39500000000000        1.70224951537900     
   2.40000000000000        1.70263518024786     
   2.40500000000000        1.70301954170279     
   2.41000000000000        1.70340261624160     
   2.41500000000000        1.70378439030732     
   2.42000000000000        1.70416489063472     
   2.42500000000000        1.70454411226125     
   2.43000000000000        1.70492204966679     
   2.43500000000000        1.70529871648018     
   2.44000000000000        1.70567411481194     
   2.44500000000000        1.70604824594835     
   2.45000000000000        1.70642111139097     
   2.45500000000000        1.70679271358145     
   2.46000000000000        1.70716305639218     
   2.46500000000000        1.70753214524380     
   2.47000000000000        1.70789998724021     
   2.47500000000000        1.70826659055228     
   2.48000000000000        1.70863196348437     
   2.48500000000000        1.70899611372412     
   2.49000000000000        1.70935904740904     
   2.49500000000000        1.70972076839549     
   2.50000000000000        1.71008127832051     
   2.52500000000000        1.71186373663254     
   2.55000000000000        1.71361527735585     
   2.57500000000000        1.71533728238506     
   2.60000000000000        1.71703046610293     
   2.62500000000000        1.71869534078362     
   2.65000000000000        1.72033242419150     
   2.67500000000000        1.72194221714566     
   2.70000000000000        1.72352517722449     
   2.72500000000000        1.72508175393520     
   2.75000000000000        1.72661240141969     
   2.77500000000000        1.72811756098353     
   2.80000000000000        1.72959766085938     
   2.82500000000000        1.73105312422249     
   2.85000000000000        1.73248436847586     
   2.87500000000000        1.73389183973596     
   2.90000000000000        1.73527585862698     
   2.92500000000000        1.73663686280143     
   2.95000000000000        1.73797523886039     
   2.97500000000000        1.73929135994851     
   3.00000000000000        1.74058561295463     
   3.02500000000000        1.74185835632836     
   3.05000000000000        1.74311022390683     
   3.07500000000000        1.74434099342815     
   3.10000000000000        1.74555132615378     
   3.12500000000000        1.74674156091091     
   3.15000000000000        1.74791203027340     
   3.17500000000000        1.74906306250604     
   3.20000000000000        1.75019498093413     
   3.22500000000000        1.75130810355230     
   3.25000000000000        1.75240274314240     
   3.27500000000000        1.75347920716238     
   3.30000000000000        1.75453779803472     
   3.32500000000000        1.75557881286939     
   3.35000000000000        1.75660254406706     
   3.37500000000000        1.75760927869517     
   3.40000000000000        1.75859929929346     
   3.42500000000000        1.75957288349512     
   3.45000000000000        1.76053030421632     
   3.47500000000000        1.76147182985820     
   3.50000000000000        1.76239772426246     
   3.52500000000000        1.76330824011800     
   3.55000000000000        1.76420364696209     
   3.57500000000000        1.76508418725833     
   3.60000000000000        1.76595010803135     
   3.62500000000000        1.76680165183355     
   3.65000000000000        1.76763905699743     
   3.67500000000000        1.76846255812690     
   3.70000000000000        1.76927238549810     
   3.72500000000000        1.77006876609578     
   3.75000000000000        1.77085191591507     
   3.77500000000000        1.77162206857196     
   3.80000000000000        1.77237943113659     
   3.82500000000000        1.77312421635541     
   3.85000000000000        1.77385663247968     
   3.87500000000000        1.77457688443451     
   3.90000000000000        1.77528517396008     
   3.92500000000000        1.77598169921057     
   3.95000000000000        1.77666665497257     
   3.97500000000000        1.77734023308100     
   4.00000000000000        1.77800262196640     
   4.02500000000000        1.77865400703555     
   4.05000000000000        1.77929457056483     
   4.07500000000000        1.77992449174434     
   4.10000000000000        1.78054394699398     
   4.12500000000000        1.78115314916893     
   4.15000000000000        1.78175218540757     
   4.17500000000000        1.78234126868952     
   4.20000000000000        1.78292056349842     
   4.22500000000000        1.78349023147221     
   4.25000000000000        1.78405043186548     
   4.27500000000000        1.78460132141894     
   4.30000000000000        1.78514305429780     
   4.32500000000000        1.78567578207406     
   4.35000000000000        1.78619965391158     
   4.37500000000000        1.78671481648169     
   4.40000000000000        1.78722141398432     
   4.42500000000000        1.78771958832754     
   4.45000000000000        1.78820947902610     
   4.47500000000000        1.78869122330395     
   4.50000000000000        1.78916495605088     
   4.52500000000000        1.78963080997772     
   4.55000000000000        1.79008891559710     
   4.57500000000000        1.79053940126045     
   4.60000000000000        1.79098239320856     
   4.62500000000000        1.79141801554443     
   4.65000000000000        1.79184639025016     
   4.67500000000000        1.79226763089319     
   4.70000000000000        1.79268186964526     
   4.72500000000000        1.79308921449894     
   4.75000000000000        1.79348978019021     
   4.77500000000000        1.79388367883885     
   4.80000000000000        1.79427101432986     
   4.82500000000000        1.79465190960045     
   4.85000000000000        1.79502646315246     
   4.87500000000000        1.79539478082403     
   4.90000000000000        1.79575695886028     
   4.92500000000000        1.79611311343304     
   4.95000000000000        1.79646333606544     
   4.97500000000000        1.79680772559792     
   5.00000000000000        1.79714637876505     
   5.02500000000000        1.79747939045482     
   5.05000000000000        1.79780684740920     
   5.07500000000000        1.79812884946220     
   5.10000000000000        1.79844549280334     
   5.12500000000000        1.79875685872745     
   5.15000000000000        1.79906303504540     
   5.17500000000000        1.79936410784959     
   5.20000000000000        1.79966016166333     
   5.22500000000000        1.79995127963219     
   5.25000000000000        1.80023754357312     
   5.27500000000000        1.80051903388109     
   5.30000000000000        1.80079582969709     
   5.32500000000000        1.80106800859598     
   5.35000000000000        1.80133564725667     
   5.37500000000000        1.80159882077995     
   5.40000000000000        1.80185760317229     
   5.42500000000000        1.80211206707391     
   5.45000000000000        1.80236228407648     
   5.47500000000000        1.80260832453472     
   5.50000000000000        1.80285025757985     
   5.52500000000000        1.80308815128367     
   5.55000000000000        1.80332206548653     
   5.57500000000000        1.80355208101902     
   5.60000000000000        1.80377825394237     
   5.62500000000000        1.80400064845061     
   5.65000000000000        1.80421932710952     
   5.67500000000000        1.80443435142298     
   5.70000000000000        1.80464578202140     
   5.72500000000000        1.80485367840447     
   5.75000000000000        1.80505809906146     
   5.77500000000000        1.80525909488016     
   5.80000000000000        1.80545673684073     
   5.82500000000000        1.80565107245234     
   5.85000000000000        1.80584215693929     
   5.87500000000000        1.80603004401995     
   5.90000000000000        1.80621478681466     
   5.92500000000000        1.80639643728686     
   5.95000000000000        1.80657504008559     
   5.97500000000000        1.80675065990287     
   6.00000000000000        1.80692333783600     
   6.02500000000000        1.80709312346841     
   6.05000000000000        1.80726006434294     
   6.07500000000000        1.80742420779358     
   6.10000000000000        1.80758560008183     
   6.12500000000000        1.80774432744175     
   6.15000000000000        1.80790034920451     
   6.17500000000000        1.80805375573993     
   6.20000000000000        1.80820459008313     
   6.22500000000000        1.80835289423139     
   6.25000000000000        1.80849870992693     
   6.27500000000000        1.80864207828202     
   6.30000000000000        1.80878303970766     
   6.32500000000000        1.80892163400726     
   6.35000000000000        1.80905790039342     
   6.37500000000000        1.80919187737893     
   6.40000000000000        1.80932360273061     
   6.42500000000000        1.80945311399638     
   6.45000000000000        1.80958044757877     
   6.47500000000000        1.80970563967700     
   6.50000000000000        1.80982872560517     
   6.52500000000000        1.80994974042503     
   6.55000000000000        1.81006871826567     
   6.57500000000000        1.81018569298001     
   6.60000000000000        1.81030069068037     
   6.62500000000000        1.81041375899007     
   6.65000000000000        1.81052492124479     
   6.67500000000000        1.81063420967217     
   6.70000000000000        1.81074165530229     
   6.72500000000000        1.81084728856089     
   6.75000000000000        1.81095113966625     
   6.77500000000000        1.81105323795941     
   6.80000000000000        1.81115361251344     
   6.82500000000000        1.81125233254003     
   6.85000000000000        1.81134934069195     
   6.87500000000000        1.81144471072671     
   6.90000000000000        1.81153846949657     
   6.92500000000000        1.81163064324988     
   6.95000000000000        1.81172125792310     
   6.97500000000000        1.81181033916803     
   7.00000000000000        1.81189791246928     
   7.02500000000000        1.81198400279295     
   7.05000000000000        1.81206863440106     
   7.07500000000000        1.81215183154230     
   7.10000000000000        1.81223361798737     
   7.12500000000000        1.81231401709673     
   7.15000000000000        1.81239304466872     
   7.17500000000000        1.81247073853847     
   7.20000000000000        1.81254711208948     
   7.22500000000000        1.81262218781725     
   7.25000000000000        1.81269598722401     
   7.27500000000000        1.81276853137776     
   7.30000000000000        1.81283984113190     
   7.32500000000000        1.81290993682554     
   7.35000000000000        1.81297883883705     
   7.37500000000000        1.81304656660413     
   7.40000000000000        1.81311313988637     
   7.42500000000000        1.81317857745244     
   7.45000000000000        1.81324289851205     
   7.47500000000000        1.81330612116907     
   7.50000000000000        1.81336826384907     
   7.52500000000000        1.81342934432648     
   7.55000000000000        1.81348938025713     
   7.57500000000000        1.81354838893181     
   7.60000000000000        1.81360638720542     
   7.62500000000000        1.81366339206956     
   7.65000000000000        1.81371941277430     
   7.67500000000000        1.81377448048944     
   7.70000000000000        1.81382859594119     
   7.72500000000000        1.81388178956677     
   7.75000000000000        1.81393406846496     
   7.77500000000000        1.81398544829792     
   7.80000000000000        1.81403594406659     
   7.82500000000000        1.81408557044810     
   7.85000000000000        1.81413434181524     
   7.87500000000000        1.81418227231276     
   7.90000000000000        1.81422937592087     
   7.92500000000000        1.81427566643008     
   7.95000000000000        1.81432115697159     
   7.97500000000000        1.81436590204205     
   8.00000000000000        1.81440982845768     
   8.02500000000000        1.81445299580121     
   8.05000000000000        1.81449541603168     
   8.07500000000000        1.81453710118612     
   8.10000000000000        1.81457805630207     
   8.12500000000000        1.81461830811437     
   8.15000000000000        1.81465785954135     
   8.17500000000000        1.81469672288772     
   8.20000000000000        1.81473490953576     
   8.22500000000000        1.81477243049117     
   8.25000000000000        1.81480929692760     
   8.27500000000000        1.81484551967286     
   8.30000000000000        1.81488110932484     
   8.32500000000000        1.81491636781515     
   8.35000000000000        1.81495069215254     
   8.37500000000000        1.81498442470725     
   8.40000000000000        1.81501757267181     
   8.42500000000000        1.81505014247934     
   8.45000000000000        1.81508214231413     
   8.47500000000000        1.81511358070493     
   8.50000000000000        1.81514446641266     
   8.52500000000000        1.81517480808927     
   8.55000000000000        1.81520461458864     
   8.57500000000000        1.81523389457566     
   8.60000000000000        1.81526264967797     
   8.62500000000000        1.81529090337917     
   8.65000000000000        1.81531865538774     
   8.67500000000000        1.81534591458382     
   8.70000000000000        1.81537268903535     
   8.72500000000000        1.81539898683653     
   8.75000000000000        1.81542481584393     
   8.77500000000000        1.81545018394716     
   8.80000000000000        1.81547509855446     
   8.82500000000000        1.81549960822159     
   8.85000000000000        1.81552363427270     
   8.87500000000000        1.81554723063393     
   8.90000000000000        1.81557040394114     
   8.92500000000000        1.81559316078957     
   8.95000000000000        1.81561550103780     
   8.97500000000000        1.81563744603689     
   9.00000000000000        1.81565899374251     
   9.02500000000000        1.81568015142962     
   9.05000000000000        1.81570092550926     
   9.07500000000000        1.81572132218324     
   9.10000000000000        1.81574134784448     
   9.12500000000000        1.81576100854383     
   9.15000000000000        1.81578031036328     
   9.17500000000000        1.81579925926225     
   9.20000000000000        1.81581786107840     
   9.22500000000000        1.81583611453022     
   9.25000000000000        1.81585404037814     
   9.27500000000000        1.81587163519698     
   9.30000000000000        1.81588890555815     
   9.32500000000000        1.81590585630034     
   9.35000000000000        1.81592249306848     
   9.37500000000000        1.81593881394578     
   9.40000000000000        1.81595483907640     
   9.42500000000000        1.81597056492008     
   9.45000000000000        1.81598599692096     
   9.47500000000000        1.81600113985633     
   9.50000000000000        1.81601599875841     
   9.52500000000000        1.81603057822289     
   9.55000000000000        1.81604488280949     
   9.57500000000000        1.81605891726157     
   9.60000000000000        1.81607268593301     
   9.62500000000000        1.81608619316740     
   9.65000000000000        1.81609944346065     
   9.67500000000000        1.81611248182489     
   9.70000000000000        1.81612522656223     
   9.72500000000000        1.81613772824832     
   9.75000000000000        1.81614999055879     
   9.77500000000000        1.81616201010360     
   9.80000000000000        1.81617380541233     
   9.82500000000000        1.81618536474778     
   9.85000000000000        1.81619670714059     
   9.87500000000000        1.81620782777676     
   9.90000000000000        1.81621873083877     
   9.92500000000000        1.81622946079553     
   9.95000000000000        1.81623993517795     
   9.97500000000000        1.81625020412727     
   10.0000000000000        1.81626031158672     
   10.0250000000000        1.81627017437452     
   10.0500000000000        1.81627984216215     
   10.0750000000000        1.81628931776336     
   10.1000000000000        1.81629860381155     
   10.1250000000000        1.81630770314730     
   10.1500000000000        1.81631661872105     
   10.1750000000000        1.81632535349535     
   10.2000000000000        1.81633391042456     
   10.2250000000000        1.81634229228670     
   10.2500000000000        1.81635050206863     
   10.2750000000000        1.81635854257984     
   10.3000000000000        1.81636641658530     
   10.3250000000000        1.81637412679810     
   10.3500000000000        1.81638167599537     
   10.3750000000000        1.81638906683848     
   10.4000000000000        1.81639630188673     
   10.4250000000000        1.81640338375389     
   10.4500000000000        1.81641031493203     
   10.4750000000000        1.81641709806595     
   10.5000000000000        1.81642377616484     
   10.5250000000000        1.81643026613108     
   10.5500000000000        1.81643665725849     
   10.5750000000000        1.81644286591775     
   10.6000000000000        1.81644894022453     
   10.6250000000000        1.81645488199855     
   10.6500000000000        1.81646069275833     
   10.6750000000000        1.81646637441268     
   10.7000000000000        1.81647192207314     
   10.7250000000000        1.81647764447734     
   10.7500000000000        1.81648292045522     
   10.7750000000000        1.81648808561489     
   10.8000000000000        1.81649313905361     
   10.8250000000000        1.81649807947104     
   10.8500000000000        1.81650290729476     
   10.8750000000000        1.81650766429597     
   10.9000000000000        1.81651225885143     
   10.9250000000000        1.81651675388939     
   10.9500000000000        1.81652114206236     
   10.9750000000000        1.81652542488692     
   11.0000000000000        1.81652964484623     
   11.0250000000000        1.81653371738032     
   11.0500000000000        1.81653769063475     
   11.0750000000000        1.81654156593763     
   11.1000000000000        1.81654534418902     
   11.1250000000000        1.81654902689051     
   11.1500000000000        1.81655261571503     
   11.1750000000000        1.81655611165554     
   11.2000000000000        1.81655951655105     
   11.2250000000000        1.81656283163347     
   11.2500000000000        1.81656605854682     
   11.2750000000000        1.81656919874294     
   11.3000000000000        1.81657225341869     
   11.3250000000000        1.81657522421499     
   11.3500000000000        1.81657811238233     
   11.3750000000000        1.81658091930104     
   11.4000000000000        1.81658368725511     
   11.4250000000000        1.81658633161694     
   11.4500000000000        1.81658890010857     
   11.4750000000000        1.81659139373140     
   11.5000000000000        1.81659381313604     
   11.5250000000000        1.81659615947078     
   11.5500000000000        1.81659842682438     
   11.5750000000000        1.81660063125671     
   11.6000000000000        1.81660276519318     
   11.6250000000000        1.81660483045717     
   11.6500000000000        1.81660682801225     
   11.6750000000000        1.81660875905714     
   11.7000000000000        1.81661062470556     
   11.7250000000000        1.81661242608038     
   11.7500000000000        1.81661416413844     
   11.7750000000000        1.81661584007916     
   11.8000000000000        1.81661745477692     
   11.8250000000000        1.81661900943388     
   11.8500000000000        1.81662050481894     
   11.8750000000000        1.81662193522185     
   11.9000000000000        1.81662330939686     
   11.9250000000000        1.81662463454369     
   11.9500000000000        1.81662590356567     
   11.9750000000000        1.81662711805796     
   12.0000000000000        1.81662831971429     
   12.0250000000000        1.81662942347340     
   12.0500000000000        1.81663047710062     
   12.0750000000000        1.81663148066553     
   12.1000000000000        1.81663243473367     
   12.1250000000000        1.81663333990231     
   12.1500000000000        1.81663419695677     
   12.1750000000000        1.81663500647492     
   12.2000000000000        1.81663576928403     
   12.2250000000000        1.81663648614544     
   12.2500000000000        1.81663715774462     
   12.2750000000000        1.81663778481787     
   12.3000000000000        1.81663836809954     
   12.3250000000000        1.81663890829303     
   12.3500000000000        1.81663940619593     
   12.3750000000000        1.81663986234600     
   12.4000000000000        1.81664027760519     
   12.4250000000000        1.81664065252657     
   12.4500000000000        1.81664098784894     
   12.4750000000000        1.81664128420548     
   12.5000000000000        1.81664154215978     
