  5.000000000000000E-003 -7.960557267444829E-002
  1.000000000000000E-002 -0.156891549271078     
  1.500000000000000E-002 -0.229107331134795     
  2.000000000000000E-002 -0.295333303930603     
  2.500000000000000E-002 -0.355485990059902     
  3.000000000000000E-002 -0.409858275838529     
  3.500000000000000E-002 -0.458898675139457     
  4.000000000000000E-002 -0.503103138285479     
  4.500000000000000E-002 -0.542962373566352     
  5.000000000000000E-002 -0.578937390667355     
  5.500000000000000E-002 -0.611449420022595     
  6.000000000000000E-002 -0.640877389332742     
  6.500000000000000E-002 -0.667558981002514     
  7.000000000000001E-002 -0.691795596873662     
  7.500000000000000E-002 -0.713845024428893     
  8.000000000000000E-002 -0.733949188068769     
  8.500000000000001E-002 -0.752309273217929     
  9.000000000000000E-002 -0.769108735724099     
  9.500000000000000E-002 -0.784507614254301     
  0.100000000000000      -0.798648055722937     
  0.105000000000000      -0.811657684209783     
  0.110000000000000      -0.823641281240479     
  0.115000000000000      -0.834705962530355     
  0.120000000000000      -0.844934963529408     
  0.125000000000000      -0.854410170733008     
  0.130000000000000      -0.863194342661950     
  0.135000000000000      -0.871358250296797     
  0.140000000000000      -0.878953005904123     
  0.145000000000000      -0.886028796635060     
  0.150000000000000      -0.892633615218584     
  0.155000000000000      -0.898806793352631     
  0.160000000000000      -0.904582074163169     
  0.165000000000000      -0.909993250308633     
  0.170000000000000      -0.915074195145233     
  0.175000000000000      -0.919845698655832     
  0.180000000000000      -0.924335643300158     
  0.185000000000000      -0.928564839559474     
  0.190000000000000      -0.932553712658547     
  0.195000000000000      -0.936320308976756     
  0.200000000000000      -0.939881231398548     
  0.205000000000000      -0.943251572720159     
  0.210000000000000      -0.946443627790856     
  0.215000000000000      -0.949475013708211     
  0.220000000000000      -0.952350985309036     
  0.225000000000000      -0.955085757199549     
  0.230000000000000      -0.957687785538763     
  0.235000000000000      -0.960166370615409     
  0.240000000000000      -0.962529549134213     
  0.245000000000000      -0.964784878628408     
  0.250000000000000      -0.966939274590994     
  0.255000000000000      -0.968999120208300     
  0.260000000000000      -0.970970321755474     
  0.265000000000000      -0.972860250563237     
  0.270000000000000      -0.974667482476816     
  0.275000000000000      -0.976404668516581     
  0.280000000000000      -0.978073453511927     
  0.285000000000000      -0.979672918488050     
  0.290000000000000      -0.981214262953555     
  0.295000000000000      -0.982696496373706     
  0.300000000000000      -0.984124335328581     
  0.305000000000000      -0.985500253298677     
  0.310000000000000      -0.986827227819818     
  0.315000000000000      -0.988107800604608     
  0.320000000000000      -0.989344413943292     
  0.325000000000000      -0.990539337622030     
  0.330000000000000      -0.991694688680931     
  0.335000000000000      -0.992812456187534     
  0.340000000000000      -0.993894499873939     
  0.345000000000000      -0.994942556337326     
  0.350000000000000      -0.995965194803175     
  0.355000000000000      -0.996941277079047     
  0.360000000000000      -0.997899633974669     
  0.365000000000000      -0.998826126703881     
  0.370000000000000      -0.999727170710235     
  0.375000000000000       -1.00060224661849     
  0.380000000000000       -1.00145305751327     
  0.385000000000000       -1.00228046667690     
  0.390000000000000       -1.00308555666973     
  0.395000000000000       -1.00386923885649     
  0.400000000000000       -1.00463242944175     
  0.405000000000000       -1.00537596595895     
  0.410000000000000       -1.00610065401585     
  0.415000000000000       -1.00680724529229     
  0.420000000000000       -1.00749646628860     
  0.425000000000000       -1.00816899399535     
  0.430000000000000       -1.00882546852659     
  0.435000000000000       -1.00946651956697     
  0.440000000000000       -1.01009270909664     
  0.445000000000000       -1.01070461177718     
  0.450000000000000       -1.01130273181138     
  0.455000000000000       -1.01188758411013     
  0.460000000000000       -1.01245963384396     
  0.465000000000000       -1.01301933954393     
  0.470000000000000       -1.01356713745194     
  0.475000000000000       -1.01410342502153     
  0.480000000000000       -1.01462861140360     
  0.485000000000000       -1.01514306054026     
  0.490000000000000       -1.01564712979013     
  0.495000000000000       -1.01614116872583     
  0.500000000000000       -1.01662550359297     
  0.505000000000000       -1.01710043403759     
  0.510000000000000       -1.01756627238878     
  0.515000000000000       -1.01802329356347     
  0.520000000000000       -1.01847178735817     
  0.525000000000000       -1.01891392070297     
  0.530000000000000       -1.01934352528479     
  0.535000000000000       -1.01976879580322     
  0.540000000000000       -1.02018535867706     
  0.545000000000000       -1.02059498031050     
  0.550000000000000       -1.02099734867819     
  0.555000000000000       -1.02139478342906     
  0.560000000000000       -1.02178097730921     
  0.565000000000000       -1.02216409522408     
  0.570000000000000       -1.02253971946107     
  0.575000000000000       -1.02290955117702     
  0.580000000000000       -1.02327326441071     
  0.585000000000000       -1.02363116947124     
  0.590000000000000       -1.02398532389143     
  0.595000000000000       -1.02432942743028     
  0.600000000000000       -1.02467158939666     
  0.605000000000000       -1.02500736508436     
  0.610000000000000       -1.02533840596924     
  0.615000000000000       -1.02566434013212     
  0.620000000000000       -1.02598546143783     
  0.625000000000000       -1.02630376803276     
  0.630000000000000       -1.02661294497011     
  0.635000000000000       -1.02692106503390     
  0.640000000000000       -1.02722365415599     
  0.645000000000000       -1.02752232537073     
  0.650000000000000       -1.02781669653792     
  0.655000000000000       -1.02810554549270     
  0.660000000000000       -1.02839388184606     
  0.665000000000000       -1.02867562876778     
  0.670000000000000       -1.02895446511627     
  0.675000000000000       -1.02922929097280     
  0.680000000000000       -1.02950058301868     
  0.685000000000000       -1.02976829085137     
  0.690000000000000       -1.03003446624240     
  0.695000000000000       -1.03029273474570     
  0.700000000000000       -1.03055111910650     
  0.705000000000000       -1.03080511870375     
  0.710000000000000       -1.03105630967707     
  0.715000000000000       -1.03130427712535     
  0.720000000000000       -1.03154923786799     
  0.725000000000000       -1.03179120324105     
  0.730000000000000       -1.03203026043256     
  0.735000000000000       -1.03226839083846     
  0.740000000000000       -1.03249921044430     
  0.745000000000000       -1.03273073601632     
  0.750000000000000       -1.03295843712415     
  0.755000000000000       -1.03318388008802     
  0.760000000000000       -1.03340662297515     
  0.765000000000000       -1.03362688858692     
  0.770000000000000       -1.03384466187854     
  0.775000000000000       -1.03406001534664     
  0.780000000000000       -1.03427298714634     
  0.785000000000000       -1.03448362620455     
  0.790000000000000       -1.03469198713752     
  0.795000000000000       -1.03489661962854     
  0.800000000000000       -1.03510254970738     
  0.805000000000000       -1.03530360818038     
  0.810000000000000       -1.03550347052046     
  0.815000000000000       -1.03570093425798     
  0.820000000000000       -1.03589647214498     
  0.825000000000000       -1.03608849460468     
  0.830000000000000       -1.03628206177114     
  0.835000000000000       -1.03647098095655     
  0.840000000000000       -1.03666084892893     
  0.845000000000000       -1.03684404258668     
  0.850000000000000       -1.03702894563686     
  0.855000000000000       -1.03721087863111     
  0.860000000000000       -1.03739144034185     
  0.865000000000000       -1.03757013459505     
  0.870000000000000       -1.03774718213656     
  0.875000000000000       -1.03792445413071     
  0.880000000000000       -1.03809558943801     
  0.885000000000000       -1.03826853664701     
  0.890000000000000       -1.03843875689485     
  0.895000000000000       -1.03860779170002     
  0.900000000000000       -1.03877516242868     
  0.905000000000000       -1.03894106633480     
  0.910000000000000       -1.03910547121416     
  0.915000000000000       -1.03926842346900     
  0.920000000000000       -1.03943186429101     
  0.925000000000000       -1.03958937524569     
  0.930000000000000       -1.03974894382887     
  0.935000000000000       -1.03990599566572     
  0.940000000000000       -1.04006208399467     
  0.945000000000000       -1.04021671856922     
  0.950000000000000       -1.04037009313951     
  0.955000000000000       -1.04052217251309     
  0.960000000000000       -1.04067298973141     
  0.965000000000000       -1.04082449928801     
  0.970000000000000       -1.04097026664464     
  0.975000000000000       -1.04111826836145     
  0.980000000000000       -1.04126394536275     
  0.985000000000000       -1.04140883106872     
  0.990000000000000       -1.04155243852593     
  0.995000000000000       -1.04169496066947     
   1.00000000000000       -1.04183634240173     
   1.00500000000000       -1.04197663715639     
   1.01000000000000       -1.04211584866995     
   1.01500000000000       -1.04225591493444     
   1.02000000000000       -1.04239042292788     
   1.02500000000000       -1.04252927271648     
   1.03000000000000       -1.04266143365768     
   1.03500000000000       -1.04279641707374     
   1.04000000000000       -1.04292913488696     
   1.04500000000000       -1.04306129889450     
   1.05000000000000       -1.04319235826436     
   1.05500000000000       -1.04332444488897     
   1.06000000000000       -1.04345106564016     
   1.06500000000000       -1.04358021229191     
   1.07000000000000       -1.04370729843620     
   1.07500000000000       -1.04383386942851     
   1.08000000000000       -1.04395795078663     
   1.08500000000000       -1.04408470876810     
   1.09000000000000       -1.04420786094714     
   1.09500000000000       -1.04433109642075     
   1.10000000000000       -1.04445318126882     
   1.10500000000000       -1.04457454525700     
   1.11000000000000       -1.04469505776263     
   1.11500000000000       -1.04481671141403     
   1.12000000000000       -1.04493304589112     
   1.12500000000000       -1.04505204696951     
   1.13000000000000       -1.04516912523441     
   1.13500000000000       -1.04528582749451     
   1.14000000000000       -1.04540163926239     
   1.14500000000000       -1.04551675949323     
   1.15000000000000       -1.04563112179272     
   1.15500000000000       -1.04574477493254     
   1.16000000000000       -1.04585769939586     
   1.16500000000000       -1.04596992059498     
   1.17000000000000       -1.04608144863375     
   1.17500000000000       -1.04619228264786     
   1.18000000000000       -1.04630243677297     
   1.18500000000000       -1.04641191750043     
   1.19000000000000       -1.04652073421548     
   1.19500000000000       -1.04662889646327     
   1.20000000000000       -1.04673641259236     
   1.20500000000000       -1.04684328863307     
   1.21000000000000       -1.04695647292251     
   1.21500000000000       -1.04705325128196     
   1.22000000000000       -1.04716109536619     
   1.22500000000000       -1.04726446475784     
   1.23000000000000       -1.04737048216151     
   1.23500000000000       -1.04747094202528     
   1.24000000000000       -1.04757442871665     
   1.24500000000000       -1.04767613012251     
   1.25000000000000       -1.04777765869969     
   1.25500000000000       -1.04787849008302     
   1.26000000000000       -1.04797880451272     
   1.26500000000000       -1.04807854143730     
   1.27000000000000       -1.04817774502422     
   1.27500000000000       -1.04827639451580     
   1.28000000000000       -1.04837452182266     
   1.28500000000000       -1.04847209704415     
   1.29000000000000       -1.04856915990987     
   1.29500000000000       -1.04866570123950     
   1.30000000000000       -1.04876172959339     
   1.30500000000000       -1.04885724498672     
   1.31000000000000       -1.04895225780031     
   1.31500000000000       -1.04904677953554     
   1.32000000000000       -1.04914080051144     
   1.32500000000000       -1.04923433413677     
   1.33000000000000       -1.04932738565147     
   1.33500000000000       -1.04941996695440     
   1.34000000000000       -1.04951206538742     
   1.34500000000000       -1.04960370256075     
   1.35000000000000       -1.04969487469293     
   1.35500000000000       -1.04978559135453     
   1.36000000000000       -1.04987585055695     
   1.36500000000000       -1.04996566169257     
   1.37000000000000       -1.05005503120638     
   1.37500000000000       -1.05014395578261     
   1.38000000000000       -1.05023245517278     
   1.38500000000000       -1.05032050743035     
   1.39000000000000       -1.05040814919653     
   1.39500000000000       -1.05049535479195     
   1.40000000000000       -1.05058214645837     
   1.40500000000000       -1.05066852551680     
   1.41000000000000       -1.05075448376212     
   1.41500000000000       -1.05084004548720     
   1.42000000000000       -1.05092519892878     
   1.42500000000000       -1.05100995655860     
   1.43000000000000       -1.05109431267922     
   1.43500000000000       -1.05117828178003     
   1.44000000000000       -1.05126185890445     
   1.44500000000000       -1.05134505537272     
   1.45000000000000       -1.05142786673831     
   1.45500000000000       -1.05151030054751     
   1.46000000000000       -1.05159430042109     
   1.46500000000000       -1.05167191642533     
   1.47000000000000       -1.05175613038190     
   1.47500000000000       -1.05183610967254     
   1.48000000000000       -1.05191702060833     
   1.48500000000000       -1.05199714160380     
   1.49000000000000       -1.05207705314844     
   1.49500000000000       -1.05215658040966     
   1.50000000000000       -1.05223575544393     
   1.50500000000000       -1.05231652654818     
   1.51000000000000       -1.05239241333154     
   1.51500000000000       -1.05247143296991     
   1.52000000000000       -1.05254895313503     
   1.52500000000000       -1.05262846329780     
   1.53000000000000       -1.05270298184579     
   1.53500000000000       -1.05278067511287     
   1.54000000000000       -1.05285686511261     
   1.54500000000000       -1.05293313086702     
   1.55000000000000       -1.05300893787595     
   1.55500000000000       -1.05308447149717     
   1.56000000000000       -1.05315967661667     
   1.56500000000000       -1.05323457094450     
   1.57000000000000       -1.05330767449397     
   1.57500000000000       -1.05338397732373     
   1.58000000000000       -1.05345724407612     
   1.58500000000000       -1.05353112824594     
   1.59000000000000       -1.05360440466829     
   1.59500000000000       -1.05367749063132     
   1.60000000000000       -1.05375023559909     
   1.60500000000000       -1.05382270700542     
   1.61000000000000       -1.05389487729412     
   1.61500000000000       -1.05396675759789     
   1.62000000000000       -1.05403834969749     
   1.62500000000000       -1.05410965231378     
   1.63000000000000       -1.05418067651941     
   1.63500000000000       -1.05425140846543     
   1.64000000000000       -1.05432186806079     
   1.64500000000000       -1.05439205545290     
   1.65000000000000       -1.05446194851391     
   1.65500000000000       -1.05453157855120     
   1.66000000000000       -1.05460093542482     
   1.66500000000000       -1.05467002160508     
   1.67000000000000       -1.05473883387100     
   1.67500000000000       -1.05480738173715     
   1.68000000000000       -1.05487566306266     
   1.68500000000000       -1.05494368331387     
   1.69000000000000       -1.05500995692056     
   1.69500000000000       -1.05507949121105     
   1.70000000000000       -1.05514603560951     
   1.70500000000000       -1.05521323802459     
   1.71000000000000       -1.05527988430554     
   1.71500000000000       -1.05534638054946     
   1.72000000000000       -1.05541259336362     
   1.72500000000000       -1.05547856160010     
   1.73000000000000       -1.05554428780064     
   1.73500000000000       -1.05560975553791     
   1.74000000000000       -1.05567498547922     
   1.74500000000000       -1.05573996571385     
   1.75000000000000       -1.05580471052723     
   1.75500000000000       -1.05586920959144     
   1.76000000000000       -1.05593347220940     
   1.76500000000000       -1.05599602160353     
   1.77000000000000       -1.05606183403125     
   1.77500000000000       -1.05612470055619     
   1.78000000000000       -1.05618823644902     
   1.78500000000000       -1.05625124410150     
   1.79000000000000       -1.05631412209543     
   1.79500000000000       -1.05637525133450     
   1.80000000000000       -1.05643968206929     
   1.80500000000000       -1.05650115565519     
   1.81000000000000       -1.05656526477508     
   1.81500000000000       -1.05662430090328     
   1.82000000000000       -1.05668668914335     
   1.82500000000000       -1.05674765975537     
   1.83000000000000       -1.05680881650991     
   1.83500000000000       -1.05686960938165     
   1.84000000000000       -1.05693023288337     
   1.84500000000000       -1.05699062490023     
   1.85000000000000       -1.05705080991773     
   1.85500000000000       -1.05711272034678     
   1.86000000000000       -1.05716987269750     
   1.86500000000000       -1.05723028812606     
   1.87000000000000       -1.05728931725264     
   1.87500000000000       -1.05734854027735     
   1.88000000000000       -1.05740741599437     
   1.88500000000000       -1.05746807751313     
   1.89000000000000       -1.05752396142275     
   1.89500000000000       -1.05758507524087     
   1.90000000000000       -1.05764026720284     
   1.90500000000000       -1.05769911013454     
   1.91000000000000       -1.05775646691296     
   1.91500000000000       -1.05781405746206     
   1.92000000000000       -1.05787129108460     
   1.92500000000000       -1.05792838310241     
   1.93000000000000       -1.05798526030312     
   1.93500000000000       -1.05804193821947     
   1.94000000000000       -1.05809841655063     
   1.94500000000000       -1.05815665259128     
   1.95000000000000       -1.05821014463215     
   1.95500000000000       -1.05826690718348     
   1.96000000000000       -1.05832232985477     
   1.96500000000000       -1.05837793472072     
   1.97000000000000       -1.05843322079432     
   1.97500000000000       -1.05848837004900     
   1.98000000000000       -1.05854330799807     
   1.98500000000000       -1.05859658305264     
   1.99000000000000       -1.05865318160327     
   1.99500000000000       -1.05870686378413     
   2.00000000000000       -1.05876128022584     
   2.00500000000000       -1.05881520618175     
   2.01000000000000       -1.05886905646327     
   2.01500000000000       -1.05892268638725     
   2.02000000000000       -1.05897614312756     
   2.02500000000000       -1.05902941980363     
   2.03000000000000       -1.05908251282648     
   2.03500000000000       -1.05913543001051     
   2.04000000000000       -1.05918815940359     
   2.04500000000000       -1.05924071437190     
   2.05000000000000       -1.05929309379485     
   2.05500000000000       -1.05934529500271     
   2.06000000000000       -1.05939732856055     
   2.06500000000000       -1.05944916873133     
   2.07000000000000       -1.05950279537871     
   2.07500000000000       -1.05955168830712     
   2.08000000000000       -1.05960389100213     
   2.08500000000000       -1.05965475648859     
   2.09000000000000       -1.05970583975171     
   2.09500000000000       -1.05975661953899     
   2.10000000000000       -1.05980727388469     
   2.10500000000000       -1.05985774393770     
   2.11000000000000       -1.05990999216092     
   2.11500000000000       -1.05995752686042     
   2.12000000000000       -1.06000836326734     
   2.12500000000000       -1.06005787757939     
   2.13000000000000       -1.06010760847216     
   2.13500000000000       -1.06015704780648     
   2.14000000000000       -1.06020636631424     
   2.14500000000000       -1.06025550193465     
   2.15000000000000       -1.06030448094872     
   2.15500000000000       -1.06035524111356     
   2.16000000000000       -1.06040129585914     
   2.16500000000000       -1.06045064854492     
   2.17000000000000       -1.06049869412137     
   2.17500000000000       -1.06054695824237     
   2.18000000000000       -1.06059345739394     
   2.18500000000000       -1.06064334558046     
   2.19000000000000       -1.06069034643378     
   2.19500000000000       -1.06073810515006     
   2.20000000000000       -1.06078540078047     
   2.20500000000000       -1.06083264466022     
   2.21000000000000       -1.06087969581130     
   2.21500000000000       -1.06092660276463     
   2.22000000000000       -1.06097336131663     
   2.22500000000000       -1.06101995406831     
   2.23000000000000       -1.06106640438368     
   2.23500000000000       -1.06111463759555     
   2.24000000000000       -1.06115818114788     
   2.24500000000000       -1.06120355346799     
   2.25000000000000       -1.06124964851552     
   2.25500000000000       -1.06129677451937     
   2.26000000000000       -1.06134181093887     
   2.26500000000000       -1.06138734407222     
   2.27000000000000       -1.06143252326032     
   2.27500000000000       -1.06147763044877     
   2.28000000000000       -1.06152255453972     
   2.28500000000000       -1.06156734451460     
   2.29000000000000       -1.06161198187527     
   2.29500000000000       -1.06165648620326     
   2.30000000000000       -1.06170083222382     
   2.30500000000000       -1.06174504087970     
   2.31000000000000       -1.06178910204002     
   2.31500000000000       -1.06183301825396     
   2.32000000000000       -1.06187679017558     
   2.32500000000000       -1.06192042040095     
   2.33000000000000       -1.06196390814717     
   2.33500000000000       -1.06200725608169     
   2.34000000000000       -1.06205045698738     
   2.34500000000000       -1.06209351616963     
   2.35000000000000       -1.06213644165015     
   2.35500000000000       -1.06217922666254     
   2.36000000000000       -1.06222381045523     
   2.36500000000000       -1.06226222565856     
   2.37000000000000       -1.06230749673180     
   2.37500000000000       -1.06234873862153     
   2.38000000000000       -1.06239114773975     
   2.38500000000000       -1.06243298553234     
   2.39000000000000       -1.06247483311275     
   2.39500000000000       -1.06251649017895     
   2.40000000000000       -1.06255803250238     
   2.40500000000000       -1.06259943755299     
   2.41000000000000       -1.06263922031008     
   2.41500000000000       -1.06268239293153     
   2.42000000000000       -1.06272121588903     
   2.42500000000000       -1.06276285913134     
   2.43000000000000       -1.06280486031003     
   2.43500000000000       -1.06284500564309     
   2.44000000000000       -1.06288560922174     
   2.44500000000000       -1.06292588959104     
   2.45000000000000       -1.06296609961160     
   2.45500000000000       -1.06300616278762     
   2.46000000000000       -1.06304610177675     
   2.46500000000000       -1.06308591233345     
   2.47000000000000       -1.06312559441513     
   2.47500000000000       -1.06316514912713     
   2.48000000000000       -1.06320456863267     
   2.48500000000000       -1.06324387288162     
   2.49000000000000       -1.06328303726089     
   2.49500000000000       -1.06332208059511     
   2.50000000000000       -1.06336099873900     
   2.52500000000000       -1.06346888162773     
   2.55000000000000       -1.06365446467500     
   2.57500000000000       -1.06384005159881     
   2.60000000000000       -1.06402398112624     
   2.62500000000000       -1.06420554050760     
   2.65000000000000       -1.06438443369344     
   2.67500000000000       -1.06456053569630     
   2.70000000000000       -1.06473380898353     
   2.72500000000000       -1.06490427459706     
   2.75000000000000       -1.06507194241812     
   2.77500000000000       -1.06523686559724     
   2.80000000000000       -1.06539908769132     
   2.82500000000000       -1.06555864823798     
   2.85000000000000       -1.06571559698228     
   2.87500000000000       -1.06586857708894     
   2.90000000000000       -1.06602242221970     
   2.92500000000000       -1.06617108680080     
   2.95000000000000       -1.06631824266949     
   2.97500000000000       -1.06646464487856     
   3.00000000000000       -1.06660425091819     
   3.02500000000000       -1.06674498404868     
   3.05000000000000       -1.06688982874719     
   3.07500000000000       -1.06701606100572     
   3.10000000000000       -1.06715191603102     
   3.12500000000000       -1.06728181036799     
   3.15000000000000       -1.06741091101305     
   3.17500000000000       -1.06753751386000     
   3.20000000000000       -1.06766220028237     
   3.22500000000000       -1.06778482639803     
   3.25000000000000       -1.06790546832474     
   3.27500000000000       -1.06802413931929     
   3.30000000000000       -1.06814088259004     
   3.32500000000000       -1.06825572345547     
   3.35000000000000       -1.06836869363770     
   3.37500000000000       -1.06847981198528     
   3.40000000000000       -1.06858913194083     
   3.42500000000000       -1.06869665537281     
   3.45000000000000       -1.06880242033193     
   3.47500000000000       -1.06890647128667     
   3.50000000000000       -1.06900881175557     
   3.52500000000000       -1.06911141479256     
   3.55000000000000       -1.06920783995933     
   3.57500000000000       -1.06930611250537     
   3.60000000000000       -1.06940163506359     
   3.62500000000000       -1.06949597277724     
   3.65000000000000       -1.06958864224916     
   3.67500000000000       -1.06967982627573     
   3.70000000000000       -1.06976950909497     
   3.72500000000000       -1.06985772750568     
   3.75000000000000       -1.06994643666041     
   3.77500000000000       -1.07002917936583     
   3.80000000000000       -1.07011399439943     
   3.82500000000000       -1.07019627768439     
   3.85000000000000       -1.07027758856918     
   3.87500000000000       -1.07035743906559     
   3.90000000000000       -1.07043601356546     
   3.92500000000000       -1.07051329355677     
   3.95000000000000       -1.07058929876643     
   3.97500000000000       -1.07066406481898     
   4.00000000000000       -1.07073759317574     
   4.02500000000000       -1.07080991006864     
   4.05000000000000       -1.07088104898811     
   4.07500000000000       -1.07095100687649     
   4.10000000000000       -1.07101982283898     
   4.12500000000000       -1.07108608118692     
   4.15000000000000       -1.07115465167996     
   4.17500000000000       -1.07121940419059     
   4.20000000000000       -1.07128401373540     
   4.22500000000000       -1.07134726427393     
   4.25000000000000       -1.07140955715812     
   4.27500000000000       -1.07147081812275     
   4.30000000000000       -1.07153107270069     
   4.32500000000000       -1.07159033241958     
   4.35000000000000       -1.07164861029774     
   4.37500000000000       -1.07170592575640     
   4.40000000000000       -1.07176230822310     
   4.42500000000000       -1.07181775040677     
   4.45000000000000       -1.07187228397664     
   4.47500000000000       -1.07192592351802     
   4.50000000000000       -1.07197866545501     
   4.52500000000000       -1.07203054606273     
   4.55000000000000       -1.07208156922889     
   4.57500000000000       -1.07213174597714     
   4.60000000000000       -1.07218110093556     
   4.62500000000000       -1.07222963181124     
   4.65000000000000       -1.07227737485507     
   4.67500000000000       -1.07232625452283     
   4.70000000000000       -1.07236982638081     
   4.72500000000000       -1.07241610392556     
   4.75000000000000       -1.07246047665414     
   4.77500000000000       -1.07250449252006     
   4.80000000000000       -1.07254960415487     
   4.82500000000000       -1.07258948685275     
   4.85000000000000       -1.07263213850643     
   4.87500000000000       -1.07267294255783     
   4.90000000000000       -1.07271538804149     
   4.92500000000000       -1.07275249196263     
   4.95000000000000       -1.07279246165372     
   4.97500000000000       -1.07283060947166     
   5.00000000000000       -1.07286850215400     
   5.02500000000000       -1.07290565577333     
   5.05000000000000       -1.07294416739978     
   5.07500000000000       -1.07297945683522     
   5.10000000000000       -1.07301308222755     
   5.12500000000000       -1.07304844852940     
   5.15000000000000       -1.07308246280234     
   5.17500000000000       -1.07311615785855     
   5.20000000000000       -1.07314922234231     
   5.22500000000000       -1.07318175056012     
   5.25000000000000       -1.07321374510707     
   5.27500000000000       -1.07324520644839     
   5.30000000000000       -1.07327614655926     
   5.32500000000000       -1.07330657418029     
   5.35000000000000       -1.07333649662716     
   5.37500000000000       -1.07336592218143     
   5.40000000000000       -1.07339486191475     
   5.42500000000000       -1.07342332942434     
   5.45000000000000       -1.07345131437947     
   5.47500000000000       -1.07347883712152     
   5.50000000000000       -1.07350591104655     
   5.52500000000000       -1.07353252635118     
   5.55000000000000       -1.07356064971845     
   5.57500000000000       -1.07358378944482     
   5.60000000000000       -1.07360997952882     
   5.62500000000000       -1.07363459016267     
   5.65000000000000       -1.07365916755695     
   5.67500000000000       -1.07368322443981     
   5.70000000000000       -1.07370690889290     
   5.72500000000000       -1.07373019214620     
   5.75000000000000       -1.07375309912035     
   5.77500000000000       -1.07377755606745     
   5.80000000000000       -1.07379709893636     
   5.82500000000000       -1.07381975345576     
   5.85000000000000       -1.07384087366315     
   5.87500000000000       -1.07386204429111     
   5.90000000000000       -1.07388272198219     
   5.92500000000000       -1.07390310397808     
   5.95000000000000       -1.07392507531566     
   5.97500000000000       -1.07394216381319     
   6.00000000000000       -1.07396240721284     
   6.02500000000000       -1.07398116596546     
   6.05000000000000       -1.07399999958678     
   6.07500000000000       -1.07401838715260     
   6.10000000000000       -1.07403651592778     
   6.12500000000000       -1.07405290641798     
   6.15000000000000       -1.07407243237714     
   6.17500000000000       -1.07408893905391     
   6.20000000000000       -1.07410609691821     
   6.22500000000000       -1.07412266756100     
   6.25000000000000       -1.07413906773214     
   6.27500000000000       -1.07415517069836     
   6.30000000000000       -1.07417100486704     
   6.32500000000000       -1.07418658430937     
   6.35000000000000       -1.07420190013215     
   6.37500000000000       -1.07421696292759     
   6.40000000000000       -1.07423178002055     
   6.42500000000000       -1.07424633690565     
   6.45000000000000       -1.07426066413551     
   6.47500000000000       -1.07427475087384     
   6.50000000000000       -1.07428860064647     
   6.52500000000000       -1.07430221651313     
   6.55000000000000       -1.07431561393564     
   6.57500000000000       -1.07432878286569     
   6.60000000000000       -1.07434367404580     
   6.62500000000000       -1.07435380081703     
   6.65000000000000       -1.07436720077209     
   6.67500000000000       -1.07437923259164     
   6.70000000000000       -1.07439143358232     
   6.72500000000000       -1.07440330888916     
   6.75000000000000       -1.07441502845066     
   6.77500000000000       -1.07442654381327     
   6.80000000000000       -1.07443786383011     
   6.82500000000000       -1.07444758137768     
   6.85000000000000       -1.07446052514858     
   6.87500000000000       -1.07447057968779     
   6.90000000000000       -1.07448137754640     
   6.92500000000000       -1.07449169735923     
   6.95000000000000       -1.07450195321676     
   6.97500000000000       -1.07451200230935     
   7.00000000000000       -1.07452189978385     
   7.02500000000000       -1.07453162039335     
   7.05000000000000       -1.07454118587575     
   7.07500000000000       -1.07455059900198     
   7.10000000000000       -1.07455984531743     
   7.12500000000000       -1.07456894118549     
   7.15000000000000       -1.07457982513511     
   7.17500000000000       -1.07458601941810     
   7.20000000000000       -1.07459553665118     
   7.22500000000000       -1.07460375051080     
   7.25000000000000       -1.07461220953385     
   7.27500000000000       -1.07462039813563     
   7.30000000000000       -1.07462848556689     
   7.32500000000000       -1.07463643836896     
   7.35000000000000       -1.07464424986000     
   7.37500000000000       -1.07465193360455     
   7.40000000000000       -1.07465948634251     
   7.42500000000000       -1.07466691419068     
   7.45000000000000       -1.07467422233448     
   7.47500000000000       -1.07468139740807     
   7.50000000000000       -1.07468846247384     
   7.52500000000000       -1.07469540221117     
   7.55000000000000       -1.07470222378493     
   7.57500000000000       -1.07470894186582     
   7.60000000000000       -1.07471553615214     
   7.62500000000000       -1.07472202742647     
   7.65000000000000       -1.07473034522111     
   7.67500000000000       -1.07473401125050     
   7.70000000000000       -1.07474299751240     
   7.72500000000000       -1.07474616893992     
   7.75000000000000       -1.07475309636362     
   7.77500000000000       -1.07475863383101     
   7.80000000000000       -1.07476451200120     
   7.82500000000000       -1.07477014307794     
   7.85000000000000       -1.07477572022242     
   7.87500000000000       -1.07478119704137     
   7.90000000000000       -1.07478657978408     
   7.92500000000000       -1.07479187424637     
   7.95000000000000       -1.07479707896772     
   7.97500000000000       -1.07480078147147     
   8.00000000000000       -1.07480780924542     
   8.02500000000000       -1.07481203663862     
   8.05000000000000       -1.07481711809034     
   8.07500000000000       -1.07482181137937     
   8.10000000000000       -1.07482847557103     
   8.12500000000000       -1.07483047474321     
   8.15000000000000       -1.07483588954192     
   8.17500000000000       -1.07484006765079     
   8.20000000000000       -1.07484455349076     
   8.22500000000000       -1.07484883297695     
   8.25000000000000       -1.07485308635398     
   8.27500000000000       -1.07485725079209     
   8.30000000000000       -1.07486135092290     
   8.32500000000000       -1.07487293101176     
   8.35000000000000       -1.07486767262384     
   8.37500000000000       -1.07487429373236     
   8.40000000000000       -1.07487703772150     
   8.42500000000000       -1.07488105831245     
   8.45000000000000       -1.07488460471623     
   8.47500000000000       -1.07488825166298     
   8.50000000000000       -1.07489179663671     
   8.52500000000000       -1.07489530324254     
   8.55000000000000       -1.07489874681537     
   8.57500000000000       -1.07490214072544     
   8.60000000000000       -1.07490741071657     
   8.62500000000000       -1.07490808646572     
   8.65000000000000       -1.07491218420028     
   8.67500000000000       -1.07491506569853     
   8.70000000000000       -1.07491827896166     
   8.72500000000000       -1.07492130760175     
   8.75000000000000       -1.07492432989909     
   8.77500000000000       -1.07492728236150     
   8.80000000000000       -1.07493019446853     
   8.82500000000000       -1.07493163618011     
   8.85000000000000       -1.07493644961723     
   8.87500000000000       -1.07493849508756     
   8.90000000000000       -1.07494142581608     
   8.92500000000000       -1.07494400649914     
   8.95000000000000       -1.07494859213362     
   8.97500000000000       -1.07494854937435     
   9.00000000000000       -1.07495195836948     
   9.02500000000000       -1.07495415887684     
   9.05000000000000       -1.07495669759861     
   9.07500000000000       -1.07495907536613     
   9.10000000000000       -1.07496144466102     
   9.12500000000000       -1.07496376593538     
   9.15000000000000       -1.07496604828229     
   9.17500000000000       -1.07496829254594     
   9.20000000000000       -1.07497049711532     
   9.22500000000000       -1.07497460195942     
   9.25000000000000       -1.07497412633382     
   9.27500000000000       -1.07497709138502     
   9.30000000000000       -1.07497886208619     
   9.32500000000000       -1.07498098157949     
   9.35000000000000       -1.07498293146795     
   9.37500000000000       -1.07498683750011     
   9.40000000000000       -1.07498614233296     
   9.42500000000000       -1.07498890303644     
   9.45000000000000       -1.07499046523651     
   9.47500000000000       -1.07499238715253     
   9.50000000000000       -1.07499413210959     
   9.52500000000000       -1.07499591015683     
   9.55000000000000       -1.07499762485461     
   9.57500000000000       -1.07499932014792     
   9.60000000000000       -1.07500098951321     
   9.62500000000000       -1.07500262491910     
   9.65000000000000       -1.07500423364636     
   9.67500000000000       -1.07500439549665     
   9.70000000000000       -1.07500795116234     
   9.72500000000000       -1.07500875895895     
   9.75000000000000       -1.07501046631937     
   9.77500000000000       -1.07501380089170     
   9.80000000000000       -1.07501265355944     
   9.82500000000000       -1.07501688131046     
   9.85000000000000       -1.07501538315774     
   9.87500000000000       -1.07501772062780     
   9.90000000000000       -1.07501874334548     
   9.92500000000000       -1.07501875992037     
   9.95000000000000       -1.07502202704047     
   9.97500000000000       -1.07502259801162     
   10.0000000000000       -1.07502264312067     
   10.0250000000000       -1.07502579938359     
   10.0500000000000       -1.07502630220621     
   10.0750000000000       -1.07502769417430     
   10.1000000000000       -1.07502877403767     
   10.1250000000000       -1.07502993917502     
   10.1500000000000       -1.07503104525177     
   10.1750000000000       -1.07503214763552     
   10.2000000000000       -1.07503322338848     
   10.2250000000000       -1.07503429234036     
   10.2500000000000       -1.07503533147961     
   10.2750000000000       -1.07503635712302     
   10.3000000000000       -1.07503736332169     
   10.3250000000000       -1.07503835025133     
   10.3500000000000       -1.07503932483396     
   10.3750000000000       -1.07504027853509     
   10.4000000000000       -1.07504121300103     
   10.4250000000000       -1.07504213308341     
   10.4500000000000       -1.07504303168115     
   10.4750000000000       -1.07504391536094     
   10.5000000000000       -1.07504337234443     
   10.5250000000000       -1.07504622569194     
   10.5500000000000       -1.07504493506573     
   10.5750000000000       -1.07504797529018     
   10.6000000000000       -1.07504798110131     
   10.6250000000000       -1.07504900696865     
   10.6500000000000       -1.07504968757127     
   10.6750000000000       -1.07505046008606     
   10.7000000000000       -1.07505314885674     
   10.7250000000000       -1.07505882468859     
   10.7500000000000       -1.07505118503806     
   10.7750000000000       -1.07505433919264     
   10.8000000000000       -1.07505403825816     
   10.8250000000000       -1.07505494583223     
   10.8500000000000       -1.07505548083423     
   10.8750000000000       -1.07505471743493     
   10.9000000000000       -1.07505927930679     
   10.9250000000000       -1.07505657712583     
   10.9500000000000       -1.07505827690125     
   10.9750000000000       -1.07505849941876     
   11.0000000000000       -1.07505779680990     
   11.0250000000000       -1.07506033729417     
   11.0500000000000       -1.07506019876923     
   11.0750000000000       -1.07506096666391     
   11.1000000000000       -1.07506143397504     
   11.1250000000000       -1.07506198951979     
   11.1500000000000       -1.07506250228616     
   11.1750000000000       -1.07506302146853     
   11.2000000000000       -1.07506352723188     
   11.2250000000000       -1.07506402234438     
   11.2500000000000       -1.07506451514737     
   11.2750000000000       -1.07506498633865     
   11.3000000000000       -1.07506545511034     
   11.3250000000000       -1.07506591666832     
   11.3500000000000       -1.07506636981604     
   11.3750000000000       -1.07506680599038     
   11.4000000000000       -1.07506582342206     
   11.4250000000000       -1.07506825199700     
   11.4500000000000       -1.07506795231611     
   11.4750000000000       -1.07506857248783     
   11.5000000000000       -1.07506888524587     
   11.5250000000000       -1.07506929139456     
   11.5500000000000       -1.07507160996693     
   11.5750000000000       -1.07506937488424     
   11.6000000000000       -1.07507061145619     
   11.6250000000000       -1.07507068562232     
   11.6500000000000       -1.07507112898835     
   11.6750000000000       -1.07507144542825     
   11.7000000000000       -1.07507179029933     
   11.7250000000000       -1.07507211463805     
   11.7500000000000       -1.07507244411113     
   11.7750000000000       -1.07507275185279     
   11.8000000000000       -1.07507306549295     
   11.8250000000000       -1.07507336235307     
   11.8500000000000       -1.07507366230151     
   11.8750000000000       -1.07507589348217     
   11.9000000000000       -1.07507551174787     
   11.9250000000000       -1.07507405448626     
   11.9500000000000       -1.07507491374874     
   11.9750000000000       -1.07507498503236     
   12.0000000000000       -1.07507389531791     
   12.0250000000000       -1.07507612878500     
   12.0500000000000       -1.07507566625371     
   12.0750000000000       -1.07507612552496     
   12.1000000000000       -1.07507627021258     
   12.1250000000000       -1.07507652207785     
   12.1500000000000       -1.07507673453765     
   12.1750000000000       -1.07507695402007     
   12.2000000000000       -1.07507716182352     
   12.2250000000000       -1.07507736784481     
   12.2500000000000       -1.07507757458503     
   12.2750000000000       -1.07507776732099     
   12.3000000000000       -1.07507796580324     
   12.3250000000000       -1.07507815133749     
   12.3500000000000       -1.07507833714655     
   12.3750000000000       -1.07507851545569     
   12.4000000000000       -1.07507869222530     
   12.4250000000000       -1.07507886054952     
   12.4500000000000       -1.07507902383884     
   12.4750000000000       -1.07507918736090     
   12.5000000000000       -1.07507934265553     
