  5.000000000000000E-003 -6.157851170985252E-002 -7.375979042728380E-002
  1.218127871743127E-002
  1.000000000000000E-002 -6.291681349226909E-002 -9.768732520825130E-002
  3.477051171598225E-002
  1.500000000000000E-002 -6.008821637616606E-002 -0.113044522093416     
  5.295630571725023E-002
  2.000000000000000E-002 -5.566457446971205E-002 -0.123203754414333     
  6.753917994462090E-002
  2.500000000000000E-002 -5.079412406869854E-002 -0.130067779188954     
  7.927365512025583E-002
  3.000000000000000E-002 -4.599602568278009E-002 -0.134785732054633     
  8.878970637185252E-002
  3.500000000000000E-002 -4.149693086872671E-002 -0.138081749183606     
  9.658481831487922E-002
  4.000000000000000E-002 -3.738293334474443E-002 -0.140424780295984     
  0.103041846951240     
  4.500000000000000E-002 -3.367195637882707E-002 -0.142124142341040     
  0.108452185962213     
  5.000000000000000E-002 -3.034949674300658E-002 -0.143386489003778     
  0.113036992260772     
  5.500000000000000E-002 -2.738669965732138E-002 -0.144351144674633     
  0.116964445017312     
  6.000000000000000E-002 -2.474956410706538E-002 -0.145112639194212     
  0.120363075087146     
  6.500000000000000E-002 -2.240358429153359E-002 -0.145735374038305     
  0.123331789746772     
  7.000000000000001E-002 -2.031499274212059E-002 -0.146263301045592     
  0.125948308303471     
  7.500000000000000E-002 -1.845606676187754E-002 -0.146726493619803     
  0.128270426857925     
  8.000000000000000E-002 -1.679935872829452E-002 -0.147145368725582     
  0.130346009997288     
  8.500000000000001E-002 -1.531879731959844E-002 -0.147533817960362     
  0.132215020640763     
  9.000000000000000E-002 -1.399512858930651E-002 -0.147901203284211     
  0.133906074694905     
  9.500000000000000E-002 -1.280924812291811E-002 -0.148253758110252     
  0.135444509987334     
  0.100000000000000      -1.174518009793925E-002 -0.148595574663337     
  0.136850394565398     
  0.105000000000000      -1.078769870363722E-002 -0.148929260082023     
  0.138141561378385     
  0.110000000000000      -9.926712899833294E-003 -0.149256491252520     
  0.139329778352686     
  0.115000000000000      -9.150885109080052E-003 -0.149578181721296     
  0.140427296612217     
  0.120000000000000      -8.448664799410305E-003 -0.149894852756237     
  0.141446187956827     
  0.125000000000000      -7.812528309870597E-003 -0.150206722098307     
  0.142394193788436     
  0.130000000000000      -7.236859294087098E-003 -0.150513885671701     
  0.143277026377614     
  0.135000000000000      -6.714932796381496E-003 -0.150816245762726     
  0.144101312966344     
  0.140000000000000      -6.238999724344708E-003 -0.151113699098179     
  0.144874699373834     
  0.145000000000000      -5.806757542048040E-003 -0.151406170005068     
  0.145599412463020     
  0.150000000000000      -5.412031309933945E-003 -0.151693413197585     
  0.146281381887651     
  0.155000000000000      -5.049822798238924E-003 -0.151975328716221     
  0.146925505917982     
  0.160000000000000      -4.718856024037606E-003 -0.152251920016443     
  0.147533063992406     
  0.165000000000000      -4.417086292100236E-003 -0.152523092643459     
  0.148106006351358     
  0.170000000000000      -4.138821831389437E-003 -0.152788642295743     
  0.148649820464354     
  0.175000000000000      -3.882709989975185E-003 -0.153048719983451     
  0.149166009993476     
  0.180000000000000      -3.647973390485824E-003 -0.153303250017232     
  0.149655276626746     
  0.185000000000000      -3.431365006467496E-003 -0.153552257765751     
  0.150120892759283     
  0.190000000000000      -3.231620103041557E-003 -0.153795780572018     
  0.150564160468976     
  0.195000000000000      -3.047051292308959E-003 -0.154033874674387     
  0.150986823382078     
  0.200000000000000      -2.876342309369782E-003 -0.154266609776283     
  0.151390267466913     
  0.205000000000000      -2.718241285731214E-003 -0.154494068284462     
  0.151775826998730     
  0.210000000000000      -2.572516987166810E-003 -0.154716391850552     
  0.152143874863385     
  0.215000000000000      -2.436105007414007E-003 -0.154933523889971     
  0.152497418882557     
  0.220000000000000      -2.308851864614240E-003 -0.155145748350320     
  0.152836896485706     
  0.225000000000000      -2.191407345513375E-003 -0.155353105218830     
  0.153161697873316     
  0.230000000000000      -2.081677629883408E-003 -0.155555717594659     
  0.153474039964776     
  0.235000000000000      -1.979454305356251E-003 -0.155753704299532     
  0.153774249994176     
  0.240000000000000      -1.883980848394472E-003 -0.155947187453796     
  0.154063206605401     
  0.245000000000000      -1.794764037890097E-003 -0.156136289033458     
  0.154341524995567     
  0.250000000000000      -1.711291739739720E-003 -0.156321131339215     
  0.154609839599475     
  0.255000000000000      -1.633119930357306E-003 -0.156501835988870     
  0.154868716058513     
  0.260000000000000      -1.559833697732629E-003 -0.156678523532869     
  0.155118689835136     
  0.265000000000000      -1.490077761325861E-003 -0.156851296940042     
  0.155361219178716     
  0.270000000000000      -1.425737719648955E-003 -0.157020320035254     
  0.155594582315605     
  0.275000000000000      -1.365962330495376E-003 -0.157185665439618     
  0.155819703109123     
  0.280000000000000      -1.307496079936116E-003 -0.157347436129823     
  0.156039940049886     
  0.285000000000000      -1.254018194915552E-003 -0.157505795212896     
  0.156251777017980     
  0.290000000000000      -1.204177998914935E-003 -0.157660805486694     
  0.156456627487779     
  0.295000000000000      -1.155960343061625E-003 -0.157812578274110     
  0.156656617931048     
  0.300000000000000      -1.110811415250814E-003 -0.157961220624815     
  0.156850409209564     
  0.305000000000000      -1.068000158650447E-003 -0.158106828830346     
  0.157038828671696     
  0.310000000000000      -1.027544317799152E-003 -0.158249498845964     
  0.157221954528165     
  0.315000000000000      -9.892178789050981E-004 -0.158389322336158     
  0.157400104457253     
  0.320000000000000      -9.529034274304894E-004 -0.158526388894560     
  0.157573485467129     
  0.325000000000000      -9.184610126851253E-004 -0.158660784463527     
  0.157742323450843     
  0.330000000000000      -8.857706051568862E-004 -0.158792592498229     
  0.157906821893072     
  0.335000000000000      -8.547196622630293E-004 -0.158921893643387     
  0.158067173981124     
  0.340000000000000      -8.252015418734560E-004 -0.159048765286814     
  0.158223563744941     
  0.345000000000000      -7.971221545705526E-004 -0.159173282882772     
  0.158376160728201     
  0.350000000000000      -7.679117613538151E-004 -0.159295824119081     
  0.158527912357727     
  0.355000000000000      -7.423722712753426E-004 -0.159415460241663     
  0.158673087970387     
  0.360000000000000      -7.213873770005219E-004 -0.159533383072655     
  0.158811995695654     
  0.365000000000000      -6.971698535003112E-004 -0.159649193179671     
  0.158952023326170     
  0.370000000000000      -6.754318365690356E-004 -0.159762981913240     
  0.159087550076671     
  0.375000000000000      -6.542010129983323E-004 -0.159874809430243     
  0.159220608417244     
  0.380000000000000      -6.340581490046342E-004 -0.159984736669053     
  0.159350678520048     
  0.385000000000000      -6.147414970325920E-004 -0.160092819870010     
  0.159478078372977     
  0.390000000000000      -5.962706642531746E-004 -0.160199113228661     
  0.159602842564408     
  0.395000000000000      -5.785760296639711E-004 -0.160303668726689     
  0.159725092697025     
  0.400000000000000      -5.616242016763407E-004 -0.160406536588692     
  0.159844912387016     
  0.405000000000000      -5.453689650871502E-004 -0.160507765129838     
  0.159962396164751     
  0.410000000000000      -5.297756953065912E-004 -0.160607400969474     
  0.160077625274168     
  0.415000000000000      -5.148103592439691E-004 -0.160705488697354     
  0.160190678338109     
  0.420000000000000      -5.004398196016079E-004 -0.160802071814367     
  0.160301631994765     
  0.425000000000000      -4.866308958632425E-004 -0.160897191826915     
  0.160410560931052     
  0.430000000000000      -4.733597832171236E-004 -0.160990888676249     
  0.160517528893032     
  0.435000000000000      -4.605939897540448E-004 -0.161083201109191     
  0.160622607119437     
  0.440000000000000      -4.483092750133495E-004 -0.161174166612065     
  0.160725857337052     
  0.445000000000000      -4.364813157439421E-004 -0.161263821058113     
  0.160827339742369     
  0.450000000000000      -4.250870058508040E-004 -0.161352199082845     
  0.160927112076995     
  0.455000000000000      -4.141090006466914E-004 -0.161439334428299     
  0.161025225427652     
  0.460000000000000      -4.035248674949279E-004 -0.161525259369273     
  0.161121734501778     
  0.465000000000000      -3.933188311839853E-004 -0.161610004881063     
  0.161216686049879     
  0.470000000000000      -3.834681750468685E-004 -0.161693601124442     
  0.161310132949395     
  0.475000000000000      -3.739609155551653E-004 -0.161776077462245     
  0.161402116546690     
  0.480000000000000      -3.647805412954635E-004 -0.161857461863198     
  0.161492681321903     
  0.485000000000000      -3.559087692232982E-004 -0.161937781370416     
  0.161581872601193     
  0.490000000000000      -3.473374351489496E-004 -0.162017062138249     
  0.161669724703100     
  0.495000000000000      -3.390496281561958E-004 -0.162095329627377     
  0.161756279999221     
  0.500000000000000      -3.310287588324468E-004 -0.162172608359675     
  0.161841579600842     
  0.505000000000000      -3.232694691068927E-004 -0.162248921686649     
  0.161925652217542     
  0.510000000000000      -3.157606456237124E-004 -0.162324292830827     
  0.162008532185203     
  0.515000000000000      -3.084898991027389E-004 -0.162398743965795     
  0.162090254066693     
  0.520000000000000      -3.014451059004536E-004 -0.162472296248013     
  0.162170851142113     
  0.525000000000000      -2.936435504817771E-004 -0.162544954617684     
  0.162251311067202     
  0.530000000000000      -2.872925858160724E-004 -0.162616785483657     
  0.162329492897841     
  0.535000000000000      -2.818380508060788E-004 -0.162687766492133     
  0.162405928441326     
  0.540000000000000      -2.752970064051513E-004 -0.162757923413005     
  0.162482626406599     
  0.545000000000000      -2.693696590822691E-004 -0.162827280456297     
  0.162557910797215     
  0.550000000000000      -2.634797070081860E-004 -0.162895853207783     
  0.162632373500775     
  0.555000000000000      -2.568326617654366E-004 -0.162963643463410     
  0.162706810801644     
  0.560000000000000      -2.515683768808792E-004 -0.163030714052934     
  0.162779145676053     
  0.565000000000000      -2.471685416125896E-004 -0.163097039132429     
  0.162849870590816     
  0.570000000000000      -2.416376509971384E-004 -0.163162641133041     
  0.162921003482044     
  0.575000000000000      -2.366846285072278E-004 -0.163227541609840     
  0.162990856981333     
  0.580000000000000      -2.317292657568137E-004 -0.163291752837109     
  0.163060023571352     
  0.585000000000000      -2.269588548468737E-004 -0.163355289662523     
  0.163128330807676     
  0.590000000000000      -2.213253833030758E-004 -0.163418149734025     
  0.163196824350722     
  0.595000000000000      -2.170582712103661E-004 -0.163480393068118     
  0.163263334796908     
  0.600000000000000      -2.136193131050858E-004 -0.163541990889044     
  0.163328371575939     
  0.605000000000000      -2.090125509841519E-004 -0.163602962401608     
  0.163393949850624     
  0.610000000000000      -2.049458447182952E-004 -0.163663326086815     
  0.163458380242097     
  0.615000000000000      -2.008493988037549E-004 -0.163723091990413     
  0.163522242591610     
  0.620000000000000      -1.969061330064652E-004 -0.163782272439347     
  0.163585366306340     
  0.625000000000000      -1.920716681969144E-004 -0.163840862106134     
  0.163648790437937     
  0.630000000000000      -1.885785777483580E-004 -0.163898918279148     
  0.163710339701400     
  0.635000000000000      -1.858846145798368E-004 -0.163956410435377     
  0.163770525820797     
  0.640000000000000      -1.819958050629654E-004 -0.164013355383441     
  0.163831359578378     
  0.645000000000000      -1.786256644640219E-004 -0.164069769428171     
  0.163891143763708     
  0.650000000000000      -1.752014747052195E-004 -0.164125660331584     
  0.163950458856879     
  0.655000000000000      -1.727721485744992E-004 -0.164181086495943     
  0.164008314347369     
  0.660000000000000      -1.692345472673904E-004 -0.164235900680165     
  0.164066666132898     
  0.665000000000000      -1.653398749514918E-004 -0.164290286673363     
  0.164124946798411     
  0.670000000000000      -1.625273681657752E-004 -0.164344180460411     
  0.164181653092245     
  0.675000000000000      -1.594528453877925E-004 -0.164397597098678     
  0.164238144253290     
  0.680000000000000      -1.565583111464805E-004 -0.164450543871825     
  0.164293985560678     
  0.685000000000000      -1.536959073186617E-004 -0.164503029629522     
  0.164349333722203     
  0.690000000000000      -1.499366670894899E-004 -0.164555046157393     
  0.164405109490303     
  0.695000000000000      -1.474721867906523E-004 -0.164606647775126     
  0.164459175588336     
  0.700000000000000      -1.457785021067889E-004 -0.164657800232215     
  0.164512021730109     
  0.705000000000000      -1.428622579853902E-004 -0.164708517714739     
  0.164565655456753     
  0.710000000000000      -1.404337753317280E-004 -0.164758813606972     
  0.164618379831640     
  0.715000000000000      -1.379211569836912E-004 -0.164808692684209     
  0.164670771527225     
  0.720000000000000      -1.355081319775068E-004 -0.164858162546473     
  0.164722654414496     
  0.725000000000000      -1.331383369924410E-004 -0.164907229611256     
  0.164774091274263     
  0.730000000000000      -1.308265446132876E-004 -0.164955900355936     
  0.164825073811323     
  0.735000000000000      -1.275853115985831E-004 -0.165004164883869     
  0.164876579572271     
  0.740000000000000      -1.256314984868506E-004 -0.165052076501149     
  0.164926445002662     
  0.745000000000000      -1.244313722779344E-004 -0.165099599156321     
  0.164975167784043     
  0.750000000000000      -1.219919706788949E-004 -0.165146745294815     
  0.165024753324135     
  0.755000000000000      -1.200287467180573E-004 -0.165193526949016     
  0.165073498202297     
  0.760000000000000      -1.179725423124413E-004 -0.165239947995351     
  0.165121975453038     
  0.765000000000000      -1.160032291151097E-004 -0.165286014236948     
  0.165170011007833     
  0.770000000000000      -1.140599906500214E-004 -0.165331730944509     
  0.165217670953859     
  0.775000000000000      -1.121646028105968E-004 -0.165377103407846     
  0.165264938805035     
  0.780000000000000      -1.103080184133301E-004 -0.165422136702099     
  0.165311828683686     
  0.785000000000000      -1.084927018094567E-004 -0.165466835937500     
  0.165358343235690     
  0.790000000000000      -1.067113140912372E-004 -0.165511206022470     
  0.165404494708379     
  0.795000000000000      -1.058342862910672E-004 -0.165555300254686     
  0.165449465968395     
  0.800000000000000      -1.038193676864116E-004 -0.165598966421076     
  0.165495147053389     
  0.805000000000000      -1.013998984766248E-004 -0.165642384347975     
  0.165540984449498     
  0.810000000000000      -1.000180043982603E-004 -0.165685485801660     
  0.165585467797262     
  0.815000000000000      -9.833252190561135E-005 -0.165728281210916     
  0.165629948689010     
  0.820000000000000      -9.679548502422055E-005 -0.165770774116739     
  0.165673978631714     
  0.825000000000000      -9.611466893286529E-005 -0.165813017738360     
  0.165716903069427     
  0.830000000000000      -9.429994208648907E-005 -0.165854859070751     
  0.165760559128664     
  0.835000000000000      -9.207123961915857E-005 -0.165896478005426     
  0.165804406765807     
  0.840000000000000      -8.990591967996905E-005 -0.165937789219016     
  0.165847883299336     
  0.845000000000000      -8.866006323415176E-005 -0.165978849474438     
  0.165890189411204     
  0.850000000000000      -8.826495388022361E-005 -0.166019619988564     
  0.165931355034683     
  0.855000000000000      -8.657623345711125E-005 -0.166060111695754     
  0.165973535462297     
  0.860000000000000      -8.535161262787766E-005 -0.166100334370436     
  0.166014982757808     
  0.865000000000000      -8.400837453085250E-005 -0.166140289616180     
  0.166056281241649     
  0.870000000000000      -8.273481123300918E-005 -0.166179981376506     
  0.166097246565273     
  0.875000000000000      -8.049480128668135E-005 -0.166219396737130     
  0.166138901935844     
  0.880000000000000      -7.951989192027148E-005 -0.166258586532401     
  0.166179066640481     
  0.885000000000000      -7.927194899928701E-005 -0.166297511635413     
  0.166218239686413     
  0.890000000000000      -7.776583449439835E-005 -0.166336181925116     
  0.166258416090621     
  0.895000000000000      -7.670771403479893E-005 -0.166374606769186     
  0.166297899055151     
  0.900000000000000      -7.553210520229251E-005 -0.166412787287025     
  0.166337255181823     
  0.905000000000000      -7.442523027912084E-005 -0.166450727321018     
  0.166376302090738     
  0.910000000000000      -7.332262837533713E-005 -0.166488429442252     
  0.166415106813877     
  0.915000000000000      -7.224382595134645E-005 -0.166525896558286     
  0.166453652732334     
  0.920000000000000      -7.020740796825874E-005 -0.166563115564576     
  0.166492908156608     
  0.925000000000000      -6.942600772921916E-005 -0.166600135809891     
  0.166530709802161     
  0.930000000000000      -6.937214166439095E-005 -0.166636918564567     
  0.166567546422903     
  0.935000000000000      -6.805050883265995E-005 -0.166673472754626     
  0.166605422245793     
  0.940000000000000      -6.717574969148898E-005 -0.166709807556526     
  0.166642631806834     
  0.945000000000000      -6.617694746694684E-005 -0.166745923476555     
  0.166679746529088     
  0.950000000000000      -6.524353967395338E-005 -0.166781823651630     
  0.166716580111956     
  0.955000000000000      -6.430987288043843E-005 -0.166817510418173     
  0.166753200545292     
  0.960000000000000      -6.339914195840012E-005 -0.166852986243833     
  0.166789587101874     
  0.965000000000000      -6.152589673576020E-005 -0.166888237469475     
  0.166826711572739     
  0.970000000000000      -6.089990457732871E-005 -0.166923313136390     
  0.166862413231813     
  0.975000000000000      -6.100372893303420E-005 -0.166958173750620     
  0.166897170021687     
  0.980000000000000      -5.983550529945663E-005 -0.166992828417620     
  0.166932992912321     
  0.985000000000000      -5.910811292440781E-005 -0.167027285495065     
  0.166968177382141     
  0.990000000000000      -5.825567141721902E-005 -0.167061544936024     
  0.167003289264607     
  0.995000000000000      -5.746252585956670E-005 -0.167095609811733     
  0.167038147285873     
   1.00000000000000      -5.666980697925792E-005 -0.167129482049463     
  0.167072812242484     
   1.00500000000000      -5.589756551376492E-005 -0.167163163683332     
  0.167107266117818     
   1.01000000000000      -5.513221543083757E-005 -0.167196656713731     
  0.167141524498300     
   1.01500000000000      -5.340728956934090E-005 -0.167229946930490     
  0.167176539640920     
   1.02000000000000      -5.292968366578279E-005 -0.167263083957450     
  0.167210154273784     
   1.02500000000000      -5.219211458468394E-005 -0.167296010538370     
  0.167243818423785     
   1.03000000000000      -5.141445922123911E-005 -0.167328782783869     
  0.167277368324649     
   1.03500000000000      -5.178942680053766E-005 -0.167361366470287     
  0.167309577043487     
   1.04000000000000      -5.074581585768741E-005 -0.167393768332140     
  0.167343022516282     
   1.04500000000000      -5.018965420853631E-005 -0.167425997166367     
  0.167375807512158     
   1.05000000000000      -4.948646556198072E-005 -0.167458052068377     
  0.167408565602815     
   1.05500000000000      -4.787073504565196E-005 -0.167489919566963     
  0.167442048831917     
   1.06000000000000      -4.748022068277763E-005 -0.167521648375907     
  0.167474168155224     
   1.06500000000000      -4.781626771619386E-005 -0.167553197632060     
  0.167505381364343     
   1.07000000000000      -4.687497836423517E-005 -0.167584575994609     
  0.167537701016245     
   1.07500000000000      -4.637346799676529E-005 -0.167615791462229     
  0.167569417994232     
   1.08000000000000      -4.660648985602326E-005 -0.167646892288530     
  0.167600285798674     
   1.08500000000000      -4.571555941359520E-005 -0.167677722733857     
  0.167632007174443     
   1.09000000000000      -4.437937927207741E-005 -0.167708460766278     
  0.167664081387006     
   1.09500000000000      -4.406964047298696E-005 -0.167739034363663     
  0.167694964723190     
   1.10000000000000      -4.342219196376423E-005 -0.167769451535545     
  0.167726029343581     
   1.10500000000000      -4.290021737020495E-005 -0.167799712735258     
  0.167756812517888     
   1.11000000000000      -4.234822273606377E-005 -0.167829820072469     
  0.167787471849733     
   1.11500000000000      -4.084044645777908E-005 -0.167859758773522     
  0.167818918327064     
   1.12000000000000      -4.056959423191479E-005 -0.167889577488399     
  0.167849007894167     
   1.12500000000000      -4.102101760381585E-005 -0.167919235242072     
  0.167878214224469     
   1.13000000000000      -4.019154191187981E-005 -0.167948740364067     
  0.167908548822156     
   1.13500000000000      -3.979700970847167E-005 -0.167978100443107     
  0.167938303433398     
   1.14000000000000      -3.926944072395884E-005 -0.168007314665514     
  0.167968045224790     
   1.14500000000000      -3.879719004630172E-005 -0.168036385018733     
  0.167997587828687     
   1.15000000000000      -3.831603899103492E-005 -0.168065312663333     
  0.168026996624342     
   1.15500000000000      -3.784695797289806E-005 -0.168094098974763     
  0.168056252016791     
   1.16000000000000      -3.738302209676438E-005 -0.168122745049068     
  0.168085362026971     
   1.16500000000000      -3.693122324263144E-005 -0.168151252285684     
  0.168114321062441     
   1.17000000000000      -3.648207973065153E-005 -0.168179621819639     
  0.168143139739908     
   1.17500000000000      -3.603955715934427E-005 -0.168207854850377     
  0.168171815293217     
   1.18000000000000      -3.560593131960175E-005 -0.168235952767444     
  0.168200346836125     
   1.18500000000000      -3.517885199293889E-005 -0.168263916529839     
  0.168228737677846     
   1.19000000000000      -3.475883416626420E-005 -0.168291747389393     
  0.168256988555227     
   1.19500000000000      -3.434427010346605E-005 -0.168319446414852     
  0.168285102144748     
   1.20000000000000      -3.393421610666609E-005 -0.168347014809812     
  0.168313080593706     
   1.20500000000000      -3.352915087249584E-005 -0.168374453626352     
  0.168340924475479     
   1.21000000000000      -3.066503750499703E-005 -0.168402075255196     
  0.168371410217691     
   1.21500000000000      -3.017535182415265E-005 -0.168428863970301     
  0.168398688618477     
   1.22000000000000      -3.310844699443698E-005 -0.168455965635057     
  0.168422857188063     
   1.22500000000000      -3.166729422753893E-005 -0.168482908965474     
  0.168451241671246     
   1.23000000000000      -3.069129756067720E-005 -0.168509707702951     
  0.168479016405390     
   1.23500000000000      -3.046494817172745E-005 -0.168536410120809     
  0.168505945172637     
   1.24000000000000      -3.111701780724942E-005 -0.168562977713957     
  0.168531860696150     
   1.24500000000000      -3.042498620505795E-005 -0.168589418518223     
  0.168558993532018     
   1.25000000000000      -3.018892397634439E-005 -0.168615740356938     
  0.168585551432961     
   1.25500000000000      -2.980612989126349E-005 -0.168641942101375     
  0.168612135971484     
   1.26000000000000      -2.947617413031094E-005 -0.168668025527531     
  0.168638549353401     
   1.26500000000000      -2.913814925903147E-005 -0.168693991294491     
  0.168664853145232     
   1.27000000000000      -2.880899679831726E-005 -0.168719840490857     
  0.168691031494059     
   1.27500000000000      -2.848146471529161E-005 -0.168745573958822     
  0.168717092494106     
   1.28000000000000      -2.815690735507086E-005 -0.168771192622559     
  0.168743035715203     
   1.28500000000000      -2.783909410588897E-005 -0.168796697378287     
  0.168768858284182     
   1.29000000000000      -2.753017887832148E-005 -0.168822089281620     
  0.168794559102742     
   1.29500000000000      -2.721929757087029E-005 -0.168847369053376     
  0.168820149755805     
   1.30000000000000      -2.691287987748351E-005 -0.168872537536184     
  0.168845624656306     
   1.30500000000000      -2.661202077592448E-005 -0.168897595663089     
  0.168870983642313     
   1.31000000000000      -2.631706925757109E-005 -0.168922544259957     
  0.168896227190699     
   1.31500000000000      -2.602225077757312E-005 -0.168947384047026     
  0.168921361796249     
   1.32000000000000      -2.573164177131934E-005 -0.168972115843573     
  0.168946384201801     
   1.32500000000000      -2.544907079228715E-005 -0.168996740448705     
  0.168971291377912     
   1.33000000000000      -2.517002495506776E-005 -0.169021258776474     
  0.168996088751519     
   1.33500000000000      -2.489089622979886E-005 -0.169045671564556     
  0.169020780668326     
   1.34000000000000      -2.461669127347839E-005 -0.169069979435465     
  0.169045362744191     
   1.34500000000000      -2.434843692954220E-005 -0.169094183270277     
  0.169069834833348     
   1.35000000000000      -2.408142719876205E-005 -0.169118283826762     
  0.169094202399563     
   1.35500000000000      -2.381765588120822E-005 -0.169142281693103     
  0.169118464037222     
   1.36000000000000      -2.355778785064868E-005 -0.169166177702472     
  0.169142619914621     
   1.36500000000000      -2.330292661925539E-005 -0.169189972700850     
  0.169166669774230     
   1.37000000000000      -2.304943763924189E-005 -0.169213667141680     
  0.169190617704041     
   1.37500000000000      -2.280004974376243E-005 -0.169237261834129     
  0.169214461784385     
   1.38000000000000      -2.255121802516699E-005 -0.169260757488852     
  0.169238206270827     
   1.38500000000000      -2.230769310889193E-005 -0.169284154686774     
  0.169261846993665     
   1.39000000000000      -2.206725352745819E-005 -0.169307454299782     
  0.169285387046254     
   1.39500000000000      -2.182740368173726E-005 -0.169330656941575     
  0.169308829537894     
   1.40000000000000      -2.159497837391657E-005 -0.169353763135058     
  0.169332168156685     
   1.40500000000000      -2.136154747480003E-005 -0.169376773543777     
  0.169355411996302     
   1.41000000000000      -2.113456913524370E-005 -0.169399688915602     
  0.169378554346467     
   1.41500000000000      -2.091033949073840E-005 -0.169422509791540     
  0.169401599452050     
   1.42000000000000      -2.068569931665505E-005 -0.169445236885473     
  0.169424551186156     
   1.42500000000000      -2.046454994347290E-005 -0.169467870753901     
  0.169447406203958     
   1.43000000000000      -2.024695985744072E-005 -0.169490412047223     
  0.169470165087366     
   1.43500000000000      -2.003242004980239E-005 -0.169512861272818     
  0.169492828852768     
   1.44000000000000      -1.981945946551170E-005 -0.169535219124018     
  0.169515399664552     
   1.44500000000000      -1.960865837474853E-005 -0.169557486199021     
  0.169537877540647     
   1.45000000000000      -1.939983437459409E-005 -0.169579662912656     
  0.169560263078282     
   1.45500000000000      -1.919516087667706E-005 -0.169601750074713     
  0.169582554913836     
   1.46000000000000      -1.801284016662198E-005 -0.169623731902283     
  0.169605719062117     
   1.46500000000000      -1.893228306283446E-005 -0.169645705146968     
  0.169626772863905     
   1.47000000000000      -1.939480143940475E-005 -0.169667469101531     
  0.169648074300092     
   1.47500000000000      -1.811662368071419E-005 -0.169689208793861     
  0.169671092170181     
   1.48000000000000      -1.828846159752742E-005 -0.169710857231614     
  0.169692568770016     
   1.48500000000000      -1.797916799936889E-005 -0.169732419138461     
  0.169714439970462     
   1.49000000000000      -1.783323318018830E-005 -0.169753894643541     
  0.169736061410361     
   1.49500000000000      -1.762693586356256E-005 -0.169775284622537     
  0.169757657686673     
   1.50000000000000      -1.744202218759031E-005 -0.169796589813158     
  0.169779147790970     
   1.50500000000000      -1.628062505634325E-005 -0.169817794482237     
  0.169801513857181     
   1.51000000000000      -1.635442306958816E-005 -0.169838946084932     
  0.169822591661862     
   1.51500000000000      -1.714637556859084E-005 -0.169860003070265     
  0.169842856694697     
   1.52000000000000      -1.664261783122152E-005 -0.169880972621384     
  0.169864330003552     
   1.52500000000000      -1.559693252838751E-005 -0.169901845285157     
  0.169886248352629     
   1.53000000000000      -1.563952685807956E-005 -0.169922666734065     
  0.169907027207208     
   1.53500000000000      -1.644843904002767E-005 -0.169943395520874     
  0.169926947081834     
   1.54000000000000      -1.595185947717175E-005 -0.169964038769315     
  0.169948086909838     
   1.54500000000000      -1.589327422103410E-005 -0.169984603449417     
  0.169968710175195     
   1.55000000000000      -1.568864716593269E-005 -0.170005087726049     
  0.169989399078883     
   1.55500000000000      -1.553706179135123E-005 -0.170025492794348     
  0.170009955732557     
   1.56000000000000      -1.536842660247469E-005 -0.170045818767981     
  0.170030450341379     
   1.56500000000000      -1.520630551018852E-005 -0.170066066248059     
  0.170050859942549     
   1.57000000000000      -1.591256916156361E-005 -0.170086284904502     
  0.170070372335341     
   1.57500000000000      -1.544228105251509E-005 -0.170106315761172     
  0.170090873480120     
   1.58000000000000      -1.452960507923005E-005 -0.170126337359495     
  0.170111807754416     
   1.58500000000000      -1.463560939487335E-005 -0.170146276046725     
  0.170131640437330     
   1.59000000000000      -1.439786694192841E-005 -0.170166138683724     
  0.170151740816782     
   1.59500000000000      -1.427313094703051E-005 -0.170185924556117     
  0.170171651425170     
   1.60000000000000      -1.411294983046205E-005 -0.170205634827136     
  0.170191521877306     
   1.60500000000000      -1.396724949505732E-005 -0.170225270001794     
  0.170211302752299     
   1.61000000000000      -1.381550162511576E-005 -0.170244830329641     
  0.170231014828016     
   1.61500000000000      -1.366917226418495E-005 -0.170264316389340     
  0.170250647217076     
   1.62000000000000      -1.352353015394244E-005 -0.170283728420497     
  0.170270204890343     
   1.62500000000000      -1.338040956601189E-005 -0.170303067024660     
  0.170289686615094     
   1.63000000000000      -1.323701315268200E-005 -0.170322332451179     
  0.170309095438027     
   1.63500000000000      -1.309648915563647E-005 -0.170341525293926     
  0.170328428804770     
   1.64000000000000      -1.295829170021255E-005 -0.170360645814328     
  0.170347687522627     
   1.64500000000000      -1.281373110991959E-005 -0.170379694199446     
  0.170366880468336     
   1.65000000000000      -1.267588524336578E-005 -0.170398671062260     
  0.170385995177017     
   1.65500000000000      -1.254284351812468E-005 -0.170417576909099     
  0.170405034065580     
   1.66000000000000      -1.240487575446666E-005 -0.170436411943652     
  0.170424007067898     
   1.66500000000000      -1.226822897272457E-005 -0.170455176505943     
  0.170442908276970     
   1.67000000000000      -1.213490128245817E-005 -0.170473870819381     
  0.170461735918098     
   1.67500000000000      -1.200391270201077E-005 -0.170492495586079     
  0.170480491673377     
   1.68000000000000      -1.187298982507640E-005 -0.170511050965887     
  0.170499177976062     
   1.68500000000000      -1.174244363891887E-005 -0.170529537261816     
  0.170517794818177     
   1.69000000000000      -1.248281130553762E-005 -0.170548004302707     
  0.170535521491401     
   1.69500000000000      -1.204315532187280E-005 -0.170566292702277     
  0.170554249546955     
   1.70000000000000      -1.115435236289813E-005 -0.170584581321162     
  0.170573426968799     
   1.70500000000000      -1.128877893089864E-005 -0.170602796116186     
  0.170591507337255     
   1.71000000000000      -1.108019854991123E-005 -0.170620943773817     
  0.170609863575267     
   1.71500000000000      -1.098467181342258E-005 -0.170639023818672     
  0.170628039146858     
   1.72000000000000      -1.085046798128372E-005 -0.170657037171320     
  0.170646186703339     
   1.72500000000000      -1.073187049434683E-005 -0.170674984016055     
  0.170664252145560     
   1.73000000000000      -1.060817229562037E-005 -0.170692864970183     
  0.170682256797888     
   1.73500000000000      -1.048782426809016E-005 -0.170710680237328     
  0.170700192413060     
   1.74000000000000      -1.037069445959969E-005 -0.170728430110298     
  0.170718059415839     
   1.74500000000000      -1.025337722213528E-005 -0.170746114968679     
  0.170735861591457     
   1.75000000000000      -1.013656462382925E-005 -0.170763735195328     
  0.170753598630705     
   1.75500000000000      -1.001926067244979E-005 -0.170781291010156     
  0.170771271749484     
   1.76000000000000      -9.903887519495167E-006 -0.170798782670835     
  0.170788878783315     
   1.76500000000000      -1.065418611162542E-005 -0.170816260136831     
  0.170805605950719     
   1.77000000000000      -1.022988358459720E-005 -0.170833563600248     
  0.170823333716664     
   1.77500000000000      -9.356846113316258E-006 -0.170850872110457     
  0.170841515264343     
   1.78000000000000      -9.501763276071988E-006 -0.170868111596995     
  0.170858609833719     
   1.78500000000000      -9.306936259387381E-006 -0.170885288660587     
  0.170875981724328     
   1.79000000000000      -9.223260099830062E-006 -0.170902402831933     
  0.170893179571833     
   1.79500000000000      -9.974239370408179E-006 -0.170919504392896     
  0.170909530153525     
   1.80000000000000      -9.559667324288997E-006 -0.170936433665348     
  0.170926873998024     
   1.80500000000000      -8.689757064128477E-006 -0.170953369647764     
  0.170944679890700     
   1.81000000000000      -7.860746531302741E-006 -0.170970221992197     
  0.170962361245665     
   1.81500000000000      -7.921026752417668E-006 -0.170987044777807     
  0.170979123751054     
   1.82000000000000      -8.816858240537334E-006 -0.171003794732697     
  0.170994977874457     
   1.82500000000000      -8.376522482641744E-006 -0.171020479794015     
  0.171012103271533     
   1.83000000000000      -8.380834533494138E-006 -0.171037106246151     
  0.171028725411618     
   1.83500000000000      -8.238170169458741E-006 -0.171053672530442     
  0.171045434360272     
   1.84000000000000      -8.149938248965101E-006 -0.171070179592411     
  0.171062029654162     
   1.84500000000000      -8.043236321141191E-006 -0.171086627374429     
  0.171078584138107     
   1.85000000000000      -7.940636276801946E-006 -0.171103016181003     
  0.171095075544726     
   1.85500000000000      -6.854042988729962E-006 -0.171119329636448     
  0.171112475593459     
   1.86000000000000      -7.004496765623650E-006 -0.171135616510423     
  0.171128612013658     
   1.86500000000000      -7.874150560284004E-006 -0.171151833421724     
  0.171143959271164     
   1.87000000000000      -7.450457576656368E-006 -0.171167987785211     
  0.171160537327634     
   1.87500000000000      -7.461073164918877E-006 -0.171184086202641     
  0.171176625129476     
   1.88000000000000      -7.322697366125486E-006 -0.171200126862640     
  0.171192804165274     
   1.88500000000000      -6.253970265555092E-006 -0.171216094279613     
  0.171209840309348     
   1.89000000000000      -6.403958645952330E-006 -0.171232035876634     
  0.171225631917988     
   1.89500000000000      -6.300508633597526E-006 -0.171247893349681     
  0.171241592841047     
   1.90000000000000      -6.123673576439072E-006 -0.171263720191993     
  0.171257596518416     
   1.90500000000000      -7.112774363176795E-006 -0.171279481556053     
  0.171272368781690     
   1.91000000000000      -6.657062935499322E-006 -0.171295182040912     
  0.171288524977977     
   1.91500000000000      -6.678629264289467E-006 -0.171310828655511     
  0.171304150026247     
   1.92000000000000      -6.542930797745958E-006 -0.171326419453375     
  0.171319876522577     
   1.92500000000000      -6.462976490546569E-006 -0.171341955381081     
  0.171335492404591     
   1.93000000000000      -6.360019608283512E-006 -0.171357436151917     
  0.171351076132309     
   1.93500000000000      -6.267001320495546E-006 -0.171372862505594     
  0.171366595504273     
   1.94000000000000      -6.176542859816091E-006 -0.171388234431715     
  0.171382057888855     
   1.94500000000000      -5.102120520936666E-006 -0.171403535544141     
  0.171398433423620     
   1.95000000000000      -5.258093217071068E-006 -0.171418814075609     
  0.171413555982392     
   1.95500000000000      -6.142035338110583E-006 -0.171434027261522     
  0.171427885226184     
   1.96000000000000      -5.724058937611507E-006 -0.171449182320867     
  0.171443458261930     
   1.96500000000000      -5.740159353020676E-006 -0.171464285816566     
  0.171458545657213     
   1.97000000000000      -5.617630126324183E-006 -0.171479335824206     
  0.171473718194080     
   1.97500000000000      -5.537794281471677E-006 -0.171494333064629     
  0.171488795270347     
   1.98000000000000      -5.440407674256678E-006 -0.171509277696409     
  0.171503837288735     
   1.98500000000000      -6.221074912330243E-006 -0.171524219408319     
  0.171517998333407     
   1.99000000000000      -5.821078072587900E-006 -0.171538998256558     
  0.171533177178486     
   1.99500000000000      -4.974236123423295E-006 -0.171553793508494     
  0.171548819272370     
   2.00000000000000      -5.147253420545025E-006 -0.171568530819629     
  0.171563383566208     
   2.00500000000000      -4.975601596849982E-006 -0.171583216863691     
  0.171578241262095     
   2.01000000000000      -4.916355906041084E-006 -0.171597850788895     
  0.171592934432989     
   2.01500000000000      -4.817705010718174E-006 -0.171612433446482     
  0.171607615741471     
   2.02000000000000      -4.735210104653093E-006 -0.171626965185019     
  0.171622229974914     
   2.02500000000000      -4.647445005733793E-006 -0.171641446164177     
  0.171636798719172     
   2.03000000000000      -4.560794915280325E-006 -0.171655876611558     
  0.171651315816642     
   2.03500000000000      -4.473997095689585E-006 -0.171670256795224     
  0.171665782798128     
   2.04000000000000      -4.389565630542556E-006 -0.171684586757109     
  0.171680197191479     
   2.04500000000000      -4.308105042316169E-006 -0.171698866912116     
  0.171694558807074     
   2.05000000000000      -4.223695554107140E-006 -0.171713097331119     
  0.171708873635565     
   2.05500000000000      -4.139172836614680E-006 -0.171727278241819     
  0.171723139068982     
   2.06000000000000      -4.051403300584759E-006 -0.171741409863185     
  0.171737358459885     
   2.06500000000000      -3.968365814092243E-006 -0.171755492416723     
  0.171751524050909     
   2.07000000000000      -2.906458923686853E-006 -0.171769509837793     
  0.171766603378869     
   2.07500000000000      -3.074291282031703E-006 -0.171783509514830     
  0.171780435223548     
   2.08000000000000      -3.967802093267924E-006 -0.171797449205154     
  0.171793481403061     
   2.08500000000000      -3.557863001603998E-006 -0.171811335996454     
  0.171807778133452     
   2.09000000000000      -3.584015280119506E-006 -0.171825176397346     
  0.171821592382066     
   2.09500000000000      -3.465555575548856E-006 -0.171838968227528     
  0.171835502671953     
   2.10000000000000      -3.396727366809581E-006 -0.171852712676589     
  0.171849315949222     
   2.10500000000000      -3.311096435133720E-006 -0.171866409549774     
  0.171863098453339     
   2.11000000000000      -2.251575955443926E-006 -0.171880042696789     
  0.171877791120834     
   2.11500000000000      -2.422266039000412E-006 -0.171893659717462     
  0.171891237451422     
   2.12000000000000      -3.317698559495569E-006 -0.171907218237090     
  0.171903900538530     
   2.12500000000000      -2.911972707907835E-006 -0.171920725319282     
  0.171917813346574     
   2.13000000000000      -2.940634728249177E-006 -0.171934187529890     
  0.171931246895162     
   2.13500000000000      -2.825180975562339E-006 -0.171947602788626     
  0.171944777607651     
   2.14000000000000      -2.756238272189184E-006 -0.171960972009628     
  0.171958215771355     
   2.14500000000000      -2.673057716206041E-006 -0.171974295141267     
  0.171971622083551     
   2.15000000000000      -2.596740718757589E-006 -0.171987572375166     
  0.171984975634447     
   2.15500000000000      -1.536891773977826E-006 -0.172000787686880     
  0.171999250795106     
   2.16000000000000      -1.707074630768362E-006 -0.172013988448245     
  0.172012281373614     
   2.16500000000000      -2.606089016414025E-006 -0.172027132344207     
  0.172024526255190     
   2.17000000000000      -2.204502144378971E-006 -0.172040226339264     
  0.172038021837120     
   2.17500000000000      -2.234377039720048E-006 -0.172053276993194     
  0.172051042616154     
   2.18000000000000      -2.990431690224723E-006 -0.172066331932995     
  0.172063341501305     
   2.18500000000000      -2.618449254784844E-006 -0.172079231486359     
  0.172076613037105     
   2.19000000000000      -1.778162483740722E-006 -0.172092154900212     
  0.172090376737728     
   2.19500000000000      -1.960015146800976E-006 -0.172105027783797     
  0.172103067768650     
   2.20000000000000      -1.799515476016119E-006 -0.172117856807766     
  0.172116057292290     
   2.20500000000000      -1.753347217133512E-006 -0.172130641093449     
  0.172128887746232     
   2.21000000000000      -1.669592005705478E-006 -0.172143381605160     
  0.172141712013155     
   2.21500000000000      -1.600733375533467E-006 -0.172156078246757     
  0.172154477513382     
   2.22000000000000      -1.523182487510778E-006 -0.172168731401516     
  0.172167208219028     
   2.22500000000000      -1.448488124219320E-006 -0.172181341177094     
  0.172179892688970     
   2.23000000000000      -1.374635787794320E-006 -0.172193907652301     
  0.172192533016513     
   2.23500000000000      -3.182953358733390E-007 -0.172206414544182     
  0.172206096248846     
   2.24000000000000      -4.945206843826995E-007 -0.172218910033249     
  0.172218415512565     
   2.24500000000000      -2.264182213877079E-006 -0.172231400721643     
  0.172229136539428     
   2.25000000000000      -2.428939181987689E-006 -0.172243782873343     
  0.172241353934161     
   2.25500000000000      -1.394925068768805E-006 -0.172256081737239     
  0.172254686812170     
   2.26000000000000      -7.812718334663284E-007 -0.172268400216604     
  0.172267618944770     
   2.26500000000000      -8.972071716609992E-007 -0.172280671009400     
  0.172279773802228     
   2.27000000000000      -7.670479381991115E-007 -0.172292899374429     
  0.172292132326491     
   2.27500000000000      -7.112912695011928E-007 -0.172305085193251     
  0.172304373901981     
   2.28000000000000      -6.328648590741162E-007 -0.172317229381761     
  0.172316596516902     
   2.28500000000000      -5.675948910839010E-007 -0.172329331953660     
  0.172328764358769     
   2.29000000000000      -4.988289863495888E-007 -0.172341393167344     
  0.172340894338357     
   2.29500000000000      -4.268774166198903E-007 -0.172353413082500     
  0.172352986205084     
   2.30000000000000      -3.544564731948803E-007 -0.172365391919392     
  0.172365037462919     
   2.30500000000000      -2.849518542844543E-007 -0.172377329845481     
  0.172377044893627     
   2.31000000000000      -2.126853352076893E-007 -0.172389227060575     
  0.172389014375240     
   2.31500000000000      -1.423753555546082E-007 -0.172401083641803     
  0.172400941266447     
   2.32000000000000      -7.284475168772172E-008 -0.172412899785279     
  0.172412826940527     
   2.32500000000000      -3.046365826734607E-009 -0.172424675627990     
  0.172424672581624     
   2.33000000000000       6.731730545781440E-008 -0.172436411465556     
  0.172436478782861     
   2.33500000000000       1.386688273089656E-007 -0.172448107528719     
  0.172448246197546     
   2.34000000000000       2.081831707020475E-007 -0.172459763964302     
  0.172459972147472     
   2.34500000000000       2.743281658536066E-007 -0.172471380637269     
  0.172471654965435     
   2.35000000000000       3.432364445883552E-007 -0.172482958083470     
  0.172483301319915     
   2.35500000000000       4.156612194175821E-007 -0.172494496095429     
  0.172494911756649     
   2.36000000000000       1.465951452820215E-006 -0.172505978184932     
  0.172507444136384     
   2.36500000000000       4.108151009713188E-007 -0.172517502517563     
  0.172517913332664     
   2.37000000000000      -1.870783260532251E-007 -0.172528864922548     
  0.172528677844222     
   2.37500000000000       9.704917567986953E-007 -0.172540252144014     
  0.172541222635771     
   2.38000000000000       6.712336978132496E-007 -0.172551596288860     
  0.172552267522558     
   2.38500000000000       8.616863536127876E-007 -0.172562901535105     
  0.172563763221459     
   2.39000000000000       8.894545227138255E-007 -0.172574167908489     
  0.172575057363012     
   2.39500000000000       9.687632712030516E-007 -0.172585396173001     
  0.172586364936272     
   2.40000000000000       1.028594454554194E-006 -0.172596586392053     
  0.172597614986507     
   2.40500000000000       1.098072027935386E-006 -0.172607738704534     
  0.172608836776562     
   2.41000000000000       2.934448193595406E-007 -0.172618903002555     
  0.172619196447374     
   2.41500000000000       6.681470376348879E-007 -0.172629918620478     
  0.172630586767515     
   2.42000000000000       6.263770352135123E-007 -0.172641015133384     
  0.172641641510420     
   2.42500000000000      -1.290150995406879E-007 -0.172652006244833     
  0.172651877229734     
   2.43000000000000       1.095448782972023E-006 -0.172662917741517     
  0.172664013190299     
   2.43500000000000       1.633493878858517E-006 -0.172673853485304     
  0.172675486979182     
   2.44000000000000       1.531007006026805E-006 -0.172684745902943     
  0.172686276909949     
   2.44500000000000       1.651180293502577E-006 -0.172695600625103     
  0.172697251805397     
   2.45000000000000       1.696677673571997E-006 -0.172706417585566     
  0.172708114263240     
   2.45500000000000       1.765948107088732E-006 -0.172717197671279     
  0.172718963619385     
   2.46000000000000       1.828174881777451E-006 -0.172727941414113     
  0.172729769588995     
   2.46500000000000       1.893181568881295E-006 -0.172738648866839     
  0.172740542048408     
   2.47000000000000       1.957993644358335E-006 -0.172749320331725     
  0.172751278325369     
   2.47500000000000       2.022865165508777E-006 -0.172759956074211     
  0.172761978939377     
   2.48000000000000       2.084392958922000E-006 -0.172770555997834     
  0.172772640390793     
   2.48500000000000       2.148261166776649E-006 -0.172781120071163     
  0.172783268332330     
   2.49000000000000       2.212952400552119E-006 -0.172791648243633     
  0.172793861196034     
   2.49500000000000       2.274785304637267E-006 -0.172802140572622     
  0.172804415357927     
   2.50000000000000       2.341615949526964E-006 -0.172812596902374     
  0.172814938518323     
   2.52500000000000      -7.211417608973751E-005 -0.172896754293351     
  0.172824640117261     
   2.55000000000000      -7.810288493423595E-005 -0.172953732272999     
  0.172875629388064     
   2.57500000000000      -7.947610036080739E-005 -0.173005779373240     
  0.172926303272879     
   2.60000000000000      -7.921018470548392E-005 -0.173055544630070     
  0.172976334445365     
   2.62500000000000      -7.825842900054315E-005 -0.173103865666018     
  0.173025607237017     
   2.65000000000000      -7.700544937185719E-005 -0.173151089622545     
  0.173074084173173     
   2.67500000000000      -7.561739141276853E-005 -0.173197377518362     
  0.173121760126950     
   2.70000000000000      -7.417614248673686E-005 -0.173242813893252     
  0.173168637750765     
   2.72500000000000      -7.271624544900652E-005 -0.173287448082954     
  0.173214731837505     
   2.75000000000000      -7.126055407276927E-005 -0.173331312091738     
  0.173260051537665     
   2.77500000000000      -6.982183147093622E-005 -0.173374428640645     
  0.173304606809174     
   2.80000000000000      -6.839755632516049E-005 -0.173416816010429     
  0.173348418454104     
   2.82500000000000      -6.699335427678236E-005 -0.173458489918290     
  0.173391496564013     
   2.85000000000000      -6.561117719755931E-005 -0.173499464222882     
  0.173433853045685     
   2.87500000000000      -6.518025726369674E-005 -0.173539857255703     
  0.173474676998440     
   2.90000000000000      -6.342385043447483E-005 -0.173579319217884     
  0.173515895367449     
   2.92500000000000      -6.136981243203198E-005 -0.173618299097440     
  0.173556929285007     
   2.95000000000000      -6.033798358497700E-005 -0.173656606510157     
  0.173596268526572     
   2.97500000000000      -5.798123696493938E-005 -0.173694247208022     
  0.173636265971057     
   3.00000000000000      -5.701193232251074E-005 -0.173731309450934     
  0.173674297518611     
   3.02500000000000      -5.673552999707240E-005 -0.173767727137386     
  0.173710991607388     
   3.05000000000000      -5.319958483863700E-005 -0.173804259987008     
  0.173751060402170     
   3.07500000000000      -5.117051267831409E-005 -0.173838404580401     
  0.173787234067723     
   3.10000000000000      -5.349331141101706E-005 -0.173873234547371     
  0.173819741235960     
   3.12500000000000      -5.131007575979170E-005 -0.173907337740640     
  0.173856027664880     
   3.15000000000000      -5.055770368692708E-005 -0.173940847307899     
  0.173890289604212     
   3.17500000000000      -4.931229078683444E-005 -0.173973786418096     
  0.173924474127309     
   3.20000000000000      -4.823660208537989E-005 -0.174006172501681     
  0.173957935899596     
   3.22500000000000      -4.711781471844186E-005 -0.174038017186837     
  0.173990899372119     
   3.25000000000000      -4.602760159226296E-005 -0.174069330957059     
  0.174023303355467     
   3.27500000000000      -4.494989372878309E-005 -0.174100123660231     
  0.174055173766503     
   3.30000000000000      -4.388801016992400E-005 -0.174130404529799     
  0.174086516519629     
   3.32500000000000      -4.283746991144385E-005 -0.174160182264792     
  0.174117344794881     
   3.35000000000000      -4.180030752668704E-005 -0.174189465699447     
  0.174147665391920     
   3.37500000000000      -4.078090285595157E-005 -0.174218263244166     
  0.174177482341310     
   3.40000000000000      -3.977294176636455E-005 -0.174246583070256     
  0.174206810128489     
   3.42500000000000      -3.877695013091190E-005 -0.174274433437496     
  0.174235656487365     
   3.45000000000000      -3.780238115819260E-005 -0.174301822177952     
  0.174264019796793     
   3.47500000000000      -3.683594069550204E-005 -0.174328757118975     
  0.174291921178280     
   3.50000000000000      -3.588069055909802E-005 -0.174355245959761     
  0.174319365269202     
   3.52500000000000      -3.395261391702787E-005 -0.174381271064503     
  0.174347318450586     
   3.55000000000000      -3.329352707501549E-005 -0.174406918567313     
  0.174373625040238     
   3.57500000000000      -3.335846428744972E-005 -0.174432114601867     
  0.174398756137580     
   3.60000000000000      -3.213311952671600E-005 -0.174456890273491     
  0.174424757153965     
   3.62500000000000      -3.135564114239731E-005 -0.174481258844424     
  0.174449903203281     
   3.65000000000000      -3.044500336142747E-005 -0.174505224056006     
  0.174474779052645     
   3.67500000000000      -2.959829309061041E-005 -0.174528793483512     
  0.174499195190421     
   3.70000000000000      -2.874961817311181E-005 -0.174551973426428     
  0.174523223808256     
   3.72500000000000      -2.791460059176589E-005 -0.174574770663162     
  0.174546856062571     
   3.75000000000000      -2.609797968265956E-005 -0.174597166821670     
  0.174571068841988     
   3.77500000000000      -2.555132923211565E-005 -0.174619245106574     
  0.174593693777342     
   3.80000000000000      -2.573278279159338E-005 -0.174640932732805     
  0.174615199950013     
   3.82500000000000      -2.461910215455353E-005 -0.174662259029773     
  0.174637639927618     
   3.85000000000000      -2.395152287300192E-005 -0.174683236127940     
  0.174659284605067     
   3.87500000000000      -2.315094101476245E-005 -0.174703866852110     
  0.174680715911095     
   3.90000000000000      -2.241271496254547E-005 -0.174724157756538     
  0.174701745041575     
   3.92500000000000      -2.166823185179191E-005 -0.174744114366267     
  0.174722446134415     
   3.95000000000000      -2.093954798067552E-005 -0.174763742216024     
  0.174742802668044     
   3.97500000000000      -2.021958361613395E-005 -0.174783046681882     
  0.174762827098265     
   4.00000000000000      -1.950963048178578E-005 -0.174802033327911     
  0.174782523697429     
   4.02500000000000      -1.881636339568578E-005 -0.174820707530103     
  0.174801891166707     
   4.05000000000000      -1.812945004361481E-005 -0.174839074416475     
  0.174820944966431     
   4.07500000000000      -1.745237418950305E-005 -0.174857139070197     
  0.174839686696007     
   4.10000000000000      -1.678702562080149E-005 -0.174874906703696     
  0.174858119678075     
   4.12500000000000      -1.707005537283777E-005 -0.174892487937289     
  0.174875417881916     
   4.15000000000000      -1.601095061505171E-005 -0.174909523812949     
  0.174893512862334     
   4.17500000000000      -1.463314956148669E-005 -0.174926457954640     
  0.174911824805078     
   4.20000000000000      -1.427696716480237E-005 -0.174943092713801     
  0.174928815746636     
   4.22500000000000      -1.357549752401503E-005 -0.174959451523010     
  0.174945876025486     
   4.25000000000000      -1.300542074746542E-005 -0.174975539881257     
  0.174962534460509     
   4.27500000000000      -1.240263538220632E-005 -0.174991363484379     
  0.174978960848997     
   4.30000000000000      -1.181194323420701E-005 -0.175006926883359     
  0.174995114940125     
   4.32500000000000      -1.123028909967390E-005 -0.175022234915819     
  0.175011004626720     
   4.35000000000000      -1.066157088231187E-005 -0.175037291903017     
  0.175026630332135     
   4.37500000000000      -1.010547341053029E-005 -0.175052101891806     
  0.175041996418396     
   4.40000000000000      -9.553178019853895E-006 -0.175066669197804     
  0.175057116019784     
   4.42500000000000      -9.008355569476138E-006 -0.175080997840597     
  0.175071989485028     
   4.45000000000000      -8.474834928996736E-006 -0.175095091722481     
  0.175086616887552     
   4.47500000000000      -7.943870808684855E-006 -0.175108954973901     
  0.175101011103092     
   4.50000000000000      -7.424519705181534E-006 -0.175122591487019     
  0.175115166967314     
   4.52500000000000      -6.915641495860161E-006 -0.175136004759504     
  0.175129089118009     
   4.55000000000000      -6.410561672804744E-006 -0.175149198583258     
  0.175142788021585     
   4.57500000000000      -5.916160314528139E-006 -0.175162176764623     
  0.175156260604308     
   4.60000000000000      -5.428657489838836E-006 -0.175174942952681     
  0.175169514295191     
   4.62500000000000      -4.949820996138400E-006 -0.175187500436477     
  0.175182550615480     
   4.65000000000000      -4.476720325608784E-006 -0.175199852852044     
  0.175195376131718     
   4.67500000000000      -3.019412453178723E-006 -0.175211979211245     
  0.175208959798792     
   4.70000000000000      -2.826955687976593E-006 -0.175223959314970     
  0.175221132359282     
   4.72500000000000      -3.355021661437322E-006 -0.175235717879678     
  0.175232362858017     
   4.75000000000000      -2.584950864219182E-006 -0.175247281157594     
  0.175244696206730     
   4.77500000000000      -2.257374731902306E-006 -0.175258658404316     
  0.175256401029584     
   4.80000000000000      -7.963432224920462E-007 -0.175269825053424     
  0.175269028710202     
   4.82500000000000      -6.480005233301179E-007 -0.175280862479041     
  0.175280214478517     
   4.85000000000000      -1.208036598982970E-006 -0.175291693488277     
  0.175290485451678     
   4.87500000000000      -4.691855036225465E-007 -0.175302344884485     
  0.175301875698982     
   4.90000000000000       8.180836449095911E-007 -0.175312801108858     
  0.175313619192503     
   4.92500000000000       9.864495631049009E-007 -0.175323138409319     
  0.175324124858882     
   4.95000000000000       3.860514737326482E-007 -0.175333281959405     
  0.175333668010878     
   4.97500000000000       1.104220553168543E-006 -0.175343256955364     
  0.175344361175917     
   5.00000000000000       1.369218221757109E-006 -0.175353072734783     
  0.175354441953005     
   5.02500000000000       1.778452811041199E-006 -0.175362728684389     
  0.175364507137200     
   5.05000000000000       3.128886857326133E-006 -0.175372203381268     
  0.175375332268126     
   5.07500000000000       4.220668661631809E-006 -0.175381552165420     
  0.175385772834082     
   5.10000000000000       3.329379985422736E-006 -0.175390774398166     
  0.175394103778152     
   5.12500000000000       3.027379559389050E-006 -0.175399817828259     
  0.175402845207818     
   5.15000000000000       3.594951315244756E-006 -0.175408713526106     
  0.175412308477421     
   5.17500000000000       3.860092059850004E-006 -0.175417467378438     
  0.175421327470498     
   5.20000000000000       4.217600166407455E-006 -0.175426079501351     
  0.175430297101518     
   5.22500000000000       4.535899979886468E-006 -0.175434552518621     
  0.175439088418601     
   5.25000000000000       4.857955980101668E-006 -0.175442888587231     
  0.175447746543211     
   5.27500000000000       5.175914921308324E-006 -0.175451089927064     
  0.175456265841985     
   5.30000000000000       5.487000090354765E-006 -0.175459158851107     
  0.175464645851197     
   5.32500000000000       5.793146294637879E-006 -0.175467097451317     
  0.175472890597611     
   5.35000000000000       6.093833160943081E-006 -0.175474908004969     
  0.175481001838131     
   5.37500000000000       6.388475078207495E-006 -0.175482592568692     
  0.175488981043770     
   5.40000000000000       6.678675434113257E-006 -0.175490153178872     
  0.175496831854306     
   5.42500000000000       6.968800158664508E-006 -0.175497591930869     
  0.175504560731028     
   5.45000000000000       7.252839486617140E-006 -0.175504910807791     
  0.175512163647278     
   5.47500000000000       7.527284535034530E-006 -0.175512112020464     
  0.175519639304999     
   5.50000000000000       7.801885495195927E-006 -0.175519197319639     
  0.175526999205134     
   5.52500000000000       8.071067236607391E-006 -0.175526168686116     
  0.175534239753353     
   5.55000000000000       9.328214836008954E-006 -0.175533002800839     
  0.175542331015675     
   5.57500000000000       9.326403280060864E-006 -0.175539780037518     
  0.175549106440798     
   5.60000000000000       8.602666882979535E-006 -0.175546421777576     
  0.175555024444459     
   5.62500000000000       9.182661981082355E-006 -0.175552953306159     
  0.175562135968140     
   5.65000000000000       9.319593107325316E-006 -0.175559382768957     
  0.175568702362064     
   5.67500000000000       9.601882807342965E-006 -0.175565708685790     
  0.175575310568598     
   5.70000000000000       9.831803889145851E-006 -0.175571933542542     
  0.175581765346431     
   5.72500000000000       1.006856492380250E-005 -0.175578058802335     
  0.175588127367259     
   5.75000000000000       1.030212318446444E-005 -0.175584086047262     
  0.175594388170446     
   5.77500000000000       1.152431067561857E-005 -0.175589992392977     
  0.175601516703652     
   5.80000000000000       1.148419425040288E-005 -0.175595856316823     
  0.175607340511074     
   5.82500000000000       1.072778792218018E-005 -0.175601600210154     
  0.175612327998076     
   5.85000000000000       1.127021582076096E-005 -0.175607249024700     
  0.175618519240520     
   5.87500000000000       1.137612463430313E-005 -0.175612810368737     
  0.175624186493371     
   5.90000000000000       1.162759753471628E-005 -0.175618282591790     
  0.175629910189325     
   5.92500000000000       1.182235031598244E-005 -0.175623667976878     
  0.175635490327193     
   5.95000000000000       1.302478263463217E-005 -0.175628943320769     
  0.175641968103404     
   5.97500000000000       1.296075302103839E-005 -0.175634186052357     
  0.175647146805378     
   6.00000000000000       1.217637005549983E-005 -0.175639319746639     
  0.175651496116694     
   6.02500000000000       1.269762262589772E-005 -0.175644368303257     
  0.175657065925882     
   6.05000000000000       1.278077959775434E-005 -0.175649339303588     
  0.175662120083186     
   6.07500000000000       1.300628767117875E-005 -0.175654231120709     
  0.175667237408380     
   6.10000000000000       1.317947173077320E-005 -0.175659045621783     
  0.175672225093514     
   6.12500000000000       1.242625716662053E-005 -0.175663889915494     
  0.175676316172661     
   6.15000000000000       1.301843380687785E-005 -0.175668400874120     
  0.175681419307927     
   6.17500000000000       1.393719360227441E-005 -0.175673018923939     
  0.175686956117541     
   6.20000000000000       1.383882114549858E-005 -0.175677542829185     
  0.175691381650331     
   6.22500000000000       1.409068063024169E-005 -0.175681992720528     
  0.175696083401158     
   6.25000000000000       1.422460548816879E-005 -0.175686370433790     
  0.175700595039278     
   6.27500000000000       1.439964962573696E-005 -0.175690678445793     
  0.175705078095418     
   6.30000000000000       1.455710436623686E-005 -0.175694918138229     
  0.175709475242595     
   6.32500000000000       1.471531641495068E-005 -0.175699091023620     
  0.175713806340035     
   6.35000000000000       1.487289810663744E-005 -0.175703198229856     
  0.175718071127962     
   6.37500000000000       1.502611660057836E-005 -0.175707240809175     
  0.175722266925776     
   6.40000000000000       1.518021274036031E-005 -0.175711219740026     
  0.175726399952767     
   6.42500000000000       1.532740420531473E-005 -0.175715136554164     
  0.175730463958369     
   6.45000000000000       1.547113349681989E-005 -0.175718991971413     
  0.175734463104910     
   6.47500000000000       1.561823269056709E-005 -0.175722786980228     
  0.175738405212919     
   6.50000000000000       1.576065666826397E-005 -0.175726522706518     
  0.175742283363186     
   6.52500000000000       1.589770198215377E-005 -0.175730200228628     
  0.175746097930610     
   6.55000000000000       1.603492298320464E-005 -0.175733820251527     
  0.175749855174510     
   6.57500000000000       1.617161142984868E-005 -0.175737383981373     
  0.175753555592803     
   6.60000000000000       1.729608589039325E-005 -0.175740867329654     
  0.175758163415545     
   6.62500000000000       1.716165696846410E-005 -0.175744348766247     
  0.175761510423216     
   6.65000000000000       1.631094592007368E-005 -0.175747749792925     
  0.175764060738845     
   6.67500000000000       1.677066085012300E-005 -0.175751094333334     
  0.175767864994184     
   6.70000000000000       1.678664598416382E-005 -0.175754389682948     
  0.175771176328933     
   6.72500000000000       1.694249078100415E-005 -0.175757633597585     
  0.175774576088366     
   6.75000000000000       1.705061114943511E-005 -0.175760827708477     
  0.175777878319626     
   6.77500000000000       1.717565821871749E-005 -0.175763972551664     
  0.175781148209883     
   6.80000000000000       1.729235991161791E-005 -0.175767068766755     
  0.175784361126666     
   6.82500000000000       1.646819504948212E-005 -0.175770223120535     
  0.175786691315584     
   6.85000000000000       1.699309251890590E-005 -0.175773072294036     
  0.175790065386555     
   6.87500000000000       1.784603989047705E-005 -0.175776056195076     
  0.175793902234966     
   6.90000000000000       1.768706957110166E-005 -0.175778972940581     
  0.175796660010152     
   6.92500000000000       1.787359786385885E-005 -0.175781842360018     
  0.175799715957881     
   6.95000000000000       1.794699829106105E-005 -0.175784665773741     
  0.175802612772032     
   6.97500000000000       1.805891661264287E-005 -0.175787445242334     
  0.175805504158946     
   7.00000000000000       1.815680814043505E-005 -0.175790181782022     
  0.175808338590163     
   7.02500000000000       1.825531699589945E-005 -0.175792876638635     
  0.175811131955631     
   7.05000000000000       1.834934582550149E-005 -0.175795530133889     
  0.175813879479715     
   7.07500000000000       1.844914656221297E-005 -0.175798143028842     
  0.175816592175404     
   7.10000000000000       1.854635579894711E-005 -0.175800716310586     
  0.175819262666385     
   7.12500000000000       1.863881548127640E-005 -0.175803250500930     
  0.175821889316411     
   7.15000000000000       1.972520068641986E-005 -0.175805720911082     
  0.175825446111768     
   7.17500000000000       1.955451234256735E-005 -0.175808207360275     
  0.175827761872618     
   7.20000000000000       1.866585643737403E-005 -0.175810629093118     
  0.175829294949556     
   7.22500000000000       1.908055534895733E-005 -0.175813010768050     
  0.175832091323399     
   7.25000000000000       1.905893446471565E-005 -0.175815359197720     
  0.175834418132185     
   7.27500000000000       1.918131251512700E-005 -0.175817671796322     
  0.175836853108837     
   7.30000000000000       1.924989772096104E-005 -0.175819950043818     
  0.175839199941539     
   7.32500000000000       1.933748178400962E-005 -0.175822193987421     
  0.175841531469205     
   7.35000000000000       1.941986981321092E-005 -0.175824404569640     
  0.175843824439453     
   7.37500000000000       1.949823916625365E-005 -0.175826582026843     
  0.175846080266010     
   7.40000000000000       1.957574577875017E-005 -0.175828727133031     
  0.175848302878810     
   7.42500000000000       1.965179570058050E-005 -0.175830840105207     
  0.175850491900908     
   7.45000000000000       1.972966921045282E-005 -0.175832921916011     
  0.175852651585222     
   7.47500000000000       1.980374731391355E-005 -0.175834972713370     
  0.175854776460684     
   7.50000000000000       1.987606277188327E-005 -0.175836993016736     
  0.175856869079508     
   7.52500000000000       1.994927318176849E-005 -0.175838983536085     
  0.175858932809267     
   7.55000000000000       2.001677475175088E-005 -0.175840944678083     
  0.175860961452835     
   7.57500000000000       2.008763086314368E-005 -0.175842877019543     
  0.175862964650406     
   7.60000000000000       2.015781179036076E-005 -0.175844780833137     
  0.175864938644928     
   7.62500000000000       2.022466224313849E-005 -0.175846656662157     
  0.175866881324400     
   7.65000000000000       2.128471811944011E-005 -0.175848480031448     
  0.175869764749568     
   7.67500000000000       2.108519363156994E-005 -0.175850329397923     
  0.175871414591555     
   7.70000000000000       2.116288394732190E-005 -0.175852101055148     
  0.175873263939096     
   7.72500000000000       2.129672225831572E-005 -0.175853893862816     
  0.175875190585075     
   7.75000000000000       2.026926554930062E-005 -0.175855637922828     
  0.175875907188378     
   7.77500000000000       2.069132032593892E-005 -0.175857352433970     
  0.175878043754296     
   7.80000000000000       2.063247376657773E-005 -0.175859044953225     
  0.175879677426992     
   7.82500000000000       2.073647587309782E-005 -0.175860712756231     
  0.175881449232104     
   7.85000000000000       2.077910594052181E-005 -0.175862356946425     
  0.175883136052366     
   7.87500000000000       2.084024037178704E-005 -0.175863977422298     
  0.175884817662670     
   7.90000000000000       2.089603443682745E-005 -0.175865574596139     
  0.175886470630576     
   7.92500000000000       2.095116353924335E-005 -0.175867149056094     
  0.175888100219633     
   7.95000000000000       2.100658401793416E-005 -0.175868700919005     
  0.175889707503023     
   7.97500000000000       2.012295318971168E-005 -0.175870336769987     
  0.175890459723177     
   8.00000000000000       2.058881641779609E-005 -0.175871692231345     
  0.175892281047762     
   8.02500000000000       2.137912462045850E-005 -0.175873207416532     
  0.175894586541153     
   8.05000000000000       2.116077093800964E-005 -0.175874679615192     
  0.175895840386130     
   8.07500000000000       2.129437155792938E-005 -0.175876128364924     
  0.175897422736482     
   8.10000000000000       2.230587820786191E-005 -0.175877529962705     
  0.175899835840913     
   8.12500000000000       2.210015070218491E-005 -0.175878963472067     
  0.175901063622769     
   8.15000000000000       2.116196247433201E-005 -0.175880350034924     
  0.175901511997399     
   8.17500000000000       2.153951158980127E-005 -0.175881713200723     
  0.175903252712313     
   8.20000000000000       2.147806826664313E-005 -0.175883060075387     
  0.175904538143654     
   8.22500000000000       2.155807918680519E-005 -0.175884387596235     
  0.175905945675422     
   8.25000000000000       2.158911525775471E-005 -0.175885696945435     
  0.175907286060693     
   8.27500000000000       2.163625726289295E-005 -0.175886988246336     
  0.175908624503599     
   8.30000000000000       2.167655799700516E-005 -0.175888261811569     
  0.175909938369566     
   8.32500000000000       2.369837721064738E-005 -0.175890248184475     
  0.175913946561686     
   8.35000000000000       2.468420157763757E-005 -0.175890413240805     
  0.175915097442383     
   8.37500000000000       2.115891017579946E-005 -0.175891840619846     
  0.175912999530022     
   8.40000000000000       2.221819613787559E-005 -0.175893100152870     
  0.175915318349008     
   8.42500000000000       2.185074689519425E-005 -0.175894316097044     
  0.175916166843939     
   8.45000000000000       2.198806061011276E-005 -0.175895502264140     
  0.175917490324750     
   8.47500000000000       2.197190963306525E-005 -0.175896667037311     
  0.175918638946945     
   8.50000000000000       2.201618513403798E-005 -0.175897813082744     
  0.175919829267878     
   8.52500000000000       2.204436419031861E-005 -0.175898941899427     
  0.175920986263617     
   8.55000000000000       2.207914758984520E-005 -0.175900054557875     
  0.175922133705465     
   8.57500000000000       2.211384140189872E-005 -0.175901151802392     
  0.175923265643794     
   8.60000000000000       2.314089785846111E-005 -0.175902209084121     
  0.175925349981979     
   8.62500000000000       2.291015418132648E-005 -0.175903304964766     
  0.175926215118947     
   8.65000000000000       2.196617311782304E-005 -0.175904359227500     
  0.175926325400618     
   8.67500000000000       2.232914442141775E-005 -0.175905396059009     
  0.175927725203430     
   8.70000000000000       2.225411739588463E-005 -0.175906421703363     
  0.175928675820759     
   8.72500000000000       2.232242041311249E-005 -0.175907433554786     
  0.175929755975199     
   8.75000000000000       2.234180960767603E-005 -0.175908432507167     
  0.175930774316774     
   8.77500000000000       2.237635939338658E-005 -0.175909418472026     
  0.175931794831420     
   8.80000000000000       2.240555207581002E-005 -0.175910391743764     
  0.175932797295840     
   8.82500000000000       2.149884525015826E-005 -0.175911458581354     
  0.175932957426604     
   8.85000000000000       2.194309081651004E-005 -0.175912254297989     
  0.175934197388806     
   8.87500000000000       2.271495288692567E-005 -0.175913218917661     
  0.175935933870548     
   8.90000000000000       2.247365425194982E-005 -0.175914149922019     
  0.175936623576271     
   8.92500000000000       2.258330956861981E-005 -0.175915066418084     
  0.175937649727652     
   8.95000000000000       2.357150505670183E-005 -0.175915944771638     
  0.175939516276695     
   8.97500000000000       2.334470822815972E-005 -0.175916863067703     
  0.175940207775931     
   9.00000000000000       2.238747878487583E-005 -0.175917743346229     
  0.175940130825014     
   9.02500000000000       2.274513291636320E-005 -0.175918608677438     
  0.175941353810355     
   9.05000000000000       2.266031236155255E-005 -0.175919465898100     
  0.175942126210462     
   9.07500000000000       2.272269112950021E-005 -0.175920311828311     
  0.175943034519440     
   9.10000000000000       2.273655348800559E-005 -0.175921147549763     
  0.175943884103251     
   9.12500000000000       2.276426653163722E-005 -0.175921973145440     
  0.175944737411972     
   9.15000000000000       2.278811441760405E-005 -0.175922788456605     
  0.175945576571023     
   9.17500000000000       2.281284022104474E-005 -0.175923593981066     
  0.175946406821287     
   9.20000000000000       2.283731557299281E-005 -0.175924389748517     
  0.175947227064090     
   9.22500000000000       2.385227383450341E-005 -0.175925150913622     
  0.175949003187456     
   9.25000000000000       2.361112315849735E-005 -0.175925955762134     
  0.175949566885292     
   9.27500000000000       2.265416745712963E-005 -0.175926724051027     
  0.175949378218484     
   9.30000000000000       2.300609872428925E-005 -0.175927479853925     
  0.175950485952649     
   9.32500000000000       2.292169481902692E-005 -0.175928229122320     
  0.175951150817139     
   9.35000000000000       2.297870307992401E-005 -0.175928969097154     
  0.175951947800234     
   9.37500000000000       2.398036516848258E-005 -0.175929675879569     
  0.175953656244737     
   9.40000000000000       2.374191661102979E-005 -0.175930427139661     
  0.175954169056272     
   9.42500000000000       2.278043920545954E-005 -0.175931142902485     
  0.175953923341690     
   9.45000000000000       2.313074743765369E-005 -0.175931846841057     
  0.175954977588494     
   9.47500000000000       2.304437360656576E-005 -0.175932545209958     
  0.175955589583565     
   9.50000000000000       2.309827189308545E-005 -0.175933235307828     
  0.175956333579721     
   9.52500000000000       2.310536031937504E-005 -0.175933917862178     
  0.175957023222497     
   9.55000000000000       2.313084308827248E-005 -0.175934592544980     
  0.175957723388068     
   9.57500000000000       2.314383830214900E-005 -0.175935259915926     
  0.175958403754229     
   9.60000000000000       2.316417166711065E-005 -0.175935919865642     
  0.175959084037309     
   9.62500000000000       2.318400591765132E-005 -0.175936572193223     
  0.175959756199141     
   9.65000000000000       2.320196157367573E-005 -0.175937217356398     
  0.175960419317972     
   9.67500000000000       2.228086268451079E-005 -0.175937961657470     
  0.175960242520155     
   9.70000000000000       2.271234094916310E-005 -0.175938440320488     
  0.175961152661437     
   9.72500000000000       2.347206199311342E-005 -0.175939093010230     
  0.175962565072223     
   9.75000000000000       2.321527386041791E-005 -0.175939717145359     
  0.175962932419219     
   9.77500000000000       2.430691341950803E-005 -0.175940307044981     
  0.175964613958400     
   9.80000000000000       2.402915151219696E-005 -0.175940941053680     
  0.175964970205192     
   9.82500000000000       2.406447593269759E-005 -0.175941516308544     
  0.175965580784476     
   9.85000000000000       2.414506379797495E-005 -0.175942133673476     
  0.175966278737274     
   9.87500000000000       2.307199158431276E-005 -0.175942720421500     
  0.175965792413084     
   9.90000000000000       2.344983880354245E-005 -0.175943296911252     
  0.175966746750056     
   9.92500000000000       2.240550955725705E-005 -0.175943976310750     
  0.175966381820307     
   9.95000000000000       2.287737455581423E-005 -0.175944390536037     
  0.175967267910593     
   9.97500000000000       2.362138411143454E-005 -0.175944980274027     
  0.175968601658138     
   10.0000000000000       2.242941051094128E-005 -0.175945648696749     
  0.175968078107260     
   10.0250000000000       2.294010218952281E-005 -0.175946050218900     
  0.175968990321089     
   10.0500000000000       2.366466257565585E-005 -0.175946624893551     
  0.175970289556127     
   10.0750000000000       2.341182679050193E-005 -0.175947171667339     
  0.175970583494129     
   10.1000000000000       2.350359758745455E-005 -0.175947710052796     
  0.175971213650384     
   10.1250000000000       2.348702239386533E-005 -0.175948240840701     
  0.175971727863095     
   10.1500000000000       2.350668027759550E-005 -0.175948765566248     
  0.175972272246526     
   10.1750000000000       2.351214607955801E-005 -0.175949284717219     
  0.175972796863298     
   10.2000000000000       2.352205747144527E-005 -0.175949798626146     
  0.175973320683617     
   10.2250000000000       2.353393758137649E-005 -0.175950307308425     
  0.175973841246007     
   10.2500000000000       2.354674416065547E-005 -0.175950811092134     
  0.175974357836295     
   10.2750000000000       2.355605993016591E-005 -0.175951310057935     
  0.175974866117865     
   10.3000000000000       2.356744500139136E-005 -0.175951804303816     
  0.175975371748818     
   10.3250000000000       2.357763622682136E-005 -0.175952293867517     
  0.175975871503744     
   10.3500000000000       2.358974351703081E-005 -0.175952778834526     
  0.175976368578043     
   10.3750000000000       2.360299379231626E-005 -0.175953259470135     
  0.175976862463927     
   10.4000000000000       2.361338400361251E-005 -0.175953735651887     
  0.175977349035890     
   10.4250000000000       2.362389138402956E-005 -0.175954207423419     
  0.175977831314803     
   10.4500000000000       2.363338474153997E-005 -0.175954675058535     
  0.175978308443276     
   10.4750000000000       2.364089525179656E-005 -0.175955138667135     
  0.175978779562387     
   10.5000000000000       2.271350845690498E-005 -0.175955703924838     
  0.175978417433295     
   10.5250000000000       2.313835741375130E-005 -0.175956006680341     
  0.175979145037754     
   10.5500000000000       2.295249244891400E-005 -0.175956592469745     
  0.175979544962194     
   10.5750000000000       2.310796676678327E-005 -0.175956893872089     
  0.175980001838855     
   10.6000000000000       2.394169083433006E-005 -0.175957369755767     
  0.175981311446601     
   10.6250000000000       2.364831292168238E-005 -0.175957817948506     
  0.175981466261428     
   10.6500000000000       2.374690152192923E-005 -0.175958259166705     
  0.175982006068227     
   10.6750000000000       2.371536285693561E-005 -0.175958694213265     
  0.175982409576122     
   10.7000000000000       2.472555428028152E-005 -0.175959100034566     
  0.175983825588847     
   10.7250000000000       2.645037935910920E-005 -0.175960284869497     
  0.175986735248856     
   10.7500000000000       2.641936021372347E-005 -0.175959633793907     
  0.175986053154121     
   10.7750000000000       2.318780005433805E-005 -0.175960255775343     
  0.175983443575397     
   10.8000000000000       2.410857030218368E-005 -0.175960725569455     
  0.175984834139757     
   10.8250000000000       2.374340217338886E-005 -0.175961164224501     
  0.175984907626674     
   10.8500000000000       2.384365823100231E-005 -0.175961586423011     
  0.175985430081243     
   10.8750000000000       2.286344933928721E-005 -0.175962105886291     
  0.175984969335631     
   10.9000000000000       2.428105896208211E-005 -0.175962335232813     
  0.175986616291775     
   10.9250000000000       2.476020825151694E-005 -0.175962793865237     
  0.175987554073488     
   10.9500000000000       2.351515101401830E-005 -0.175963199505448     
  0.175986714656463     
   10.9750000000000       2.392929690961248E-005 -0.175963594991014     
  0.175987524287923     
   11.0000000000000       2.285653763541052E-005 -0.175964093906681     
  0.175986950444316     
   11.0250000000000       2.332498873885793E-005 -0.175964329824307     
  0.175987654813046     
   11.0500000000000       2.405627111001739E-005 -0.175964743598300     
  0.175988799869410     
   11.0750000000000       2.379415054113700E-005 -0.175965132504714     
  0.175988926655255     
   11.1000000000000       2.388143417825683E-005 -0.175965515615721     
  0.175989397049899     
   11.1250000000000       2.385761760448564E-005 -0.175965893800903     
  0.175989751418507     
   11.1500000000000       2.386920525909033E-005 -0.175966268896283     
  0.175990138101542     
   11.1750000000000       2.387037960561187E-005 -0.175966640692882     
  0.175990511072487     
   11.2000000000000       2.387803399244617E-005 -0.175967009651812     
  0.175990887685804     
   11.2250000000000       2.388295069375831E-005 -0.175967375894409     
  0.175991258845103     
   11.2500000000000       2.389069697079766E-005 -0.175967739459230     
  0.175991630156200     
   11.2750000000000       2.389607461881040E-005 -0.175968100768276     
  0.175991996842895     
   11.3000000000000       2.389842733894224E-005 -0.175968459508732     
  0.175992357936071     
   11.3250000000000       2.390534338055344E-005 -0.175968815798454     
  0.175992721141834     
   11.3500000000000       2.391358136824135E-005 -0.175969169851027     
  0.175993083432394     
   11.3750000000000       2.391823313620521E-005 -0.175969521426551     
  0.175993439659687     
   11.4000000000000       2.298300029665965E-005 -0.175969976947120     
  0.175992959947416     
   11.4250000000000       2.340422141379079E-005 -0.175970171530561     
  0.175993575751975     
   11.4500000000000       2.415364221616606E-005 -0.175970544980560     
  0.175994698622776     
   11.4750000000000       2.388797137095731E-005 -0.175970894557740     
  0.175994782529110     
   11.5000000000000       2.397372045693179E-005 -0.175971239248057     
  0.175995212968514     
   11.5250000000000       2.394511238317138E-005 -0.175971579690163     
  0.175995524802546     
   11.5500000000000       2.495191301871554E-005 -0.175971892674636     
  0.175996844587655     
   11.5750000000000       2.469199228283531E-005 -0.175972255737278     
  0.175996947729560     
   11.6000000000000       2.371441256806880E-005 -0.175972589900336     
  0.175996304312904     
   11.6250000000000       2.404878311194664E-005 -0.175972918423764     
  0.175996967206876     
   11.6500000000000       2.394458873904720E-005 -0.175973247446542     
  0.175997192035281     
   11.6750000000000       2.398540190498865E-005 -0.175973574093165     
  0.175997559495070     
   11.7000000000000       2.397909255556118E-005 -0.175973899289170     
  0.175997878381726     
   11.7250000000000       2.398558373481475E-005 -0.175974222591134     
  0.175998208174869     
   11.7500000000000       2.399084926633915E-005 -0.175974544115652     
  0.175998534964918     
   11.7750000000000       2.399517388711847E-005 -0.175974864131674     
  0.175998859305561     
   11.8000000000000       2.399794371110621E-005 -0.175975182243386     
  0.175999180187097     
   11.8250000000000       2.400233115028388E-005 -0.175975498742861     
  0.175999501074012     
   11.8500000000000       2.400616781288583E-005 -0.175975813489382     
  0.175999819657195     
   11.8750000000000       2.500534986407088E-005 -0.175976101977090     
  0.176001107326954     
   11.9000000000000       2.573950248394801E-005 -0.175976416619562     
  0.176002156122045     
   11.9250000000000       2.450056623861268E-005 -0.175976755164010     
  0.176001255730249     
   11.9500000000000       2.385415414728435E-005 -0.175977061928978     
  0.176000916083125     
   11.9750000000000       2.407888875548635E-005 -0.175977366148686     
  0.176001445037442     
   12.0000000000000       2.307192058616711E-005 -0.175977777171519     
  0.176000849092105     
   12.0250000000000       2.351518302191390E-005 -0.175977927657532     
  0.176001442840554     
   12.0500000000000       2.425236483518738E-005 -0.175978258368710     
  0.176002510733545     
   12.0750000000000       2.399031902894802E-005 -0.175978565920341     
  0.176002556239370     
   12.1000000000000       2.407451039045282E-005 -0.175978869262321     
  0.176002943772712     
   12.1250000000000       2.404471070683112E-005 -0.175979169139133     
  0.176003213849840     
   12.1500000000000       2.405749449192061E-005 -0.175979467113193     
  0.176003524607685     
   12.1750000000000       2.405699103740185E-005 -0.175979763184583     
  0.176003820175620     
   12.2000000000000       2.405924764300708E-005 -0.175980057743787     
  0.176004116991430     
   12.2250000000000       2.405923610384256E-005 -0.175980350953115     
  0.176004410189219     
   12.2500000000000       2.406353176861546E-005 -0.175980642724966     
  0.176004706256735     
   12.2750000000000       2.406622153463451E-005 -0.175980933246635     
  0.176004999468170     
   12.3000000000000       2.406919273024075E-005 -0.175981222463305     
  0.176005291656035     
   12.3250000000000       2.407368700741211E-005 -0.175981510417529     
  0.176005584104536     
   12.3500000000000       2.407613668690634E-005 -0.175981797237925     
  0.176005873374612     
   12.3750000000000       2.407980596887505E-005 -0.175982082785439     
  0.176006162591408     
   12.4000000000000       2.408333446175527E-005 -0.175982367207694     
  0.176006450542156     
   12.4250000000000       2.408642086791168E-005 -0.175982650501691     
  0.176006736922559     
   12.4500000000000       2.408705787993998E-005 -0.175982932726052     
  0.176007019783932     
   12.4750000000000       2.408955023183308E-005 -0.175983213895443     
  0.176007303445674     
   12.5000000000000       2.409255752349847E-005 -0.175983493914270     
  0.176007586471793     
