  5.000000000000000E-003 -0.149477245054483     
  1.000000000000000E-002 -0.235732403055827     
  1.500000000000000E-002 -0.312146277293381     
  2.000000000000000E-002 -0.380425681951625     
  2.500000000000000E-002 -0.441687494979758     
  3.000000000000000E-002 -0.496792420242982     
  3.500000000000000E-002 -0.546460312188303     
  4.000000000000000E-002 -0.591313806435066     
  4.500000000000000E-002 -0.631898136892292     
  5.000000000000000E-002 -0.668692665366704     
  5.500000000000000E-002 -0.702119176967815     
  6.000000000000000E-002 -0.732548886800952     
  6.500000000000000E-002 -0.760308454699451     
  7.000000000000001E-002 -0.785686555482276     
  7.500000000000000E-002 -0.808931804213926     
  8.000000000000000E-002 -0.830275702449309     
  8.500000000000001E-002 -0.849908242118449     
  9.000000000000000E-002 -0.868007141785752     
  9.500000000000000E-002 -0.884725410199606     
  0.100000000000000      -0.900200092535826     
  0.105000000000000      -0.914553429095824     
  0.110000000000000      -0.927888733860455     
  0.115000000000000      -0.940309991559132     
  0.120000000000000      -0.951895945466752     
  0.125000000000000      -0.962727580859074     
  0.130000000000000      -0.972867736343961     
  0.135000000000000      -0.982386068518052     
  0.140000000000000      -0.991330673238921     
  0.145000000000000      -0.999753875134056     
  0.150000000000000       -1.00770162309563     
  0.155000000000000       -1.01521190384557     
  0.160000000000000       -1.02232047324626     
  0.165000000000000       -1.02906218702082     
  0.170000000000000       -1.03546816722464     
  0.175000000000000       -1.04156025272385     
  0.180000000000000       -1.04736802087355     
  0.185000000000000       -1.05291116915196     
  0.190000000000000       -1.05821086340743     
  0.195000000000000       -1.06328528945473     
  0.200000000000000       -1.06815141879940     
  0.205000000000000       -1.07282464122693     
  0.210000000000000       -1.07731840307357     
  0.215000000000000       -1.08164871736856     
  0.220000000000000       -1.08582170962432     
  0.225000000000000       -1.08985346784389     
  0.230000000000000       -1.09375134556493     
  0.235000000000000       -1.09752539428956     
  0.240000000000000       -1.10118376374875     
  0.245000000000000       -1.10473432482912     
  0.250000000000000       -1.10818422319376     
  0.255000000000000       -1.11154008242197     
  0.260000000000000       -1.11480802514468     
  0.265000000000000       -1.11799470550846     
  0.270000000000000       -1.12110092878194     
  0.275000000000000       -1.12413922428316     
  0.280000000000000       -1.12710835468087     
  0.285000000000000       -1.13001135073191     
  0.290000000000000       -1.13285866535299     
  0.295000000000000       -1.13564751136307     
  0.300000000000000       -1.13838441724335     
  0.305000000000000       -1.14107140360978     
  0.310000000000000       -1.14371173958514     
  0.315000000000000       -1.14630798352933     
  0.320000000000000       -1.14886268302020     
  0.325000000000000       -1.15137816964543     
  0.330000000000000       -1.15385662270920     
  0.335000000000000       -1.15630008340708     
  0.340000000000000       -1.15871045262045     
  0.345000000000000       -1.16108950483990     
  0.350000000000000       -1.16344357228872     
  0.355000000000000       -1.16575573244092     
  0.360000000000000       -1.16805661097231     
  0.365000000000000       -1.17032390225379     
  0.370000000000000       -1.17256995496820     
  0.375000000000000       -1.17479228459544     
  0.380000000000000       -1.17699324043884     
  0.385000000000000       -1.17917345746103     
  0.390000000000000       -1.18133407122322     
  0.395000000000000       -1.18347594555184     
  0.400000000000000       -1.18559997980827     
  0.405000000000000       -1.18770697415796     
  0.410000000000000       -1.18979770253117     
  0.415000000000000       -1.19187287929327     
  0.420000000000000       -1.19393318950671     
  0.425000000000000       -1.19597926323566     
  0.430000000000000       -1.19801169824330     
  0.435000000000000       -1.20003106952516     
  0.440000000000000       -1.20203788735320     
  0.445000000000000       -1.20403267221460     
  0.450000000000000       -1.20601587044755     
  0.455000000000000       -1.20798794283274     
  0.460000000000000       -1.20994929153020     
  0.465000000000000       -1.21190031651340     
  0.470000000000000       -1.21384138597568     
  0.475000000000000       -1.21577283716364     
  0.480000000000000       -1.21769501338670     
  0.485000000000000       -1.21960820817354     
  0.490000000000000       -1.22151271718319     
  0.495000000000000       -1.22340881821521     
  0.500000000000000       -1.22529676439082     
  0.505000000000000       -1.22717679179928     
  0.510000000000000       -1.22904914311340     
  0.515000000000000       -1.23091402055702     
  0.520000000000000       -1.23277164146725     
  0.525000000000000       -1.23462318440973     
  0.530000000000000       -1.23646443681390     
  0.535000000000000       -1.23830321139245     
  0.540000000000000       -1.24013295197654     
  0.545000000000000       -1.24195710719350     
  0.550000000000000       -1.24377470907996     
  0.555000000000000       -1.24558728083050     
  0.560000000000000       -1.24739039885846     
  0.565000000000000       -1.24919188086481     
  0.570000000000000       -1.25098511308537     
  0.575000000000000       -1.25277348624727     
  0.580000000000000       -1.25455601523797     
  0.585000000000000       -1.25633313777948     
  0.590000000000000       -1.25810585535193     
  0.595000000000000       -1.25986984324394     
  0.600000000000000       -1.26163284426035     
  0.605000000000000       -1.26338821911994     
  0.610000000000000       -1.26513930919488     
  0.615000000000000       -1.26688509560419     
  0.620000000000000       -1.26862599820679     
  0.625000000000000       -1.27036296448612     
  0.630000000000000       -1.27209166171139     
  0.635000000000000       -1.27381979489742     
  0.640000000000000       -1.27554070075986     
  0.645000000000000       -1.27725769102783     
  0.650000000000000       -1.27896973791358     
  0.655000000000000       -1.28067657296994     
  0.660000000000000       -1.28238118659942     
  0.665000000000000       -1.28407801590245     
  0.670000000000000       -1.28577222882970     
  0.675000000000000       -1.28746129083998     
  0.680000000000000       -1.28914607740575     
  0.685000000000000       -1.29082633227648     
  0.690000000000000       -1.29250318273098     
  0.695000000000000       -1.29417220351571     
  0.700000000000000       -1.29584107569235     
  0.705000000000000       -1.29750311910145     
  0.710000000000000       -1.29916161408154     
  0.715000000000000       -1.30081550985007     
  0.720000000000000       -1.30246516230681     
  0.725000000000000       -1.30411047655571     
  0.730000000000000       -1.30575150775173     
  0.735000000000000       -1.30738925929216     
  0.740000000000000       -1.30901932859061     
  0.745000000000000       -1.31064938779553     
  0.750000000000000       -1.31227273365511     
  0.755000000000000       -1.31389264862608     
  0.760000000000000       -1.31550806393859     
  0.765000000000000       -1.31711934497185     
  0.770000000000000       -1.31872637224717     
  0.775000000000000       -1.32032919988227     
  0.780000000000000       -1.32192781648535     
  0.785000000000000       -1.32352223410298     
  0.790000000000000       -1.32511246156999     
  0.795000000000000       -1.32669783913831     
  0.800000000000000       -1.32828145587402     
  0.805000000000000       -1.32985765824470     
  0.810000000000000       -1.33143163519914     
  0.815000000000000       -1.33300077125365     
  0.820000000000000       -1.33456596957643     
  0.825000000000000       -1.33612626886346     
  0.830000000000000       -1.33768484957968     
  0.835000000000000       -1.33923602502571     
  0.840000000000000       -1.34078600108408     
  0.845000000000000       -1.34232775485849     
  0.850000000000000       -1.34386981643674     
  0.855000000000000       -1.34540519346461     
  0.860000000000000       -1.34693725936467     
  0.865000000000000       -1.34846489117451     
  0.870000000000000       -1.34998847569217     
  0.875000000000000       -1.35150887437010     
  0.880000000000000       -1.35302174372392     
  0.885000000000000       -1.35453470084557     
  0.890000000000000       -1.35604106190925     
  0.895000000000000       -1.35754409425333     
  0.900000000000000       -1.35904271463114     
  0.905000000000000       -1.36053728785445     
  0.910000000000000       -1.36202769244737     
  0.915000000000000       -1.36351397241219     
  0.920000000000000       -1.36499712149720     
  0.925000000000000       -1.36647272367652     
  0.930000000000000       -1.36794845205330     
  0.935000000000000       -1.36941758128554     
  0.940000000000000       -1.37088340443575     
  0.945000000000000       -1.37234482595221     
  0.950000000000000       -1.37380221529801     
  0.955000000000000       -1.37525545165643     
  0.960000000000000       -1.37670457383646     
  0.965000000000000       -1.37815059004134     
  0.970000000000000       -1.37958906968159     
  0.975000000000000       -1.38102768915191     
  0.980000000000000       -1.38245973702405     
  0.985000000000000       -1.38388848872160     
  0.990000000000000       -1.38531286159735     
  0.995000000000000       -1.38673322360419     
   1.00000000000000       -1.38814944453760     
   1.00500000000000       -1.38956158539112     
   1.01000000000000       -1.39096962272095     
   1.01500000000000       -1.39237457127559     
   1.02000000000000       -1.39377202457663     
   1.02500000000000       -1.39517065306833     
   1.03000000000000       -1.39655931069443     
   1.03500000000000       -1.39794896900207     
   1.04000000000000       -1.39933180800924     
   1.04500000000000       -1.40071148503700     
   1.05000000000000       -1.40208678820741     
   1.05500000000000       -1.40345913602232     
   1.06000000000000       -1.40482397365384     
   1.06500000000000       -1.40618901927653     
   1.07000000000000       -1.40754753891975     
   1.07500000000000       -1.40890283190210     
   1.08000000000000       -1.41025315504517     
   1.08500000000000       -1.41160195462616     
   1.09000000000000       -1.41294343734163     
   1.09500000000000       -1.41428286528806     
   1.10000000000000       -1.41561759724699     
   1.10500000000000       -1.41694853229036     
   1.11000000000000       -1.41827537421964     
   1.11500000000000       -1.41959924202634     
   1.12000000000000       -1.42091567373305     
   1.12500000000000       -1.42223236917817     
   1.13000000000000       -1.42354259598865     
   1.13500000000000       -1.42484965750642     
   1.14000000000000       -1.42615245167134     
   1.14500000000000       -1.42745136751132     
   1.15000000000000       -1.42874626851091     
   1.15500000000000       -1.43003722227523     
   1.16000000000000       -1.43132419835985     
   1.16500000000000       -1.43260722683791     
   1.17000000000000       -1.43388630578436     
   1.17500000000000       -1.43516143564660     
   1.18000000000000       -1.43643263088982     
   1.18500000000000       -1.43769989374128     
   1.19000000000000       -1.43896323247055     
   1.19500000000000       -1.44022265366531     
   1.20000000000000       -1.44147816352495     
   1.20500000000000       -1.44272976754614     
   1.21000000000000       -1.44398217381642     
   1.21500000000000       -1.44521679369317     
   1.22000000000000       -1.44646297156169     
   1.22500000000000       -1.44769691417268     
   1.23000000000000       -1.44893079221954     
   1.23500000000000       -1.45015644501094     
   1.24000000000000       -1.45138283734778     
   1.24500000000000       -1.45260279381808     
   1.25000000000000       -1.45381977489949     
   1.25500000000000       -1.45503263893432     
   1.26000000000000       -1.45624177198872     
   1.26500000000000       -1.45744705195672     
   1.27000000000000       -1.45864854260864     
   1.27500000000000       -1.45984621676650     
   1.28000000000000       -1.46104011034037     
   1.28500000000000       -1.46223019805862     
   1.29000000000000       -1.46341652502001     
   1.29500000000000       -1.46459907301027     
   1.30000000000000       -1.46577785956102     
   1.30500000000000       -1.46695288819521     
   1.31000000000000       -1.46812417253159     
   1.31500000000000       -1.46929172137663     
   1.32000000000000       -1.47045553166117     
   1.32500000000000       -1.47161562402188     
   1.33000000000000       -1.47277200247351     
   1.33500000000000       -1.47392467893863     
   1.34000000000000       -1.47507364873475     
   1.34500000000000       -1.47621893868297     
   1.35000000000000       -1.47736054380793     
   1.35500000000000       -1.47849847973958     
   1.36000000000000       -1.47963274893146     
   1.36500000000000       -1.48076336616429     
   1.37000000000000       -1.48189033855180     
   1.37500000000000       -1.48301366959317     
   1.38000000000000       -1.48413338041296     
   1.38500000000000       -1.48524945754989     
   1.39000000000000       -1.48636194108919     
   1.39500000000000       -1.48747080664933     
   1.40000000000000       -1.48857608873113     
   1.40500000000000       -1.48967778508325     
   1.41000000000000       -1.49077589958836     
   1.41500000000000       -1.49187045861540     
   1.42000000000000       -1.49296145194329     
   1.42500000000000       -1.49404890151804     
   1.43000000000000       -1.49513280678144     
   1.43500000000000       -1.49621318751029     
   1.44000000000000       -1.49729004252862     
   1.44500000000000       -1.49836338960013     
   1.45000000000000       -1.49943322950881     
   1.45500000000000       -1.50049957785883     
   1.46000000000000       -1.50156345853821     
   1.46500000000000       -1.50261977861728     
   1.47000000000000       -1.50367933987899     
   1.47500000000000       -1.50472971801156     
   1.48000000000000       -1.50577942724152     
   1.48500000000000       -1.50682477059506     
   1.49000000000000       -1.50786699616979     
   1.49500000000000       -1.50890570654951     
   1.50000000000000       -1.50994102260220     
   1.50500000000000       -1.51097395759897     
   1.51000000000000       -1.51200006060443     
   1.51500000000000       -1.51302707231777     
   1.52000000000000       -1.51404821735499     
   1.52500000000000       -1.51506784702694     
   1.53000000000000       -1.51608041341062     
   1.53500000000000       -1.51709400585649     
   1.54000000000000       -1.51810174432475     
   1.54500000000000       -1.51910700431184     
   1.55000000000000       -1.52010865835099     
   1.55500000000000       -1.52110710313109     
   1.56000000000000       -1.52210221869438     
   1.56500000000000       -1.52309405368382     
   1.57000000000000       -1.52408195715319     
   1.57500000000000       -1.52506902013257     
   1.58000000000000       -1.52604956940481     
   1.58500000000000       -1.52702883343315     
   1.59000000000000       -1.52800419588622     
   1.59500000000000       -1.52897655012886     
   1.60000000000000       -1.52994559987374     
   1.60500000000000       -1.53091147166782     
   1.61000000000000       -1.53187412381091     
   1.61500000000000       -1.53283358645355     
   1.62000000000000       -1.53378986398089     
   1.62500000000000       -1.53474296416296     
   1.63000000000000       -1.53569290292759     
   1.63500000000000       -1.53663967641246     
   1.64000000000000       -1.53758331194318     
   1.64500000000000       -1.53852380833044     
   1.65000000000000       -1.53946116316087     
   1.65500000000000       -1.54039541422329     
   1.66000000000000       -1.54132654875373     
   1.66500000000000       -1.54225458300179     
   1.67000000000000       -1.54317952314243     
   1.67500000000000       -1.54410138551700     
   1.68000000000000       -1.54502017318531     
   1.68500000000000       -1.54593589962987     
   1.69000000000000       -1.54684791762326     
   1.69500000000000       -1.54775933017258     
   1.70000000000000       -1.54866444593134     
   1.70500000000000       -1.54956849933593     
   1.71000000000000       -1.55046888211740     
   1.71500000000000       -1.55136647584302     
   1.72000000000000       -1.55226099908838     
   1.72500000000000       -1.55315255371833     
   1.73000000000000       -1.55404112932364     
   1.73500000000000       -1.55492672507215     
   1.74000000000000       -1.55580936987365     
   1.74500000000000       -1.55668905572851     
   1.75000000000000       -1.55756580577033     
   1.75500000000000       -1.55843961601841     
   1.76000000000000       -1.55931050614409     
   1.76500000000000       -1.56017783135620     
   1.77000000000000       -1.56104467310612     
   1.77500000000000       -1.56190537821178     
   1.78000000000000       -1.56276514178558     
   1.78500000000000       -1.56362138126195     
   1.79000000000000       -1.56447496540759     
   1.79500000000000       -1.56532496289908     
   1.80000000000000       -1.56617457152989     
   1.80500000000000       -1.56701807155153     
   1.81000000000000       -1.56786172236474     
   1.81500000000000       -1.56869844780572     
   1.82000000000000       -1.56953687242925     
   1.82500000000000       -1.57036992307941     
   1.83000000000000       -1.57120103884293     
   1.83500000000000       -1.57202906942305     
   1.84000000000000       -1.57285442401468     
   1.84500000000000       -1.57367697327084     
   1.85000000000000       -1.57449677255519     
   1.85500000000000       -1.57531482955148     
   1.86000000000000       -1.57612670159386     
   1.86500000000000       -1.57694013336662     
   1.87000000000000       -1.57774833498674     
   1.87500000000000       -1.57855466840096     
   1.88000000000000       -1.57935800102814     
   1.88500000000000       -1.58015975400166     
   1.89000000000000       -1.58095533017054     
   1.89500000000000       -1.58175356331644     
   1.90000000000000       -1.58254316468105     
   1.90500000000000       -1.58333523256784     
   1.91000000000000       -1.58412187644354     
   1.91500000000000       -1.58490679596203     
   1.92000000000000       -1.58568875610576     
   1.92500000000000       -1.58646819926547     
   1.93000000000000       -1.58724497917824     
   1.93500000000000       -1.58801915267496     
   1.94000000000000       -1.58879072003726     
   1.94500000000000       -1.58956071634653     
   1.95000000000000       -1.59032467349393     
   1.95500000000000       -1.59109034421754     
   1.96000000000000       -1.59185096089964     
   1.96500000000000       -1.59260983297299     
   1.97000000000000       -1.59336587905407     
   1.97500000000000       -1.59411947471704     
   1.98000000000000       -1.59487049009357     
   1.98500000000000       -1.59561833828579     
   1.99000000000000       -1.59636609213798     
   1.99500000000000       -1.59710807537246     
   2.00000000000000       -1.59784951997464     
   2.00500000000000       -1.59858780911850     
   2.01000000000000       -1.59932383477477     
   2.01500000000000       -1.60005730387150     
   2.02000000000000       -1.60078832771963     
   2.02500000000000       -1.60151688463140     
   2.03000000000000       -1.60224298368960     
   2.03500000000000       -1.60296663795177     
   2.04000000000000       -1.60368784392720     
   2.04500000000000       -1.60440662261544     
   2.05000000000000       -1.60512297407418     
   2.05500000000000       -1.60583690605397     
   2.06000000000000       -1.60654843453900     
   2.06500000000000       -1.60725754949635     
   2.07000000000000       -1.60796531291005     
   2.07500000000000       -1.60866723265907     
   2.08000000000000       -1.60937108986682     
   2.08500000000000       -1.61007007978296     
   2.09000000000000       -1.61076754847208     
   2.09500000000000       -1.61146238427303     
   2.10000000000000       -1.61215496979411     
   2.10500000000000       -1.61284518337548     
   2.11000000000000       -1.61353409275731     
   2.11500000000000       -1.61421722921328     
   2.12000000000000       -1.61490234334027     
   2.12500000000000       -1.61558265943974     
   2.13000000000000       -1.61626150603720     
   2.13500000000000       -1.61693779124755     
   2.14000000000000       -1.61761189047583     
   2.14500000000000       -1.61828368713136     
   2.15000000000000       -1.61895323599883     
   2.15500000000000       -1.61962154537455     
   2.16000000000000       -1.62028415849220     
   2.16500000000000       -1.62094881349248     
   2.17000000000000       -1.62160874524927     
   2.17500000000000       -1.62226726046380     
   2.18000000000000       -1.62292262298819     
   2.18500000000000       -1.62357828266373     
   2.19000000000000       -1.62422845409568     
   2.19500000000000       -1.62487839035001     
   2.20000000000000       -1.62552548202277     
   2.20500000000000       -1.62617061981295     
   2.21000000000000       -1.62681351549223     
   2.21500000000000       -1.62745427773349     
   2.22000000000000       -1.62809288216893     
   2.22500000000000       -1.62872932368374     
   2.23000000000000       -1.62936362458006     
   2.23500000000000       -1.62999678266433     
   2.24000000000000       -1.63062435561081     
   2.24500000000000       -1.63125342159480     
   2.25000000000000       -1.63187964882660     
   2.25500000000000       -1.63250376878271     
   2.26000000000000       -1.63312420796452     
   2.26500000000000       -1.63374395264230     
   2.27000000000000       -1.63436116563041     
   2.27500000000000       -1.63497646804234     
   2.28000000000000       -1.63558965419827     
   2.28500000000000       -1.63620081116462     
   2.29000000000000       -1.63680989988471     
   2.29500000000000       -1.63741693543345     
   2.30000000000000       -1.63802188941269     
   2.30500000000000       -1.63862478517286     
   2.31000000000000       -1.63922561045907     
   2.31500000000000       -1.63982438320405     
   2.32000000000000       -1.64042111982927     
   2.32500000000000       -1.64101584332539     
   2.33000000000000       -1.64160857510499     
   2.33500000000000       -1.64219933749233     
   2.34000000000000       -1.64278813965943     
   2.34500000000000       -1.64337499389792     
   2.35000000000000       -1.64395989836005     
   2.35500000000000       -1.64454283378375     
   2.36000000000000       -1.64512480510365     
   2.36500000000000       -1.64570068713361     
   2.37000000000000       -1.64628130265714     
   2.37500000000000       -1.64685415675114     
   2.38000000000000       -1.64742782293227     
   2.38500000000000       -1.64799859079557     
   2.39000000000000       -1.64856774436603     
   2.39500000000000       -1.64913489929961     
   2.40000000000000       -1.64970023618290     
   2.40500000000000       -1.65026372314788     
   2.41000000000000       -1.65082472481362     
   2.41500000000000       -1.65138632502566     
   2.42000000000000       -1.65194213693602     
   2.42500000000000       -1.65249979794626     
   2.43000000000000       -1.65305404303651     
   2.43500000000000       -1.65360524195470     
   2.44000000000000       -1.65415572639960     
   2.44500000000000       -1.65470384768634     
   2.45000000000000       -1.65525020392224     
   2.45500000000000       -1.65579467406792     
   2.46000000000000       -1.65633737339289     
   2.46500000000000       -1.65687834103782     
   2.47000000000000       -1.65741761312867     
   2.47500000000000       -1.65795519513658     
   2.48000000000000       -1.65849105577427     
   2.48500000000000       -1.65902515682445     
   2.49000000000000       -1.65955740647619     
   2.49500000000000       -1.66008776127162     
   2.50000000000000       -1.66061616151502     
   2.52500000000000       -1.66321285766523     
   2.55000000000000       -1.66577941406164     
   2.57500000000000       -1.66830221643453     
   2.60000000000000       -1.67078211439535     
   2.62500000000000       -1.67322038493079     
   2.65000000000000       -1.67561817688394     
   2.67500000000000       -1.67797588576834     
   2.70000000000000       -1.68029403813152     
   2.72500000000000       -1.68257346197421     
   2.75000000000000       -1.68481482618767     
   2.77500000000000       -1.68701871106673     
   2.80000000000000       -1.68918574375040     
   2.82500000000000       -1.69131658121528     
   2.85000000000000       -1.69341183185487     
   2.87500000000000       -1.69547158977194     
   2.90000000000000       -1.69749905933677     
   2.92500000000000       -1.69948961084214     
   2.95000000000000       -1.70144886521906     
   2.97500000000000       -1.70337576470813     
   3.00000000000000       -1.70526732241126     
   3.02500000000000       -1.70713149447876     
   3.05000000000000       -1.70896805247032     
   3.07500000000000       -1.71075853771662     
   3.10000000000000       -1.71253548621459     
   3.12500000000000       -1.71427447464777     
   3.15000000000000       -1.71598721679912     
   3.17500000000000       -1.71767048696871     
   3.20000000000000       -1.71932599010439     
   3.22500000000000       -1.72095380177436     
   3.25000000000000       -1.72255450103071     
   3.27500000000000       -1.72412850731227     
   3.30000000000000       -1.72567628312452     
   3.32500000000000       -1.72719825775888     
   3.35000000000000       -1.72869486657922     
   3.37500000000000       -1.73016652738356     
   3.40000000000000       -1.73161367618903     
   3.42500000000000       -1.73303669606225     
   3.45000000000000       -1.73443600992337     
   3.47500000000000       -1.73581201815325     
   3.50000000000000       -1.73716508902435     
   3.52500000000000       -1.73849662027192     
   3.55000000000000       -1.73980258401487     
   3.57500000000000       -1.74109103294114     
   3.60000000000000       -1.74235555958335     
   3.62500000000000       -1.74359984459191     
   3.65000000000000       -1.74482313587223     
   3.67500000000000       -1.74602613936161     
   3.70000000000000       -1.74720908834996     
   3.72500000000000       -1.74837234631583     
   3.75000000000000       -1.74951723060741     
   3.77500000000000       -1.75063965579817     
   3.80000000000000       -1.75174764270678     
   3.82500000000000       -1.75283471976062     
   3.85000000000000       -1.75390451741514     
   3.87500000000000       -1.75495623422729     
   3.90000000000000       -1.75599053029912     
   3.92500000000000       -1.75700758842849     
   3.95000000000000       -1.75800771674027     
   3.97500000000000       -1.75899120620984     
   4.00000000000000       -1.75995831645357     
   4.02500000000000       -1.76090933375718     
   4.05000000000000       -1.76184453057208     
   4.07500000000000       -1.76276415128960     
   4.10000000000000       -1.76366847808798     
   4.12500000000000       -1.76455725155188     
   4.15000000000000       -1.76543337449723     
   4.17500000000000       -1.76629181492918     
   4.20000000000000       -1.76713791948984     
   4.22500000000000       -1.76796929043052     
   4.25000000000000       -1.76878703404795     
   4.27500000000000       -1.76959112300355     
   4.30000000000000       -1.77038183770595     
   4.32500000000000       -1.77115939294889     
   4.35000000000000       -1.77192400848213     
   4.37500000000000       -1.77267590306845     
   4.40000000000000       -1.77341529392199     
   4.42500000000000       -1.77414236961161     
   4.45000000000000       -1.77485735580846     
   4.47500000000000       -1.77556044480003     
   4.50000000000000       -1.77625182484253     
   4.52500000000000       -1.77693171200976     
   4.55000000000000       -1.77760028045210     
   4.57500000000000       -1.77825772221826     
   4.60000000000000       -1.77890422985077     
   4.62500000000000       -1.77953997080637     
   4.65000000000000       -1.78016514477341     
   4.67500000000000       -1.78078090028311     
   4.70000000000000       -1.78138302331750     
   4.72500000000000       -1.78197936834818     
   4.75000000000000       -1.78256332689499     
   4.77500000000000       -1.78313838430881     
   4.80000000000000       -1.78370460451706     
   4.82500000000000       -1.78425808085964     
   4.85000000000000       -1.78480657906746     
   4.87500000000000       -1.78534348329182     
   4.90000000000000       -1.78587326962293     
   4.92500000000000       -1.78639056556337     
   4.95000000000000       -1.78690359712372     
   4.97500000000000       -1.78740558605381     
   5.00000000000000       -1.78790004666711     
   5.02500000000000       -1.78838601201985     
   5.05000000000000       -1.78886496489111     
   5.07500000000000       -1.78933352052693     
   5.10000000000000       -1.78979513286093     
   5.12500000000000       -1.79025084893052     
   5.15000000000000       -1.79069732374219     
   5.17500000000000       -1.79113690796822     
   5.20000000000000       -1.79156900056535     
   5.22500000000000       -1.79199394222391     
   5.25000000000000       -1.79241180301569     
   5.27500000000000       -1.79282269963847     
   5.30000000000000       -1.79322675384750     
   5.32500000000000       -1.79362407756403     
   5.35000000000000       -1.79401478192341     
   5.37500000000000       -1.79439897741156     
   5.40000000000000       -1.79477677353068     
   5.42500000000000       -1.79514827794046     
   5.45000000000000       -1.79551358238824     
   5.47500000000000       -1.79587280610747     
   5.50000000000000       -1.79622604640168     
   5.52500000000000       -1.79657339033255     
   5.55000000000000       -1.79691595407022     
   5.57500000000000       -1.79724940198056     
   5.60000000000000       -1.79758154675821     
   5.62500000000000       -1.79790568436135     
   5.65000000000000       -1.79822523687418     
   5.67500000000000       -1.79853919743952     
   5.70000000000000       -1.79884799755541     
   5.72500000000000       -1.79915162860626     
   5.75000000000000       -1.79945020512718     
   5.77500000000000       -1.79974479045833     
   5.80000000000000       -1.80003106907756     
   5.82500000000000       -1.80031682395078     
   5.85000000000000       -1.80059533288526     
   5.87500000000000       -1.80087003449816     
   5.90000000000000       -1.80113985875511     
   5.92500000000000       -1.80140528102060     
   5.95000000000000       -1.80166724129299     
   5.97500000000000       -1.80192143009443     
   6.00000000000000       -1.80217563458465     
   6.02500000000000       -1.80242312013447     
   6.05000000000000       -1.80266729967695     
   6.07500000000000       -1.80290712011810     
   6.10000000000000       -1.80314303111810     
   6.12500000000000       -1.80337447181022     
   6.15000000000000       -1.80360419328552     
   6.17500000000000       -1.80382696641460     
   6.20000000000000       -1.80404797047692     
   6.22500000000000       -1.80426462112253     
   6.25000000000000       -1.80447787173814     
   6.27500000000000       -1.80468748826062     
   6.30000000000000       -1.80489361304451     
   6.32500000000000       -1.80509629589417     
   6.35000000000000       -1.80529558169029     
   6.37500000000000       -1.80549153689430     
   6.40000000000000       -1.80568421478576     
   6.42500000000000       -1.80587365830416     
   6.45000000000000       -1.80605994478797     
   6.47500000000000       -1.80624310468690     
   6.50000000000000       -1.80642319734622     
   6.52500000000000       -1.80660027349882     
   6.55000000000000       -1.80677438963672     
   6.57500000000000       -1.80694558139823     
   6.60000000000000       -1.80711490800958     
   6.62500000000000       -1.80727799407931     
   6.65000000000000       -1.80744260632880     
   6.67500000000000       -1.80760198452512     
   6.70000000000000       -1.80775950634251     
   6.72500000000000       -1.80791412007098     
   6.75000000000000       -1.80806622843973     
   6.77500000000000       -1.80821575659428     
   6.80000000000000       -1.80836277795645     
   6.82500000000000       -1.80850684178619     
   6.85000000000000       -1.80865061165724     
   6.87500000000000       -1.80878887923761     
   6.90000000000000       -1.80892675910907     
   6.92500000000000       -1.80906167304598     
   6.95000000000000       -1.80919454101596     
   6.97500000000000       -1.80932509911059     
   7.00000000000000       -1.80945349067934     
   7.02500000000000       -1.80957970858913     
   7.05000000000000       -1.80970381338397     
   7.07500000000000       -1.80982583005281     
   7.10000000000000       -1.80994578394212     
   7.12500000000000       -1.81006372547337     
   7.15000000000000       -1.81018067698559     
   7.17500000000000       -1.81029226343019     
   7.20000000000000       -1.81040621583863     
   7.22500000000000       -1.81051578178958     
   7.25000000000000       -1.81062432320348     
   7.27500000000000       -1.81073075764033     
   7.30000000000000       -1.81083548494563     
   7.32500000000000       -1.81093842540505     
   7.35000000000000       -1.81103962323810     
   7.37500000000000       -1.81113911785145     
   7.40000000000000       -1.81123692876035     
   7.42500000000000       -1.81133308863656     
   7.45000000000000       -1.81142762466024     
   7.47500000000000       -1.81152055361830     
   7.50000000000000       -1.81161192158563     
   7.52500000000000       -1.81170173413362     
   7.55000000000000       -1.81179002889019     
   7.57500000000000       -1.81187683509606     
   7.60000000000000       -1.81196215871702     
   7.62500000000000       -1.81204604626758     
   7.65000000000000       -1.81212950428245     
   7.67500000000000       -1.81220815018994     
   7.70000000000000       -1.81229072088442     
   7.72500000000000       -1.81236600908603     
   7.75000000000000       -1.81244509683067     
   7.77500000000000       -1.81252009857263     
   7.80000000000000       -1.81259474547096     
   7.82500000000000       -1.81266780858510     
   7.85000000000000       -1.81273973022237     
   7.87500000000000       -1.81281040183841     
   7.90000000000000       -1.81287987233589     
   7.92500000000000       -1.81294816139603     
   7.95000000000000       -1.81301528466755     
   7.97500000000000       -1.81308077227604     
   8.00000000000000       -1.81314726744414     
   8.02500000000000       -1.81320953558641     
   8.05000000000000       -1.81327268745616     
   8.07500000000000       -1.81333410086588     
   8.10000000000000       -1.81339568926313     
   8.12500000000000       -1.81345274435874     
   8.15000000000000       -1.81351310769728     
   8.17500000000000       -1.81356995939972     
   8.20000000000000       -1.81362665857060     
   8.22500000000000       -1.81368211089430     
   8.25000000000000       -1.81373670703016     
   8.27500000000000       -1.81379033178462     
   8.30000000000000       -1.81384304777457     
   8.32500000000000       -1.81390083065652     
   8.35000000000000       -1.81394131412200     
   8.37500000000000       -1.81399772118811     
   8.40000000000000       -1.81404476021631     
   8.42500000000000       -1.81409375906180     
   8.45000000000000       -1.81414099750232     
   8.47500000000000       -1.81418773769160     
   8.50000000000000       -1.81423356966845     
   8.52500000000000       -1.81427864767201     
   8.55000000000000       -1.81432293557116     
   8.57500000000000       -1.81436646571012     
   8.60000000000000       -1.81441023428931     
   8.62500000000000       -1.81444985425498     
   8.65000000000000       -1.81449303627942     
   8.67500000000000       -1.81453299866728     
   8.70000000000000       -1.81457309011093     
   8.72500000000000       -1.81461220871800     
   8.75000000000000       -1.81465074075915     
   8.77500000000000       -1.81468856722244     
   8.80000000000000       -1.81472574924526     
   8.82500000000000       -1.81476178245992     
   8.85000000000000       -1.81479931912243     
   8.87500000000000       -1.81483310107170     
   8.90000000000000       -1.81486823817770     
   8.92500000000000       -1.81490210467566     
   8.95000000000000       -1.81493660113920     
   8.97500000000000       -1.81496701330804     
   9.00000000000000       -1.81500117556442     
   9.02500000000000       -1.81503225603835     
   9.05000000000000       -1.81506361218174     
   9.07500000000000       -1.81509414934658     
   9.10000000000000       -1.81512422841533     
   9.12500000000000       -1.81515375461511     
   9.15000000000000       -1.81518276312057     
   9.17500000000000       -1.81521125801969     
   9.20000000000000       -1.81523924662583     
   9.22500000000000       -1.81526773766389     
   9.25000000000000       -1.81529232566632     
   9.27500000000000       -1.81532072701038     
   9.30000000000000       -1.81534615482262     
   9.32500000000000       -1.81537194949282     
   9.35000000000000       -1.81539700687487     
   9.37500000000000       -1.81542271363185     
   9.40000000000000       -1.81544452300326     
   9.42500000000000       -1.81547021071472     
   9.45000000000000       -1.81549295933230     
   9.47500000000000       -1.81551612717609     
   9.50000000000000       -1.81553859145313     
   9.52500000000000       -1.81556076178563     
   9.55000000000000       -1.81558247987279     
   9.57500000000000       -1.81560382793832     
   9.60000000000000       -1.81562478548424     
   9.62500000000000       -1.81564535794730     
   9.65000000000000       -1.81566556002665     
   9.67500000000000       -1.81568489980546     
   9.70000000000000       -1.81570601891858     
   9.72500000000000       -1.81572365400886     
   9.75000000000000       -1.81574290875247     
   9.77500000000000       -1.81576216795459     
   9.80000000000000       -1.81577787738354     
   9.82500000000000       -1.81579849351077     
   9.85000000000000       -1.81581287531518     
   9.87500000000000       -1.81583206090053     
   9.90000000000000       -1.81584815092601     
   9.92500000000000       -1.81586436739946     
   9.95000000000000       -1.81588210346825     
   9.97500000000000       -1.81589651523678     
   10.0000000000000       -1.81591207554439     
   10.0250000000000       -1.81592883945769     
   10.0500000000000       -1.81594239497536     
   10.0750000000000       -1.81595758331985     
   10.1000000000000       -1.81597185075635     
   10.1250000000000       -1.81598606336773     
   10.1500000000000       -1.81599993209951     
   10.1750000000000       -1.81601356847147     
   10.2000000000000       -1.81602693419577     
   10.2250000000000       -1.81604005616497     
   10.2500000000000       -1.81605291553408     
   10.2750000000000       -1.81606553738860     
   10.3000000000000       -1.81607791375338     
   10.3250000000000       -1.81609005182308     
   10.3500000000000       -1.81610195919427     
   10.3750000000000       -1.81611363143816     
   10.4000000000000       -1.81612507778742     
   10.4250000000000       -1.81613630371913     
   10.4500000000000       -1.81614730642916     
   10.4750000000000       -1.81615809699575     
   10.5000000000000       -1.81616818558880     
   10.5250000000000       -1.81618019763938     
   10.5500000000000       -1.81618839364891     
   10.5750000000000       -1.81620049196972     
   10.6000000000000       -1.81620860669478     
   10.6250000000000       -1.81621871845751     
   10.6500000000000       -1.81622790637004     
   10.6750000000000       -1.81623714517658     
   10.7000000000000       -1.81624713884835     
   10.7250000000000       -1.81625951545951     
   10.7500000000000       -1.81625959316732     
   10.7750000000000       -1.81627381204319     
   10.8000000000000       -1.81628016396517     
   10.8250000000000       -1.81628888893146     
   10.8500000000000       -1.81629661110219     
   10.8750000000000       -1.81630395270699     
   10.9000000000000       -1.81631419553600     
   10.9250000000000       -1.81631775963827     
   10.9500000000000       -1.81632743299770     
   10.9750000000000       -1.81633378504255     
   11.0000000000000       -1.81634055881814     
   11.0250000000000       -1.81634896413482     
   11.0500000000000       -1.81635421438135     
   11.0750000000000       -1.81636125766161     
   11.1000000000000       -1.81636751150192     
   11.1250000000000       -1.81637383856753     
   11.1500000000000       -1.81637995959632     
   11.1750000000000       -1.81638597320464     
   11.2000000000000       -1.81639184404921     
   11.2250000000000       -1.81639758621801     
   11.2500000000000       -1.81640320475349     
   11.2750000000000       -1.81640868684317     
   11.3000000000000       -1.81641405494291     
   11.3250000000000       -1.81641929833595     
   11.3500000000000       -1.81642442094516     
   11.3750000000000       -1.81642942066295     
   11.4000000000000       -1.81643381982323     
   11.4250000000000       -1.81644024029180     
   11.4500000000000       -1.81644342128062     
   11.4750000000000       -1.81644846196067     
   11.5000000000000       -1.81645273476155     
   11.5250000000000       -1.81645711951387     
   11.5500000000000       -1.81646233538535     
   11.5750000000000       -1.81646404150262     
   11.6000000000000       -1.81646994381082     
   11.6250000000000       -1.81647324586086     
   11.6500000000000       -1.81647727563195     
   11.6750000000000       -1.81648094063009     
   11.7000000000000       -1.81648459422065     
   11.7250000000000       -1.81648812762799     
   11.7500000000000       -1.81649158269751     
   11.7750000000000       -1.81649493284422     
   11.8000000000000       -1.81649820861039     
   11.8250000000000       -1.81650138472366     
   11.8500000000000       -1.81650448525955     
   11.8750000000000       -1.81650849514305     
   11.9000000000000       -1.81651000475242     
   11.9250000000000       -1.81651230968255     
   11.9500000000000       -1.81651633156878     
   11.9750000000000       -1.81651859840493     
   12.0000000000000       -1.81652085707280     
   12.0250000000000       -1.81652498757581     
   12.0500000000000       -1.81652598021205     
   12.0750000000000       -1.81652885237625     
   12.1000000000000       -1.81653098754865     
   12.1250000000000       -1.81653328105879     
   12.1500000000000       -1.81653542650588     
   12.1750000000000       -1.81653752866859     
   12.2000000000000       -1.81653955323269     
   12.2250000000000       -1.81654151648244     
   12.2500000000000       -1.81654341543409     
   12.2750000000000       -1.81654524180490     
   12.3000000000000       -1.81654701510730     
   12.3250000000000       -1.81654871571481     
   12.3500000000000       -1.81655036183747     
   12.3750000000000       -1.81655194311877     
   12.4000000000000       -1.81655346801152     
   12.4250000000000       -1.81655493055513     
   12.4500000000000       -1.81655633720142     
   12.4750000000000       -1.81655768996481     
   12.5000000000000       -1.81655898232615     
