  -8000000.00000000       1.617903910881697E-011
  -7892617.44966443       2.105740428486752E-011
  -7785234.89932886       2.730577027942880E-011
  -7677852.34899329       3.527780177207925E-011
  -7570469.79865772       4.540943364588292E-011
  -7463087.24832215       5.823554464283554E-011
  -7355704.69798658       7.440937969971438E-011
  -7248322.14765101       9.472502164069568E-011
  -7140939.59731544       1.201432092586749E-010
  -7033557.04697987       1.518207842459743E-010
  -6926174.49664430       1.911440214315693E-010
  -6818791.94630872       2.397660527050424E-010
  -6711409.39597315       2.996485321637402E-010
  -6604026.84563758       3.731076057718088E-010
  -6496644.29530201       4.628641407214532E-010
  -6389261.74496644       5.720980356429973E-010
  -6281879.19463087       7.045062712622794E-010
  -6174496.64429530       8.643641712341329E-010
  -6067114.09395973       1.056589124832379E-009
  -5959731.54362416       1.286805778280196E-009
  -5852348.99328859       1.561411432498643E-009
  -5744966.44295302       1.887640096288988E-009
  -5637583.89261745       2.273623341586694E-009
  -5530201.34228188       2.728445799486593E-009
  -5422818.79194631       3.262192832268397E-009
  -5315436.24161074       3.885987629630737E-009
  -5208053.69127517       4.612014720582379E-009
  -5100671.14093960       5.453526681349336E-009
  -4993288.59060403       6.424830670879614E-009
  -4885906.04026846       7.541251356451482E-009
  -4778523.48993289       8.819066820026087E-009
  -4671140.93959732       1.027541417821372E-008
  -4563758.38926174       1.192816192044745E-008
  -4456375.83892617       1.379574638415393E-008
  -4348993.28859060       1.589697035194245E-008
  -4241610.73825503       1.825076247924161E-008
  -4134228.18791946       2.087589714116566E-008
  -4026845.63758389       2.379067531821308E-008
  -3919463.08724832       2.701256830826673E-008
  -3812080.53691275       3.055782733641961E-008
  -3704697.98657718       3.444106350589337E-008
  -3597315.43624161       3.867480395671665E-008
  -3489932.88590604       4.326903153082611E-008
  -3382550.33557047       4.823071663362721E-008
  -3275167.78523490       5.356335127873930E-008
  -3167785.23489933       5.926649644742228E-008
  -3060402.68456376       6.533535482869865E-008
  -2953020.13422819       7.176038167336539E-008
  -2845637.58389262       7.852694684166587E-008
  -2738255.03355705       8.561506110362381E-008
  -2630872.48322148       9.299917932540226E-008
  -2523489.93288591       1.006480923187592E-007
  -2416107.38255034       1.085249178319859E-007
  -2308724.83221477       1.165871994237442E-007
  -2201342.28187919       1.247871198072390E-007
  -2093959.73154362       1.330718327201944E-007
  -1986577.18120805       1.413839145228122E-007
  -1879194.63087248       1.496619336245665E-007
  -1771812.08053691       1.578411325795047E-007
  -1664429.53020134       1.658542143690719E-007
  -1557046.97986577       1.736322211206659E-007
  -1449664.42953020       1.811054904033754E-007
  -1342281.87919463       1.882046714143618E-007
  -1234899.32885906       1.948617809305663E-007
  -1127516.77852349       2.010112769522733E-007
  -1020134.22818792       2.065911265952908E-007
  -912751.677852349       2.115438440669798E-007
  -805369.127516778       2.158174745364410E-007
  -697986.577181208       2.193665004049255E-007
  -590604.026845638       2.221526478969882E-007
  -483221.476510067       2.241455739972801E-007
  -375838.926174496       2.253234164971318E-007
  -268456.375838926       2.256731932095580E-007
  -161073.825503356       2.251910401595118E-007
  -53691.2751677856       2.238822826386287E-007
   53691.2751677856       2.217613372974243E-007
   161073.825503356       2.188514477919650E-007
   268456.375838926       2.151842607629876E-007
   375838.926174497       2.107992529632401E-007
   483221.476510067       2.057430240323401E-007
   590604.026845638       2.000684726307675E-007
   697986.577181209       1.938338762874802E-007
   805369.127516778       1.871018973131537E-007
   912751.677852349       1.799385384322718E-007
   1020134.22818792       1.724120723677226E-007
   1127516.77852349       1.645919694734146E-007
   1234899.32885906       1.565478466818334E-007
   1342281.87919463       1.483484595663823E-007
   1449664.42953020       1.400607572857807E-007
   1557046.97986577       1.317490176699542E-007
   1664429.53020134       1.234740768268867E-007
   1771812.08053691       1.152926645093156E-007
   1879194.63087248       1.072568531938219E-007
   1986577.18120805       9.941362550655679E-008
   2093959.73154362       9.180456138767985E-008
   2201342.28187919       8.446564331922132E-008
   2308724.83221477       7.742717513446284E-008
   2416107.38255034       7.071380745182888E-008
   2523489.93288591       6.434466068655555E-008
   2630872.48322148       5.833353492527147E-008
   2738255.03355705       5.268919472055038E-008
   2845637.58389262       4.741571607596039E-008
   2953020.13422819       4.251288253304065E-008
   3060402.68456376       3.797661731214943E-008
   3167785.23489933       3.379943886009804E-008
   3275167.78523490       2.997092787093690E-008
   3382550.33557047       2.647819481814631E-008
   3489932.88590604       2.330633820935656E-008
   3597315.43624161       2.043888509026137E-008
   3704697.98657718       1.785820672574392E-008
   3812080.53691275       1.554590382001113E-008
   3919463.08724832       1.348315705541577E-008
   4026845.63758389       1.165104008964138E-008
   4134228.18791946       1.003079341818937E-008
   4241610.73825503       8.604058656344558E-009
   4348993.28859060       7.353073802365842E-009
   4456375.83892617       6.260830899268329E-009
   4563758.38926174       5.311198210803894E-009
   4671140.93959732       4.489009568795642E-009
   4778523.48993289       3.780123939745935E-009
   4885906.04026846       3.171458508795415E-009
   4993288.59060403       2.650998702088017E-009
   5100671.14093960       2.207788580093037E-009
   5208053.69127517       1.831904951489130E-009
   5315436.24161074       1.514418397362443E-009
   5422818.79194631       1.247344176019709E-009
   5530201.34228188       1.023585716144790E-009
   5637583.89261745       8.368731155064578E-010
   5744966.44295302       6.816987574909594E-010
   5852348.99328859       5.532518500598934E-010
   5959731.54362416       4.473533910360669E-010
   6067114.09395973       3.603927776410683E-010
   6174496.64429530       2.892670127947022E-010
   6281879.19463087       2.313232199212412E-010
   6389261.74496644       1.843049643914544E-010
   6496644.29530201       1.463026943879689E-010
   6604026.84563758       1.157084568904730E-010
   6711409.39597316       9.117491468614778E-011
   6818791.94630872       7.157858616234294E-011
   6926174.49664430       5.598714897008222E-011
   7033557.04697987       4.363058897160095E-011
   7140939.59731544       3.387593454818516E-011
   7248322.14765101       2.620529065449830E-011
   7355704.69798658       2.019687433782628E-011
   7463087.24832215       1.550875131754663E-011
   7570469.79865772       1.186497936692265E-011
   7677852.34899329       9.043876620567701E-012
   7785234.89932886       6.868149769165328E-012
   7892617.44966443       5.196636883318055E-012
   8000000.00000000       3.917441071670802E-012
