  5.000000000000000E-003  0.158700562070015     
  1.000000000000000E-002  0.157697290858682     
  1.500000000000000E-002  0.156948225837388     
  2.000000000000000E-002  0.156378751083078     
  2.500000000000000E-002  0.155937337579320     
  3.000000000000000E-002  0.155588178614474     
  3.500000000000000E-002  0.155306200022489     
  4.000000000000000E-002  0.155073693622756     
  4.500000000000000E-002  0.154878042937255     
  5.000000000000000E-002  0.154710179531263     
  5.500000000000000E-002  0.154563528349614     
  6.000000000000000E-002  0.154433281615654     
  6.500000000000000E-002  0.154315894948537     
  7.000000000000001E-002  0.154208734863018     
  7.500000000000000E-002  0.154109829801440     
  8.000000000000000E-002  0.154017693975733     
  8.500000000000001E-002  0.153931200004170     
  9.000000000000000E-002  0.153849487882128     
  9.500000000000000E-002  0.153771898294950     
  0.100000000000000       0.153697923924908     
  0.105000000000000       0.153627173509281     
  0.110000000000000       0.153559344791098     
  0.115000000000000       0.153494205097182     
  0.120000000000000       0.153431575529358     
  0.125000000000000       0.153371319953543     
  0.130000000000000       0.153313335696162     
  0.135000000000000       0.153257547391052     
  0.140000000000000       0.153203900968838     
  0.145000000000000       0.153152359840700     
  0.150000000000000       0.153102901550953     
  0.155000000000000       0.153055515137917     
  0.160000000000000       0.153010198684924     
  0.165000000000000       0.152966957731459     
  0.170000000000000       0.152925804052290     
  0.175000000000000       0.152886754110855     
  0.180000000000000       0.152849828061224     
  0.185000000000000       0.152815049096669     
  0.190000000000000       0.152782442539933     
  0.195000000000000       0.152752035288248     
  0.200000000000000       0.152723855243116     
  0.205000000000000       0.152697930852506     
  0.210000000000000       0.152674290648884     
  0.215000000000000       0.152652963117377     
  0.220000000000000       0.152633976135940     
  0.225000000000000       0.152617356735061     
  0.230000000000000       0.152603131050474     
  0.235000000000000       0.152591324000464     
  0.240000000000000       0.152581959159223     
  0.245000000000000       0.152575058607888     
  0.250000000000000       0.152570642833125     
  0.255000000000000       0.152568730611897     
  0.260000000000000       0.152569338962472     
  0.265000000000000       0.152572483115611     
  0.270000000000000       0.152578176230727     
  0.275000000000000       0.152586429885240     
  0.280000000000000       0.152597253536552     
  0.285000000000000       0.152610654620768     
  0.290000000000000       0.152626638944822     
  0.295000000000000       0.152645210166598     
  0.300000000000000       0.152666370157369     
  0.305000000000000       0.152690118904886     
  0.310000000000000       0.152716454569858     
  0.315000000000000       0.152745373532690     
  0.320000000000000       0.152776870420241     
  0.325000000000000       0.152810938169450     
  0.330000000000000       0.152847568063893     
  0.335000000000000       0.152886749794834     
  0.340000000000000       0.152928471513793     
  0.345000000000000       0.152972719891371     
  0.350000000000000       0.153019479584761     
  0.355000000000000       0.153068735808594     
  0.360000000000000       0.153120470362060     
  0.365000000000000       0.153174664533051     
  0.370000000000000       0.153231298518779     
  0.375000000000000       0.153290351352256     
  0.380000000000000       0.153351800998696     
  0.385000000000000       0.153415624416491     
  0.390000000000000       0.153481797615519     
  0.395000000000000       0.153550295712895     
  0.400000000000000       0.153621092993225     
  0.405000000000000       0.153694162964422     
  0.410000000000000       0.153769478406145     
  0.415000000000000       0.153847011431546     
  0.420000000000000       0.153926733528992     
  0.425000000000000       0.154008615617101     
  0.430000000000000       0.154092628097677     
  0.435000000000000       0.154178740886558     
  0.440000000000000       0.154266923475710     
  0.445000000000000       0.154357144970594     
  0.450000000000000       0.154449374124201     
  0.455000000000000       0.154543579399136     
  0.460000000000000       0.154639728976360     
  0.465000000000000       0.154737790816964     
  0.470000000000000       0.154837732689581     
  0.475000000000000       0.154939522199063     
  0.480000000000000       0.155043126830849     
  0.485000000000000       0.155148513972284     
  0.490000000000000       0.155255650946948     
  0.495000000000000       0.155364505040653     
  0.500000000000000       0.155475043533828     
  0.505000000000000       0.155587233722656     
  0.510000000000000       0.155701042942491     
  0.515000000000000       0.155816438592023     
  0.520000000000000       0.155933388159143     
  0.525000000000000       0.156051859286749     
  0.530000000000000       0.156171819548817     
  0.535000000000000       0.156293236972979     
  0.540000000000000       0.156416079501184     
  0.545000000000000       0.156540315369924     
  0.550000000000000       0.156665912974103     
  0.555000000000000       0.156792840964569     
  0.560000000000000       0.156921068035442     
  0.565000000000000       0.157050563411478     
  0.570000000000000       0.157181296322969     
  0.575000000000000       0.157313236365242     
  0.580000000000000       0.157446353368389     
  0.585000000000000       0.157580617448453     
  0.590000000000000       0.157715999051213     
  0.595000000000000       0.157852468729172     
  0.600000000000000       0.157989997629028     
  0.605000000000000       0.158128556976728     
  0.610000000000000       0.158268118408476     
  0.615000000000000       0.158408653849299     
  0.620000000000000       0.158550135559125     
  0.625000000000000       0.158692536165684     
  0.630000000000000       0.158835828448357     
  0.635000000000000       0.158979985814379     
  0.640000000000000       0.159124981771976     
  0.645000000000000       0.159270790282790     
  0.650000000000000       0.159417385608366     
  0.655000000000000       0.159564742335561     
  0.660000000000000       0.159712835491427     
  0.665000000000000       0.159861640407221     
  0.670000000000000       0.160011132672951     
  0.675000000000000       0.160161288328313     
  0.680000000000000       0.160312083725972     
  0.685000000000000       0.160463495573365     
  0.690000000000000       0.160615500968100     
  0.695000000000000       0.160768077178457     
  0.700000000000000       0.160921202104807     
  0.705000000000000       0.161074853761720     
  0.710000000000000       0.161229010612439     
  0.715000000000000       0.161383651426662     
  0.720000000000000       0.161538755329528     
  0.725000000000000       0.161694301779176     
  0.730000000000000       0.161850270573498     
  0.735000000000000       0.162006641887317     
  0.740000000000000       0.162163396047980     
  0.745000000000000       0.162320514005426     
  0.750000000000000       0.162477976801780     
  0.755000000000000       0.162635765909533     
  0.760000000000000       0.162793863088523     
  0.765000000000000       0.162952250435245     
  0.770000000000000       0.163110910344475     
  0.775000000000000       0.163269825548460     
  0.780000000000000       0.163428979067416     
  0.785000000000000       0.163588354239803     
  0.790000000000000       0.163747934712390     
  0.795000000000000       0.163907704393516     
  0.800000000000000       0.164067647573174     
  0.805000000000000       0.164227748810514     
  0.810000000000000       0.164387992860545     
  0.815000000000000       0.164548364866572     
  0.820000000000000       0.164708850221108     
  0.825000000000000       0.164869434577197     
  0.830000000000000       0.165030103938257     
  0.835000000000000       0.165190844556704     
  0.840000000000000       0.165351642907095     
  0.845000000000000       0.165512485657115     
  0.850000000000000       0.165673359975754     
  0.855000000000000       0.165834253083648     
  0.860000000000000       0.165995152552361     
  0.865000000000000       0.166156046174163     
  0.870000000000000       0.166316922005538     
  0.875000000000000       0.166477768377927     
  0.880000000000000       0.166638573698870     
  0.885000000000000       0.166799326897865     
  0.890000000000000       0.166960016913362     
  0.895000000000000       0.167120633012576     
  0.900000000000000       0.167281164662985     
  0.905000000000000       0.167441601564733     
  0.910000000000000       0.167601933640703     
  0.915000000000000       0.167762151034831     
  0.920000000000000       0.167922244137967     
  0.925000000000000       0.168082203391278     
  0.930000000000000       0.168242019723968     
  0.935000000000000       0.168401684036828     
  0.940000000000000       0.168561187544182     
  0.945000000000000       0.168720521614740     
  0.950000000000000       0.168879677836806     
  0.955000000000000       0.169038647980386     
  0.960000000000000       0.169197424011238     
  0.965000000000000       0.169355998113921     
  0.970000000000000       0.169514362495159     
  0.975000000000000       0.169672509821933     
  0.980000000000000       0.169830432698630     
  0.985000000000000       0.169988124021364     
  0.990000000000000       0.170145576821654     
  0.995000000000000       0.170302784303914     
   1.00000000000000       0.170459739842055     
   1.00500000000000       0.170616436973761     
   1.01000000000000       0.170772869394284     
   1.01500000000000       0.170929030996475     
   1.02000000000000       0.171084915661184     
   1.02500000000000       0.171240517740141     
   1.03000000000000       0.171395831336079     
   1.03500000000000       0.171550851081091     
   1.04000000000000       0.171705571494910     
   1.04500000000000       0.171859987344931     
   1.05000000000000       0.172014093509727     
   1.05500000000000       0.172167885047810     
   1.06000000000000       0.172321356989260     
   1.06500000000000       0.172474504771292     
   1.07000000000000       0.172627323733400     
   1.07500000000000       0.172779809440712     
   1.08000000000000       0.172931957547200     
   1.08500000000000       0.173083763863079     
   1.09000000000000       0.173235224338808     
   1.09500000000000       0.173386334940913     
   1.10000000000000       0.173537091839962     
   1.10500000000000       0.173687491295019     
   1.11000000000000       0.173837529681451     
   1.11500000000000       0.173987203526072     
   1.12000000000000       0.174136509289314     
   1.12500000000000       0.174285443821847     
   1.13000000000000       0.174434003843340     
   1.13500000000000       0.174582186284953     
   1.14000000000000       0.174729988139852     
   1.14500000000000       0.174877406510338     
   1.15000000000000       0.175024438596794     
   1.15500000000000       0.175171081687763     
   1.16000000000000       0.175317333168955     
   1.16500000000000       0.175463190517009     
   1.17000000000000       0.175608651292973     
   1.17500000000000       0.175753713150676     
   1.18000000000000       0.175898373821842     
   1.18500000000000       0.176042631136681     
   1.19000000000000       0.176186482987276     
   1.19500000000000       0.176329927368589     
   1.20000000000000       0.176472962331693     
   1.20500000000000       0.176615586028775     
   1.21000000000000       0.176757796410799     
   1.21500000000000       0.176899592506298     
   1.22000000000000       0.177040972160657     
   1.22500000000000       0.177181933767087     
   1.23000000000000       0.177322475919203     
   1.23500000000000       0.177462597073335     
   1.24000000000000       0.177602296034974     
   1.24500000000000       0.177741571428027     
   1.25000000000000       0.177880422059655     
   1.25500000000000       0.178018846753837     
   1.26000000000000       0.178156844406772     
   1.26500000000000       0.178294413984926     
   1.27000000000000       0.178431554498900     
   1.27500000000000       0.178568265025912     
   1.28000000000000       0.178704544695924     
   1.28500000000000       0.178840392705738     
   1.29000000000000       0.178975808284046     
   1.29500000000000       0.179110790738154     
   1.30000000000000       0.179245339409339     
   1.30500000000000       0.179379453700361     
   1.31000000000000       0.179513133059337     
   1.31500000000000       0.179646376986241     
   1.32000000000000       0.179779185031838     
   1.32500000000000       0.179911556775143     
   1.33000000000000       0.180043491872106     
   1.33500000000000       0.180174989996069     
   1.34000000000000       0.180306050885575     
   1.34500000000000       0.180436674300018     
   1.35000000000000       0.180566860058081     
   1.35500000000000       0.180696608017325     
   1.36000000000000       0.180825918073391     
   1.36500000000000       0.180954790152368     
   1.37000000000000       0.181083224233749     
   1.37500000000000       0.181211220330383     
   1.38000000000000       0.181338778477922     
   1.38500000000000       0.181465898766918     
   1.39000000000000       0.181592581317248     
   1.39500000000000       0.181718826274987     
   1.40000000000000       0.181844633828479     
   1.40500000000000       0.181970004200446     
   1.41000000000000       0.182094937634932     
   1.41500000000000       0.182219434414146     
   1.42000000000000       0.182343494855987     
   1.42500000000000       0.182467119295649     
   1.43000000000000       0.182590308107133     
   1.43500000000000       0.182713061690325     
   1.44000000000000       0.182835380470439     
   1.44500000000000       0.182957264902493     
   1.45000000000000       0.183078715468455     
   1.45500000000000       0.183199732667220     
   1.46000000000000       0.183320317074445     
   1.46500000000000       0.183440469127875     
   1.47000000000000       0.183560189535180     
   1.47500000000000       0.183679478877569     
   1.48000000000000       0.183798337730445     
   1.48500000000000       0.183916766759848     
   1.49000000000000       0.184034766638984     
   1.49500000000000       0.184152338059081     
   1.50000000000000       0.184269481724955     
   1.50500000000000       0.184386198409820     
   1.51000000000000       0.184502488734416     
   1.51500000000000       0.184618353623858     
   1.52000000000000       0.184733793783151     
   1.52500000000000       0.184848810074038     
   1.53000000000000       0.184963403195073     
   1.53500000000000       0.185077574132388     
   1.54000000000000       0.185191323663955     
   1.54500000000000       0.185304652683793     
   1.55000000000000       0.185417562075648     
   1.55500000000000       0.185530052737960     
   1.56000000000000       0.185642125593725     
   1.56500000000000       0.185753781576525     
   1.57000000000000       0.185865021634536     
   1.57500000000000       0.185975846706982     
   1.58000000000000       0.186086257824945     
   1.58500000000000       0.186196255895636     
   1.59000000000000       0.186305841957528     
   1.59500000000000       0.186415016999644     
   1.60000000000000       0.186523782058247     
   1.60500000000000       0.186632138152709     
   1.61000000000000       0.186740086344391     
   1.61500000000000       0.186847627669706     
   1.62000000000000       0.186954763204915     
   1.62500000000000       0.187061494015169     
   1.63000000000000       0.187167821188189     
   1.63500000000000       0.187273745811971     
   1.64000000000000       0.187379268990801     
   1.64500000000000       0.187484391836674     
   1.65000000000000       0.187589115457379     
   1.65500000000000       0.187693440989254     
   1.66000000000000       0.187797369563367     
   1.66500000000000       0.187900902315547     
   1.67000000000000       0.188004040408001     
   1.67500000000000       0.188106784982152     
   1.68000000000000       0.188209137205014     
   1.68500000000000       0.188311098245065     
   1.69000000000000       0.188412669287933     
   1.69500000000000       0.188513851485781     
   1.70000000000000       0.188614646076785     
   1.70500000000000       0.188715054190347     
   1.71000000000000       0.188815077043578     
   1.71500000000000       0.188914715836477     
   1.72000000000000       0.189013971773659     
   1.72500000000000       0.189112846074893     
   1.73000000000000       0.189211339942723     
   1.73500000000000       0.189309454607206     
   1.74000000000000       0.189407191291771     
   1.74500000000000       0.189504551211011     
   1.75000000000000       0.189601535603335     
   1.75500000000000       0.189698145698703     
   1.76000000000000       0.189794382728604     
   1.76500000000000       0.189890247948147     
   1.77000000000000       0.189985742567179     
   1.77500000000000       0.190080867888059     
   1.78000000000000       0.190175625088699     
   1.78500000000000       0.190270015444371     
   1.79000000000000       0.190364040197874     
   1.79500000000000       0.190457700623769     
   1.80000000000000       0.190550997945989     
   1.80500000000000       0.190643933482369     
   1.81000000000000       0.190736508446073     
   1.81500000000000       0.190828724009889     
   1.82000000000000       0.190920581567813     
   1.82500000000000       0.191012082301708     
   1.83000000000000       0.191103227503841     
   1.83500000000000       0.191194018417465     
   1.84000000000000       0.191284456311974     
   1.84500000000000       0.191374542450537     
   1.85000000000000       0.191464278091252     
   1.85500000000000       0.191553664537840     
   1.86000000000000       0.191642702934698     
   1.86500000000000       0.191731394697250     
   1.87000000000000       0.191819740999667     
   1.87500000000000       0.191907743139932     
   1.88000000000000       0.191995402358054     
   1.88500000000000       0.192082719964509     
   1.89000000000000       0.192169697073324     
   1.89500000000000       0.192256335145542     
   1.90000000000000       0.192342635224854     
   1.90500000000000       0.192428598752288     
   1.91000000000000       0.192514226884172     
   1.91500000000000       0.192599520921280     
   1.92000000000000       0.192684482102592     
   1.92500000000000       0.192769111692276     
   1.93000000000000       0.192853410949728     
   1.93500000000000       0.192937381112715     
   1.94000000000000       0.193021023434696     
   1.94500000000000       0.193104339203960     
   1.95000000000000       0.193187329528536     
   1.95500000000000       0.193269995807672     
   1.96000000000000       0.193352339178648     
   1.96500000000000       0.193434360923454     
   1.97000000000000       0.193516062259234     
   1.97500000000000       0.193597444436494     
   1.98000000000000       0.193678508677919     
   1.98500000000000       0.193759256263717     
   1.99000000000000       0.193839688376759     
   1.99500000000000       0.193919806311411     
   2.00000000000000       0.193999611222118     
   2.00500000000000       0.194079104370687     
   2.01000000000000       0.194158286954587     
   2.01500000000000       0.194237160192330     
   2.02000000000000       0.194315725282090     
   2.02500000000000       0.194393983432168     
   2.03000000000000       0.194471935846508     
   2.03500000000000       0.194549583726949     
   2.04000000000000       0.194626928291932     
   2.04500000000000       0.194703970736242     
   2.05000000000000       0.194780712283764     
   2.05500000000000       0.194857154136851     
   2.06000000000000       0.194933297501016     
   2.06500000000000       0.195009143563773     
   2.07000000000000       0.195084693546920     
   2.07500000000000       0.195159948510285     
   2.08000000000000       0.195234909757968     
   2.08500000000000       0.195309578367235     
   2.09000000000000       0.195383955521717     
   2.09500000000000       0.195458042381818     
   2.10000000000000       0.195531840093368     
   2.10500000000000       0.195605349844017     
   2.11000000000000       0.195678572843259     
   2.11500000000000       0.195751510145706     
   2.12000000000000       0.195824163083190     
   2.12500000000000       0.195896532742288     
   2.13000000000000       0.195968620307379     
   2.13500000000000       0.196040426904685     
   2.14000000000000       0.196111953659597     
   2.14500000000000       0.196183201676467     
   2.15000000000000       0.196254172060645     
   2.15500000000000       0.196324865940296     
   2.16000000000000       0.196395284295720     
   2.16500000000000       0.196465428406902     
   2.17000000000000       0.196535299311528     
   2.17500000000000       0.196604898192576     
   2.18000000000000       0.196674226209876     
   2.18500000000000       0.196743284469541     
   2.19000000000000       0.196812074191163     
   2.19500000000000       0.196880596406475     
   2.20000000000000       0.196948852236442     
   2.20500000000000       0.197016842745477     
   2.21000000000000       0.197084568959402     
   2.21500000000000       0.197152031917508     
   2.22000000000000       0.197219232632642     
   2.22500000000000       0.197286172144615     
   2.23000000000000       0.197352851532964     
   2.23500000000000       0.197419271908142     
   2.24000000000000       0.197485434277429     
   2.24500000000000       0.197551339968575     
   2.25000000000000       0.197616990002706     
   2.25500000000000       0.197682385556049     
   2.26000000000000       0.197747527686514     
   2.26500000000000       0.197812417403036     
   2.27000000000000       0.197877055711671     
   2.27500000000000       0.197941443554749     
   2.28000000000000       0.198005581858363     
   2.28500000000000       0.198069471551715     
   2.29000000000000       0.198133113579599     
   2.29500000000000       0.198196508963905     
   2.30000000000000       0.198259658755324     
   2.30500000000000       0.198322564078655     
   2.31000000000000       0.198385226090573     
   2.31500000000000       0.198447645952947     
   2.32000000000000       0.198509824798493     
   2.32500000000000       0.198571763691830     
   2.33000000000000       0.198633463611446     
   2.33500000000000       0.198694925450926     
   2.34000000000000       0.198756150024318     
   2.34500000000000       0.198817138122870     
   2.35000000000000       0.198877890506864     
   2.35500000000000       0.198938408040889     
   2.36000000000000       0.198998691674921     
   2.36500000000000       0.199058742373259     
   2.37000000000000       0.199118561376317     
   2.37500000000000       0.199178149917457     
   2.38000000000000       0.199237509158784     
   2.38500000000000       0.199296640343114     
   2.39000000000000       0.199355544522966     
   2.39500000000000       0.199414222629919     
   2.40000000000000       0.199472675428629     
   2.40500000000000       0.199530903547752     
   2.41000000000000       0.199588907561274     
   2.41500000000000       0.199646687987803     
   2.42000000000000       0.199704245584148     
   2.42500000000000       0.199761581109288     
   2.43000000000000       0.199818695652482     
   2.43500000000000       0.199875590470295     
   2.44000000000000       0.199932266907337     
   2.44500000000000       0.199988726419968     
   2.45000000000000       0.200044970357643     
   2.45500000000000       0.200100999863091     
   2.46000000000000       0.200156815797399     
   2.46500000000000       0.200212418739057     
   2.47000000000000       0.200267809004900     
   2.47500000000000       0.200322986776363     
   2.48000000000000       0.200377952269654     
   2.48500000000000       0.200432705876379     
   2.49000000000000       0.200487248305946     
   2.49500000000000       0.200541580671077     
   2.50000000000000       0.200595704448898     
   2.52500000000000       0.200861984150696     
   2.55000000000000       0.201123419682259     
   2.57500000000000       0.201379990936762     
   2.60000000000000       0.201631767705923     
   2.62500000000000       0.201878843599593     
   2.65000000000000       0.202121306369017     
   2.67500000000000       0.202359244829945     
   2.70000000000000       0.202592751984615     
   2.72500000000000       0.202821918120954     
   2.75000000000000       0.203046829538876     
   2.77500000000000       0.203267571732328     
   2.80000000000000       0.203484229074178     
   2.82500000000000       0.203696883476873     
   2.85000000000000       0.203905614799851     
   2.87500000000000       0.204110502033470     
   2.90000000000000       0.204311620899974     
   2.92500000000000       0.204509046653852     
   2.95000000000000       0.204702852565087     
   2.97500000000000       0.204893110329193     
   3.00000000000000       0.205079890112282     
   3.02500000000000       0.205263260614169     
   3.05000000000000       0.205443292743267     
   3.07500000000000       0.205620045693679     
   3.10000000000000       0.205793585595574     
   3.12500000000000       0.205963975721901     
   3.15000000000000       0.206131277740599     
   3.17500000000000       0.206295551893038     
   3.20000000000000       0.206456857077622     
   3.22500000000000       0.206615250935597     
   3.25000000000000       0.206770789863306     
   3.27500000000000       0.206923529060460     
   3.30000000000000       0.207073522532916     
   3.32500000000000       0.207220823159313     
   3.35000000000000       0.207365482657204     
   3.37500000000000       0.207507551695988     
   3.40000000000000       0.207647079832779     
   3.42500000000000       0.207784115595460     
   3.45000000000000       0.207918706492917     
   3.47500000000000       0.208050899026352     
   3.50000000000000       0.208180738726822     
   3.52500000000000       0.208308270088942     
   3.55000000000000       0.208433536846187     
   3.57500000000000       0.208556581794966     
   3.60000000000000       0.208677446718824     
   3.62500000000000       0.208796172598413     
   3.65000000000000       0.208912799577019     
   3.67500000000000       0.209027366942810     
   3.70000000000000       0.209139913222523     
   3.72500000000000       0.209250476087560     
   3.75000000000000       0.209359092434503     
   3.77500000000000       0.209465798489360     
   3.80000000000000       0.209570629798442     
   3.82500000000000       0.209673620977402     
   3.85000000000000       0.209774806076815     
   3.87500000000000       0.209874218436062     
   3.90000000000000       0.209971890697179     
   3.92500000000000       0.210067854871768     
   3.95000000000000       0.210162142339978     
   3.97500000000000       0.210254783819689     
   4.00000000000000       0.210345809443253     
   4.02500000000000       0.210435248730169     
   4.05000000000000       0.210523130621474     
   4.07500000000000       0.210609483492838     
   4.10000000000000       0.210694335135740     
   4.12500000000000       0.210777713471549     
   4.15000000000000       0.210859644073413     
   4.17500000000000       0.210940153577851     
   4.20000000000000       0.211019267669934     
   4.22500000000000       0.211097011588993     
   4.25000000000000       0.211173410034340     
   4.27500000000000       0.211248487224157     
   4.30000000000000       0.211322266906698     
   4.32500000000000       0.211394772380484     
   4.35000000000000       0.211466026482987     
   4.37500000000000       0.211536051616335     
   4.40000000000000       0.211604869760420     
   4.42500000000000       0.211672502462259     
   4.45000000000000       0.211738970862600     
   4.47500000000000       0.211804295698131     
   4.50000000000000       0.211868497318091     
   4.52500000000000       0.211931595679895     
   4.55000000000000       0.211993610363361     
   4.57500000000000       0.212054560577174     
   4.60000000000000       0.212114465168937     
   4.62500000000000       0.212173342633811     
   4.65000000000000       0.212231211130138     
   4.67500000000000       0.212288088358501     
   4.70000000000000       0.212343991909624     
   4.72500000000000       0.212398938975526     
   4.75000000000000       0.212452946305029     
   4.77500000000000       0.212506030443127     
   4.80000000000000       0.212558207487974     
   4.82500000000000       0.212609493469625     
   4.85000000000000       0.212659904054171     
   4.87500000000000       0.212709454460740     
   4.90000000000000       0.212758159704237     
   4.92500000000000       0.212806034612768     
   4.95000000000000       0.212853093760793     
   4.97500000000000       0.212899351295562     
   5.00000000000000       0.212944821183817     
   5.02500000000000       0.212989517156638     
   5.05000000000000       0.213033452591455     
   5.07500000000000       0.213076640708503     
   5.10000000000000       0.213119094649302     
   5.12500000000000       0.213160827129481     
   5.15000000000000       0.213201850608954     
   5.17500000000000       0.213242177367144     
   5.20000000000000       0.213281819472833     
   5.22500000000000       0.213320788772558     
   5.25000000000000       0.213359096893498     
   5.27500000000000       0.213396755260244     
   5.30000000000000       0.213433775081514     
   5.32500000000000       0.213470167395869     
   5.35000000000000       0.213505942997104     
   5.37500000000000       0.213541112523319     
   5.40000000000000       0.213575686402186     
   5.42500000000000       0.213609674892917     
   5.45000000000000       0.213643088053528     
   5.47500000000000       0.213675935768483     
   5.50000000000000       0.213708227753055     
   5.52500000000000       0.213739973540212     
   5.55000000000000       0.213771182429132     
   5.57500000000000       0.213801863694166     
   5.60000000000000       0.213832026447168     
   5.62500000000000       0.213861679486642     
   5.65000000000000       0.213890831545975     
   5.67500000000000       0.213919491198167     
   5.70000000000000       0.213947666850373     
   5.72500000000000       0.213975366774376     
   5.75000000000000       0.214002599099592     
   5.77500000000000       0.214029371706431     
   5.80000000000000       0.214055692555945     
   5.82500000000000       0.214081569383882     
   5.85000000000000       0.214107009686578     
   5.87500000000000       0.214132020924344     
   5.90000000000000       0.214156610381788     
   5.92500000000000       0.214180785251672     
   5.95000000000000       0.214204552492541     
   5.97500000000000       0.214227919120206     
   6.00000000000000       0.214250892027406     
   6.02500000000000       0.214273477785977     
   6.05000000000000       0.214295683020763     
   6.07500000000000       0.214317514163444     
   6.10000000000000       0.214338977570523     
   6.12500000000000       0.214360080157416     
   6.15000000000000       0.214380826843217     
   6.17500000000000       0.214401224121266     
   6.20000000000000       0.214421277892222     
   6.22500000000000       0.214440994035589     
   6.25000000000000       0.214460378261214     
   6.27500000000000       0.214479436188352     
   6.30000000000000       0.214498173339967     
   6.32500000000000       0.214516595140829     
   6.35000000000000       0.214534706915965     
   6.37500000000000       0.214552513905522     
   6.40000000000000       0.214570021271064     
   6.42500000000000       0.214587234040270     
   6.45000000000000       0.214604157214837     
   6.47500000000000       0.214620795663111     
   6.50000000000000       0.214637154204387     
   6.52500000000000       0.214653237537102     
   6.55000000000000       0.214669050318279     
   6.57500000000000       0.214684597092783     
   6.60000000000000       0.214699882280062     
   6.62500000000000       0.214714910343619     
   6.65000000000000       0.214729685706088     
   6.67500000000000       0.214744212528561     
   6.70000000000000       0.214758495001893     
   6.72500000000000       0.214772537247406     
   6.75000000000000       0.214786343282568     
   6.77500000000000       0.214799917099394     
   6.80000000000000       0.214813262597430     
   6.82500000000000       0.214826384311209     
   6.85000000000000       0.214839284757829     
   6.87500000000000       0.214851968152283     
   6.90000000000000       0.214864438121306     
   6.92500000000000       0.214876698292484     
   6.95000000000000       0.214888752200735     
   6.97500000000000       0.214900603317605     
   7.00000000000000       0.214912255025690     
   7.02500000000000       0.214923710665684     
   7.05000000000000       0.214934973556166     
   7.07500000000000       0.214946046915496     
   7.10000000000000       0.214956933916921     
   7.12500000000000       0.214967637680973     
   7.15000000000000       0.214978161200233     
   7.17500000000000       0.214988507582148     
   7.20000000000000       0.214998679868613     
   7.22500000000000       0.215008680883997     
   7.25000000000000       0.215018513502525     
   7.27500000000000       0.215028180551837     
   7.30000000000000       0.215037684797186     
   7.32500000000000       0.215047028974148     
   7.35000000000000       0.215056215728706     
   7.37500000000000       0.215065247733467     
   7.40000000000000       0.215074127538860     
   7.42500000000000       0.215082857730674     
   7.45000000000000       0.215091440762287     
   7.47500000000000       0.215099879138789     
   7.50000000000000       0.215108175248525     
   7.52500000000000       0.215116331482261     
   7.55000000000000       0.215124350168551     
   7.57500000000000       0.215132233604935     
   7.60000000000000       0.215139984068657     
   7.62500000000000       0.215147603748967     
   7.65000000000000       0.215155094771689     
   7.67500000000000       0.215162459370595     
   7.70000000000000       0.215169699633481     
   7.72500000000000       0.215176817640923     
   7.75000000000000       0.215183815517084     
   7.77500000000000       0.215190695190575     
   7.80000000000000       0.215197458631493     
   7.82500000000000       0.215204107775427     
   7.85000000000000       0.215210644534208     
   7.87500000000000       0.215217070785152     
   7.90000000000000       0.215223388364879     
   7.92500000000000       0.215229599073347     
   7.95000000000000       0.215235704732734     
   7.97500000000000       0.215241707741967     
   8.00000000000000       0.215247608624589     
   8.02500000000000       0.215253409525859     
   8.05000000000000       0.215259112134274     
   8.07500000000000       0.215264718119942     
   8.10000000000000       0.215270229015724     
   8.12500000000000       0.215275646485293     
   8.15000000000000       0.215280972184260     
   8.17500000000000       0.215286207537007     
   8.20000000000000       0.215291354055229     
   8.22500000000000       0.215296413240402     
   8.25000000000000       0.215301386528470     
   8.27500000000000       0.215306275350306     
   8.30000000000000       0.215311081119401     
   8.32500000000000       0.215315809908432     
   8.35000000000000       0.215320455089636     
   8.37500000000000       0.215325020562980     
   8.40000000000000       0.215329508059023     
   8.42500000000000       0.215333919073199     
   8.45000000000000       0.215338254921774     
   8.47500000000000       0.215342516880222     
   8.50000000000000       0.215346706187171     
   8.52500000000000       0.215350824074843     
   8.55000000000000       0.215354871724598     
   8.57500000000000       0.215358850312420     
   8.60000000000000       0.215362760894407     
   8.62500000000000       0.215366604707264     
   8.65000000000000       0.215370382924814     
   8.67500000000000       0.215374096550332     
   8.70000000000000       0.215377746674833     
   8.72500000000000       0.215381334343872     
   8.75000000000000       0.215384860600952     
   8.77500000000000       0.215388326450016     
   8.80000000000000       0.215391732922232     
   8.82500000000000       0.215395081683353     
   8.85000000000000       0.215398372472835     
   8.87500000000000       0.215401606717636     
   8.90000000000000       0.215404785363062     
   8.92500000000000       0.215407909374995     
   8.95000000000000       0.215410979583396     
   8.97500000000000       0.215413996962705     
   9.00000000000000       0.215416962484284     
   9.02500000000000       0.215419876908364     
   9.05000000000000       0.215422741094592     
   9.07500000000000       0.215425555893819     
   9.10000000000000       0.215428322109003     
   9.12500000000000       0.215431040558055     
   9.15000000000000       0.215433712029732     
   9.17500000000000       0.215436337301005     
   9.20000000000000       0.215438917140042     
   9.22500000000000       0.215441452223303     
   9.25000000000000       0.215443943364616     
   9.27500000000000       0.215446391403985     
   9.30000000000000       0.215448796911791     
   9.32500000000000       0.215451160667558     
   9.35000000000000       0.215453483323627     
   9.37500000000000       0.215455765489628     
   9.40000000000000       0.215458007931988     
   9.42500000000000       0.215460211365366     
   9.45000000000000       0.215462376365100     
   9.47500000000000       0.215464503589163     
   9.50000000000000       0.215466593635509     
   9.52500000000000       0.215468647136875     
   9.55000000000000       0.215470664708769     
   9.57500000000000       0.215472646924524     
   9.60000000000000       0.215474594386906     
   9.62500000000000       0.215476507678301     
   9.65000000000000       0.215478387346026     
   9.67500000000000       0.215480234666457     
   9.70000000000000       0.215482048928783     
   9.72500000000000       0.215483831172835     
   9.75000000000000       0.215485581921019     
   9.77500000000000       0.215487301652118     
   9.80000000000000       0.215488990982620     
   9.82500000000000       0.215490650398024     
   9.85000000000000       0.215492280411550     
   9.87500000000000       0.215493881581290     
   9.90000000000000       0.215495454308770     
   9.92500000000000       0.215496999780332     
   9.95000000000000       0.215498517214275     
   9.97500000000000       0.215500007546773     
   10.0000000000000       0.215501471922439     
   10.0250000000000       0.215502909593213     
   10.0500000000000       0.215504321483580     
   10.0750000000000       0.215505708009814     
   10.1000000000000       0.215507069643574     
   10.1250000000000       0.215508406805481     
   10.1500000000000       0.215509719904790     
   10.1750000000000       0.215511009340334     
   10.2000000000000       0.215512275502661     
   10.2250000000000       0.215513518792973     
   10.2500000000000       0.215514739576765     
   10.2750000000000       0.215515938230451     
   10.3000000000000       0.215517115122751     
   10.3250000000000       0.215518270618534     
   10.3500000000000       0.215519405063835     
   10.3750000000000       0.215520518807216     
   10.4000000000000       0.215521612199414     
   10.4250000000000       0.215522685573658     
   10.4500000000000       0.215523739265801     
   10.4750000000000       0.215524773584151     
   10.5000000000000       0.215525789593695     
   10.5250000000000       0.215526786301964     
   10.5500000000000       0.215527765278815     
   10.5750000000000       0.215528725520524     
   10.6000000000000       0.215529667899734     
   10.6250000000000       0.215530592686749     
   10.6500000000000       0.215531500238206     
   10.6750000000000       0.215532390838897     
   10.7000000000000       0.215533264699609     
   10.7250000000000       0.215534126888469     
   10.7500000000000       0.215534969745408     
   10.7750000000000       0.215535796015055     
   10.8000000000000       0.215536606398714     
   10.8250000000000       0.215537401344581     
   10.8500000000000       0.215538181160026     
   10.8750000000000       0.215538946834358     
   10.9000000000000       0.215539697276121     
   10.9250000000000       0.215540433339070     
   10.9500000000000       0.215541155306736     
   10.9750000000000       0.215541863404957     
   11.0000000000000       0.215542558561850     
   11.0250000000000       0.215543239768303     
   11.0500000000000       0.215543907740159     
   11.0750000000000       0.215544562674949     
   11.1000000000000       0.215545204863762     
   11.1250000000000       0.215545834501896     
   11.1500000000000       0.215546451774825     
   11.1750000000000       0.215547056944244     
   11.2000000000000       0.215547650167236     
   11.2250000000000       0.215548231670543     
   11.2500000000000       0.215548801627623     
   11.2750000000000       0.215549360227515     
   11.3000000000000       0.215549907685258     
   11.3250000000000       0.215550444157166     
   11.3500000000000       0.215550969842209     
   11.3750000000000       0.215551484915743     
   11.4000000000000       0.215551990254203     
   11.4250000000000       0.215552484770638     
   11.4500000000000       0.215552969145224     
   11.4750000000000       0.215553443525071     
   11.5000000000000       0.215553908139473     
   11.5250000000000       0.215554363136132     
   11.5500000000000       0.215554808606059     
   11.5750000000000       0.215555244783903     
   11.6000000000000       0.215555671909167     
   11.6250000000000       0.215556090036122     
   11.6500000000000       0.215556499341195     
   11.6750000000000       0.215556899961131     
   11.7000000000000       0.215557292039620     
   11.7250000000000       0.215557675712795     
   11.7500000000000       0.215558051133018     
   11.7750000000000       0.215558418420000     
   11.8000000000000       0.215558777725760     
   11.8250000000000       0.215559129160904     
   11.8500000000000       0.215559472882637     
   11.8750000000000       0.215559808912877     
   11.9000000000000       0.215560137399513     
   11.9250000000000       0.215560458610829     
   11.9500000000000       0.215560772668676     
   11.9750000000000       0.215561079608535     
   12.0000000000000       0.215561380276665     
   12.0250000000000       0.215561673531725     
   12.0500000000000       0.215561959944692     
   12.0750000000000       0.215562239670803     
   12.1000000000000       0.215562512846759     
   12.1250000000000       0.215562779585286     
   12.1500000000000       0.215563039986233     
   12.1750000000000       0.215563294174298     
   12.2000000000000       0.215563542243320     
   12.2250000000000       0.215563784292473     
   12.2500000000000       0.215564020428772     
   12.2750000000000       0.215564250749556     
   12.3000000000000       0.215564475351198     
   12.3250000000000       0.215564694329059     
   12.3500000000000       0.215564907766428     
   12.3750000000000       0.215565115773738     
   12.4000000000000       0.215565318420945     
   12.4250000000000       0.215565515811332     
   12.4500000000000       0.215565708022459     
   12.4750000000000       0.215565895143282     
   12.5000000000000       0.215566077267444     
