  5.000000000000000E-003   1.84623309594627        17.7218853870458     
  1.000000000000000E-002  0.952560738946837        9.38510122828257     
  1.500000000000000E-002  0.662269738003440        6.61115588060882     
  2.000000000000000E-002  0.520884486181436        5.22752355614774     
  2.500000000000000E-002  0.438207724482659        4.39955464213667     
  3.000000000000000E-002  0.384457684648117        3.84905727676566     
  3.500000000000000E-002  0.347001259506598        3.45684215669709     
  4.000000000000000E-002  0.319587850913626        3.16334480318487     
  4.500000000000000E-002  0.298780826509490        2.93549713093344     
  5.000000000000000E-002  0.282538971649192        2.75347585092868     
  5.500000000000000E-002  0.269575995388211        2.60467956347703     
  6.000000000000000E-002  0.259042399493250        2.48071758204931     
  6.500000000000000E-002  0.250355396924090        2.37578904853948     
  7.000000000000001E-002  0.243101620380404        2.28575498250585     
  7.500000000000000E-002  0.236983396512876        2.20759290627845     
  8.000000000000000E-002  0.231774636389715        2.13902791817454     
  8.500000000000001E-002  0.227307677426731        2.07833394505720     
  9.000000000000000E-002  0.223451364170852        2.02416680851036     
  9.500000000000000E-002  0.220103539078136        1.97546929485646     
  0.100000000000000       0.217182928759178        1.93139733573212     
  0.105000000000000       0.214623779881100        1.89126843283234     
  0.110000000000000       0.212374880308727        1.85453081729189     
  0.115000000000000       0.210390670611517        1.82072185605896     
  0.120000000000000       0.208636491913047        1.78946421936890     
  0.125000000000000       0.207081565756971        1.76043782905640     
  0.130000000000000       0.205702526014060        1.73337821108034     
  0.135000000000000       0.204476165026814        1.70805354160665     
  0.140000000000000       0.203385608401818        1.68427205548235     
  0.145000000000000       0.202415426341853        1.66186700304197     
  0.150000000000000       0.201551699680221        1.64069326607929     
  0.155000000000000       0.200783271740385        1.62062684554871     
  0.160000000000000       0.200100840123800        1.60156047442521     
  0.165000000000000       0.199495566476540        1.58339894467452     
  0.170000000000000       0.198958995275000        1.56605743556111     
  0.175000000000000       0.198485839217807        1.54946523053364     
  0.180000000000000       0.198069500313672        1.53355624835289     
  0.185000000000000       0.197705106887066        1.51827370156548     
  0.190000000000000       0.197388020251229        1.50356653672272     
  0.195000000000000       0.197114230616317        1.48938945741947     
  0.200000000000000       0.196880130011193        1.47570192857407     
  0.205000000000000       0.196682504894795        1.46246765797328     
  0.210000000000000       0.196518786300231        1.44965455406563     
  0.215000000000000       0.196385345980314        1.43723161984490     
  0.220000000000000       0.196281160484300        1.42517450454308     
  0.225000000000000       0.196203376076341        1.41345810180421     
  0.230000000000000       0.196150351115249        1.40206117448480     
  0.235000000000000       0.196120285408160        1.39096396540776     
  0.240000000000000       0.196111649503183        1.38014867985839     
  0.245000000000000       0.196123019725552        1.36959906692958     
  0.250000000000000       0.196153108398623        1.35930031941988     
  0.255000000000000       0.196200738906892        1.34923890895110     
  0.260000000000000       0.196264832430199        1.33940245174657     
  0.265000000000000       0.196344014236914        1.32977907407109     
  0.270000000000000       0.196438683546032        1.32036013133756     
  0.275000000000000       0.196546396892798        1.31113386417864     
  0.280000000000000       0.196666928762768        1.30209220212518     
  0.285000000000000       0.196800563005904        1.29322829049578     
  0.290000000000000       0.196945143380714        1.28453267385526     
  0.295000000000000       0.197100959523709        1.27599955615924     
  0.300000000000000       0.197267150133109        1.26762212039082     
  0.305000000000000       0.197443299611290        1.25939452747119     
  0.310000000000000       0.197628886703540        1.25131118355957     
  0.315000000000000       0.197823472972710        1.24336694154933     
  0.320000000000000       0.198026635403345        1.23555698778118     
  0.325000000000000       0.198237981110088        1.22787683182123     
  0.330000000000000       0.198457143469665        1.22032227783917     
  0.335000000000000       0.198683777272509        1.21288939539532     
  0.340000000000000       0.198917559120267        1.20557450030381     
  0.345000000000000       0.199158186321524        1.19837413434719     
  0.350000000000000       0.199403991285227        1.19128354756978     
  0.355000000000000       0.199659229403552        1.18430451674059     
  0.360000000000000       0.199918169561133        1.17742835892157     
  0.365000000000000       0.200183673976279        1.17065558925759     
  0.370000000000000       0.200454485097475        1.16398255780909     
  0.375000000000000       0.200730731696059        1.15740716508126     
  0.380000000000000       0.201012094203187        1.15092697064824     
  0.385000000000000       0.201298418687377        1.14453980476468     
  0.390000000000000       0.201589504599025        1.13824354825240     
  0.395000000000000       0.201885183266080        1.13203620295951     
  0.400000000000000       0.202185282679732        1.12591585018284     
  0.405000000000000       0.202489644407484        1.11988066109494     
  0.410000000000000       0.202798114320599        1.11392888210784     
  0.415000000000000       0.203110547146293        1.10805883402150     
  0.420000000000000       0.203426800791586        1.10226890201231     
  0.425000000000000       0.203746741362013        1.09655753584639     
  0.430000000000000       0.204070240727060        1.09092324379553     
  0.435000000000000       0.204397171272358        1.08536458403789     
  0.440000000000000       0.204727417587311        1.07988017222912     
  0.445000000000000       0.205060860289077        1.07446866334392     
  0.450000000000000       0.205397392958110        1.06912876454543     
  0.455000000000000       0.205736905768643        1.06385921768296     
  0.460000000000000       0.206079297838272        1.05865880794383     
  0.465000000000000       0.206424468553389        1.05352635403644     
  0.470000000000000       0.206772320820449        1.04846070915670     
  0.475000000000000       0.207122764509669        1.04346076182708     
  0.480000000000000       0.207475706223065        1.03852542573536     
  0.485000000000000       0.207831060974155        1.03365364785446     
  0.490000000000000       0.208188744366774        1.02884440050470     
  0.495000000000000       0.208548672888949        1.02409668043815     
  0.500000000000000       0.208910767153108        1.01940951003282     
  0.505000000000000       0.209274952633901        1.01478193665607     
  0.510000000000000       0.209641151642763        1.01021302577188     
  0.515000000000000       0.210009293676376        1.00570186742541     
  0.520000000000000       0.210379304694369        1.00124756755579     
  0.525000000000000       0.210750721782700       0.996848993897499     
  0.530000000000000       0.211124806364197       0.992506168753426     
  0.535000000000000       0.211499847336949       0.988217170509218     
  0.540000000000000       0.211876734683536       0.983981804788270     
  0.545000000000000       0.212255086398624       0.979799060104014     
  0.550000000000000       0.212634951296268       0.975668218234039     
  0.555000000000000       0.213015829559127       0.971588234292350     
  0.560000000000000       0.213399020890402       0.967559182219627     
  0.565000000000000       0.213782805219641       0.963579297327212     
  0.570000000000000       0.214168088369362       0.959648433763443     
  0.575000000000000       0.214554498127757       0.955765680948887     
  0.580000000000000       0.214942086132991       0.951930394637995     
  0.585000000000000       0.215330770693570       0.948141863275845     
  0.590000000000000       0.215720101620841       0.944399178743704     
  0.595000000000000       0.216111390127604       0.940702439496016     
  0.600000000000000       0.216502910326474       0.937050039453662     
  0.605000000000000       0.216895583004388       0.933441873934295     
  0.610000000000000       0.217289042813036       0.929877128261778     
  0.615000000000000       0.217683351941661       0.926355234156978     
  0.620000000000000       0.218078431731369       0.922875555949392     
  0.625000000000000       0.218473840386869       0.919437278817977     
  0.630000000000000       0.218870906579022       0.916040521048452     
  0.635000000000000       0.219267894769796       0.912683811811803     
  0.640000000000000       0.219665742435935       0.909367080190915     
  0.645000000000000       0.220064089422955       0.906089592695969     
  0.650000000000000       0.220463001663667       0.902850842003443     
  0.655000000000000       0.220862727422734       0.899650413828241     
  0.660000000000000       0.221262172502468       0.896487252860887     
  0.665000000000000       0.221662628988929       0.893361472002459     
  0.670000000000000       0.222063290460840       0.890272170214798     
  0.675000000000000       0.222464378865203       0.887218952842758     
  0.680000000000000       0.222865776538729       0.884201270201379     
  0.685000000000000       0.223267479726534       0.881218634148839     
  0.690000000000000       0.223669028341250       0.878270356316924     
  0.695000000000000       0.224071792892577       0.875356586495264     
  0.700000000000000       0.224474016196240       0.872476062922631     
  0.705000000000000       0.224876662756818       0.869628762981291     
  0.710000000000000       0.225279375682228       0.866814076009017     
  0.715000000000000       0.225682231915075       0.864031591291037     
  0.720000000000000       0.226085170769526       0.861280844388238     
  0.725000000000000       0.226488176633962       0.858561396994731     
  0.730000000000000       0.226891217469242       0.855872810136118     
  0.735000000000000       0.227293844113802       0.853214478659111     
  0.740000000000000       0.227697450346217       0.850586567604777     
  0.745000000000000       0.228100257638826       0.847987933700668     
  0.750000000000000       0.228503252559135       0.845418583485025     
  0.755000000000000       0.228906077371930       0.842877976396105     
  0.760000000000000       0.229308818078932       0.840365758447467     
  0.765000000000000       0.229711413815919       0.837881522233942     
  0.770000000000000       0.230113856608489       0.835424887494043     
  0.775000000000000       0.230516119242465       0.832995471708056     
  0.780000000000000       0.230918182323993       0.830592901307117     
  0.785000000000000       0.231320024249491       0.828216807155925     
  0.790000000000000       0.231721622322632       0.825866825218242     
  0.795000000000000       0.232123292790468       0.823542720300005     
  0.800000000000000       0.232523895516134       0.821243728852863     
  0.805000000000000       0.232924806386784       0.818970018952564     
  0.810000000000000       0.233325190293798       0.816720947703115     
  0.815000000000000       0.233725308193838       0.814496280847264     
  0.820000000000000       0.234125044286622       0.812295651398209     
  0.825000000000000       0.234524750423734       0.810118860935639     
  0.830000000000000       0.234923269553564       0.807965191604153     
  0.835000000000000       0.235321996780882       0.805834820876125     
  0.840000000000000       0.235719653533211       0.803726999308879     
  0.845000000000000       0.236117964959686       0.801642015958173     
  0.850000000000000       0.236515015612042       0.799578919927975     
  0.855000000000000       0.236911862747690       0.797537778295293     
  0.860000000000000       0.237308134091309       0.795518177459185     
  0.865000000000000       0.237703935335580       0.793519868937398     
  0.870000000000000       0.238099208576548       0.791542553768627     
  0.875000000000000       0.238493516388133       0.789585816078523     
  0.880000000000000       0.238888314024274       0.787649852551886     
  0.885000000000000       0.239281767169682       0.785733805971592     
  0.890000000000000       0.239674913201739       0.783837745476061     
  0.895000000000000       0.240067390456688       0.781961296749078     
  0.900000000000000       0.240459302996085       0.780104236986846     
  0.905000000000000       0.240850599041736       0.778266298221918     
  0.910000000000000       0.241241280010439       0.776447232822617     
  0.915000000000000       0.241631329275495       0.774646791308265     
  0.920000000000000       0.242020288959301       0.772864595959803     
  0.925000000000000       0.242409648606097       0.771100855433229     
  0.930000000000000       0.242797542022127       0.769354777636397     
  0.935000000000000       0.243185030218192       0.767626448929571     
  0.940000000000000       0.243571745542753       0.765915533750256     
  0.945000000000000       0.243957797670967       0.764221840877161     
  0.950000000000000       0.244343136465661       0.762545135545525     
  0.955000000000000       0.244727765543695       0.760885201974037     
  0.960000000000000       0.245111672664332       0.759241822965103     
  0.965000000000000       0.245494392301394       0.757614657957799     
  0.970000000000000       0.245877438573267       0.756003922594710     
  0.975000000000000       0.246258925031949       0.754408885627966     
  0.980000000000000       0.246639924210193       0.752829644406136     
  0.985000000000000       0.247020069748897       0.751265899296429     
  0.990000000000000       0.247399473296574       0.749717485494313     
  0.995000000000000       0.247778085579294       0.748184196936093     
   1.00000000000000       0.248155916293451       0.746665846573939     
   1.00500000000000       0.248532949465095       0.745162243005359     
   1.01000000000000       0.248909181062378       0.743673200960582     
   1.01500000000000       0.249284144342805       0.742198417708062     
   1.02000000000000       0.249659370926337       0.740738112241743     
   1.02500000000000       0.250032487687941       0.739291493445880     
   1.03000000000000       0.250406136243600       0.737859067773579     
   1.03500000000000       0.250778032065703       0.736440078237773     
   1.04000000000000       0.251149394254265       0.735034667714190     
   1.04500000000000       0.251519808977803       0.733642564950850     
   1.05000000000000       0.251889406635452       0.732263638950603     
   1.05500000000000       0.252257669612901       0.730897600825102     
   1.06000000000000       0.252626166478618       0.729544677303268     
   1.06500000000000       0.252992962096712       0.728204235572038     
   1.07000000000000       0.253359164706581       0.726876393039067     
   1.07500000000000       0.253724398124555       0.725560905653206     
   1.08000000000000       0.254089142369711       0.724257736415821     
   1.08500000000000       0.254452135554987       0.722966439414876     
   1.09000000000000       0.254814907565258       0.721687232351178     
   1.09500000000000       0.255176558268421       0.720419757237661     
   1.10000000000000       0.255537387503585       0.719163943242173     
   1.10500000000000       0.255897289183220       0.717919625693688     
   1.11000000000000       0.256256294246128       0.716686674141769     
   1.11500000000000       0.256613912187323       0.715464841170959     
   1.12000000000000       0.256971729520305       0.714254354213929     
   1.12500000000000       0.257327783164136       0.713054634424262     
   1.13000000000000       0.257683200716090       0.711865807947844     
   1.13500000000000       0.258037600836257       0.710687660492017     
   1.14000000000000       0.258391109831184       0.709520094091009     
   1.14500000000000       0.258743678174252       0.708362973025428     
   1.15000000000000       0.259095321929712       0.707216178123519     
   1.15500000000000       0.259446028756358       0.706079585455367     
   1.16000000000000       0.259795803299550       0.704953076748183     
   1.16500000000000       0.260144639135843       0.703836532818326     
   1.17000000000000       0.260492533703525       0.702729837019465     
   1.17500000000000       0.260839487241725       0.701632874988177     
   1.18000000000000       0.261185496323758       0.700545533134461     
   1.18500000000000       0.261530559491582       0.699467699832340     
   1.19000000000000       0.261874674629855       0.698399264934252     
   1.19500000000000       0.262217839644461       0.697340119743310     
   1.20000000000000       0.262560052801412       0.696290157224889     
   1.20500000000000       0.262901313009257       0.695249271887186     
   1.21000000000000       0.263239883933336       0.694216993975371     
   1.21500000000000       0.263581456762660       0.693194401964844     
   1.22000000000000       0.263919133359672       0.692179982760614     
   1.22500000000000       0.264256825330253       0.691174430959833     
   1.23000000000000       0.264592737186091       0.690177286493901     
   1.23500000000000       0.264928942628738       0.689188866126267     
   1.24000000000000       0.265263272937049       0.688208642185495     
   1.24500000000000       0.265596945704280       0.687236762521650     
   1.25000000000000       0.265929553675647       0.686273053599308     
   1.25500000000000       0.266261230717737       0.685317450062353     
   1.26000000000000       0.266591932126046       0.684369852731151     
   1.26500000000000       0.266921674365141       0.683430175618791     
   1.27000000000000       0.267250447324682       0.682498328685718     
   1.27500000000000       0.267578257468431       0.681574226429151     
   1.28000000000000       0.267905097876712       0.680657781782535     
   1.28500000000000       0.268230977457347       0.679748912060562     
   1.29000000000000       0.268555887367688       0.678847532092210     
   1.29500000000000       0.268879831309021       0.677953560369626     
   1.30000000000000       0.269202808486546       0.677066915570467     
   1.30500000000000       0.269524820337950       0.676187517913224     
   1.31000000000000       0.269845865678936       0.675315288150173     
   1.31500000000000       0.270165943069551       0.674450148017143     
   1.32000000000000       0.270485056561165       0.673592021387683     
   1.32500000000000       0.270803204298209       0.672740831986865     
   1.33000000000000       0.271120386562886       0.671896504945328     
   1.33500000000000       0.271436601949010       0.671058966047982     
   1.34000000000000       0.271751855435080       0.670228143307358     
   1.34500000000000       0.272066143169429       0.669403963974771     
   1.35000000000000       0.272379467903199       0.668586357504378     
   1.35500000000000       0.272691828959929       0.667775253601246     
   1.36000000000000       0.273003228693817       0.666970583521475     
   1.36500000000000       0.273313666534206       0.666172278814411     
   1.37000000000000       0.273623142702477       0.665380272068611     
   1.37500000000000       0.273931659992288       0.664594497253050     
   1.38000000000000       0.274239215209862       0.663814888086121     
   1.38500000000000       0.274545816072036       0.663041381113051     
   1.39000000000000       0.274851455019650       0.662273910920684     
   1.39500000000000       0.275156140808077       0.661512415929143     
   1.40000000000000       0.275459869685253       0.660756833039405     
   1.40500000000000       0.275762643394953       0.660007100960828     
   1.41000000000000       0.276064466210285       0.659263159671381     
   1.41500000000000       0.276365333893622       0.658524948336540     
   1.42000000000000       0.276665251700864       0.657792408639502     
   1.42500000000000       0.276964218539181       0.657065481841929     
   1.43000000000000       0.277262238121329       0.656344110823460     
   1.43500000000000       0.277559308859720       0.655628238240536     
   1.44000000000000       0.277855434316065       0.654917808397744     
   1.44500000000000       0.278150613773829       0.654212765523504     
   1.45000000000000       0.278444850703395       0.653513055321055     
   1.45500000000000       0.278738145422444       0.652818623600396     
   1.46000000000000       0.279029984301936       0.652129334970122     
   1.46500000000000       0.279322481748092       0.651445472216773     
   1.47000000000000       0.279612189969721       0.650766436057236     
   1.47500000000000       0.279901990422531       0.650092632702426     
   1.48000000000000       0.280190512292091       0.649423793527237     
   1.48500000000000       0.280478216034331       0.648759940922341     
   1.49000000000000       0.280764949490534       0.648101001232093     
   1.49500000000000       0.281050761704469       0.647446932983341     
   1.50000000000000       0.281335646594150       0.646797686915287     
   1.50500000000000       0.281619084998752       0.646153135322627     
   1.51000000000000       0.281902814341908       0.645513498026984     
   1.51500000000000       0.282184690739029       0.644878398562320     
   1.52000000000000       0.282465957265326       0.644247981828081     
   1.52500000000000       0.282745679763282       0.643622060307676     
   1.53000000000000       0.283025736615623       0.643000873170729     
   1.53500000000000       0.283303935992510       0.642384044269043     
   1.54000000000000       0.283581537871187       0.641771720141860     
   1.54500000000000       0.283858120010675       0.641163793689610     
   1.55000000000000       0.284133828932936       0.640560244049529     
   1.55500000000000       0.284408617278905       0.639961021723861     
   1.56000000000000       0.284682502523611       0.639366087407138     
   1.56500000000000       0.284955482503787       0.638775399439054     
   1.57000000000000       0.285227962234128       0.638188974832269     
   1.57500000000000       0.285498589585883       0.637606577743757     
   1.58000000000000       0.285769057965793       0.637028415154196     
   1.58500000000000       0.286038379958154       0.636454303271397     
   1.59000000000000       0.286306890518274       0.635884251844465     
   1.59500000000000       0.286574479027955       0.635318206268538     
   1.60000000000000       0.286841189063594       0.634756134800240     
   1.60500000000000       0.287107004963305       0.634197997486719     
   1.61000000000000       0.287371936913118       0.633643758603140     
   1.61500000000000       0.287635984572715       0.633093381338497     
   1.62000000000000       0.287899150154202       0.632546829637944     
   1.62500000000000       0.288161436710749       0.632004068061782     
   1.63000000000000       0.288422843923871       0.631465061044748     
   1.63500000000000       0.288683378295619       0.630929774533991     
   1.64000000000000       0.288943037095019       0.630398173438268     
   1.64500000000000       0.289201822999032       0.629870223896467     
   1.65000000000000       0.289459744805000       0.629345893398876     
   1.65500000000000       0.289716796654168       0.628825147566936     
   1.66000000000000       0.289972984060852       0.628307954103804     
   1.66500000000000       0.290228309083278       0.627794280562125     
   1.67000000000000       0.290482775348330       0.627284095061992     
   1.67500000000000       0.290736382979667       0.626777365588314     
   1.68000000000000       0.290989135310768       0.626274060937083     
   1.68500000000000       0.291241033580427       0.625774149986564     
   1.69000000000000       0.291492492656122       0.625277656290330     
   1.69500000000000       0.291742128215836       0.624784365495388     
   1.70000000000000       0.291991672289468       0.624294479403321     
   1.70500000000000       0.292240119064009       0.623807833113628     
   1.71000000000000       0.292487807239696       0.623324442399144     
   1.71500000000000       0.292734627114435       0.622844263484325     
   1.72000000000000       0.292980618408741       0.622367272780409     
   1.72500000000000       0.293225773104792       0.621893440690502     
   1.73000000000000       0.293470093248945       0.621422739173854     
   1.73500000000000       0.293713586164858       0.620955141274818     
   1.74000000000000       0.293956248861206       0.620490618821292     
   1.74500000000000       0.294198087408597       0.620029145271945     
   1.75000000000000       0.294439100582416       0.619570693351720     
   1.75500000000000       0.294679294015483       0.619115237095153     
   1.76000000000000       0.294918667866971       0.618662750090499     
   1.76500000000000       0.295157639350614       0.618213258451663     
   1.77000000000000       0.295394816694678       0.617766560411079     
   1.77500000000000       0.295631940374232       0.617322852554935     
   1.78000000000000       0.295868002012851       0.616881980686786     
   1.78500000000000       0.296103339551362       0.616443962860773     
   1.79000000000000       0.296337844092021       0.616008760522408     
   1.79500000000000       0.296571974575817       0.615576405622864     
   1.80000000000000       0.296804312275197       0.615146697583114     
   1.80500000000000       0.297036619303191       0.614719833094549     
   1.81000000000000       0.297267326198544       0.614295591869625     
   1.81500000000000       0.297498604896207       0.613874220820943     
   1.82000000000000       0.297728086955239       0.613455401737944     
   1.82500000000000       0.297957117800242       0.613039279182326     
   1.83000000000000       0.298185248363331       0.612625774762979     
   1.83500000000000       0.298412636425752       0.612214885850880     
   1.84000000000000       0.298639229834808       0.611806583892006     
   1.84500000000000       0.298865048842122       0.611400849614472     
   1.85000000000000       0.299090089243498       0.610997660841555     
   1.85500000000000       0.299313806317401       0.610596930176057     
   1.86000000000000       0.299538039224384       0.610198859131073     
   1.86500000000000       0.299760518778798       0.609803151164964     
   1.87000000000000       0.299982564799973       0.609409945261139     
   1.87500000000000       0.300203732017529       0.609019166589355     
   1.88000000000000       0.300424176651180       0.608630813458436     
   1.88500000000000       0.300643294743776       0.608244793547513     
   1.89000000000000       0.300862955647692       0.607861309844251     
   1.89500000000000       0.301080315114175       0.607480003835468     
   1.90000000000000       0.301298550117319       0.607101233913308     
   1.90500000000000       0.301514937429620       0.606724657793362     
   1.91000000000000       0.301730942912687       0.606350430457148     
   1.91500000000000       0.301946079019275       0.605978475432429     
   1.92000000000000       0.302160516883664       0.605608794233684     
   1.92500000000000       0.302374197705211       0.605241361101474     
   1.93000000000000       0.302587145039032       0.604876160069670     
   1.93500000000000       0.302799357091107       0.604513172292312     
   1.94000000000000       0.303010836583953       0.604152379549831     
   1.94500000000000       0.303221024995630       0.603793699215432     
   1.95000000000000       0.303431788737754       0.603437328920035     
   1.95500000000000       0.303640833102200       0.603082986152791     
   1.96000000000000       0.303849482461101       0.602730806855272     
   1.96500000000000       0.304057302783714       0.602380724496478     
   1.97000000000000       0.304264440489446       0.602032739532799     
   1.97500000000000       0.304470845907065       0.601686830023117     
   1.98000000000000       0.304676543045207       0.601342982534189     
   1.98500000000000       0.304881954342247       0.601001227286682     
   1.99000000000000       0.305085642513286       0.600661386917079     
   1.99500000000000       0.305289409565533       0.600323648131655     
   2.00000000000000       0.305492206102217       0.599987875217167     
   2.00500000000000       0.305694387822434       0.599654091648295     
   2.01000000000000       0.305895837598396       0.599322267863717     
   2.01500000000000       0.306096599745329       0.598992393005447     
   2.02000000000000       0.306296663178721       0.598664450619575     
   2.02500000000000       0.306496032422674       0.598338426560107     
   2.03000000000000       0.306694711049941       0.598014307178535     
   2.03500000000000       0.306892699329010       0.597692078713224     
   2.04000000000000       0.307090003251573       0.597371728143920     
   2.04500000000000       0.307286621468818       0.597053241385427     
   2.05000000000000       0.307482556822778       0.596736604401005     
   2.05500000000000       0.307677812599789       0.596421802743218     
   2.06000000000000       0.307872388232482       0.596108821026737     
   2.06500000000000       0.308066293692398       0.595797644887724     
   2.07000000000000       0.308258955155008       0.595488196566817     
   2.07500000000000       0.308452272797286       0.595180667393004     
   2.08000000000000       0.308643908165997       0.594874788906276     
   2.08500000000000       0.308835216319149       0.594570695063713     
   2.09000000000000       0.309025746837930       0.594268324658201     
   2.09500000000000       0.309215654070274       0.593967682850004     
   2.10000000000000       0.309404888556932       0.593668753264417     
   2.10500000000000       0.309593469916822       0.593371526861157     
   2.11000000000000       0.309780826750614       0.593075931222365     
   2.11500000000000       0.309968859515254       0.592782156481675     
   2.12000000000000       0.310155227346263       0.592489939353706     
   2.12500000000000       0.310341284625148       0.592199409847776     
   2.13000000000000       0.310526583614616       0.591910505269476     
   2.13500000000000       0.310711275446771       0.591623226594909     
   2.14000000000000       0.310895312496173       0.591337554339249     
   2.14500000000000       0.311078715318787       0.591053477442718     
   2.15000000000000       0.311261478570402       0.590770983682551     
   2.15500000000000       0.311443035176533       0.590490003887065     
   2.16000000000000       0.311625293383075       0.590210728911407     
   2.16500000000000       0.311805904181187       0.589932905057185     
   2.17000000000000       0.311986223051620       0.589656666039772     
   2.17500000000000       0.312165803840117       0.589381956326246     
   2.18000000000000       0.312345234703073       0.589108825102243     
   2.18500000000000       0.312522996313342       0.588837104227649     
   2.19000000000000       0.312700941721174       0.588566970472031     
   2.19500000000000       0.312877999233185       0.588298297126029     
   2.20000000000000       0.313054531068865       0.588031105648800     
   2.20500000000000       0.313230418181454       0.587765368803436     
   2.21000000000000       0.313405704435467       0.587501078238401     
   2.21500000000000       0.313580377757823       0.587238222560561     
   2.22000000000000       0.313754441644844       0.586976794860525     
   2.22500000000000       0.313927903508827       0.586716791092650     
   2.23000000000000       0.314100758719370       0.586458207062526     
   2.23500000000000       0.314272439041352       0.586200981583543     
   2.24000000000000       0.314444864460848       0.585945303106597     
   2.24500000000000       0.314616108329005       0.585690966555586     
   2.25000000000000       0.314786498137455       0.585437993650819     
   2.25500000000000       0.314955942522946       0.585186360747428     
   2.26000000000000       0.315125371686729       0.584936142477823     
   2.26500000000000       0.315294020340537       0.584687242928387     
   2.27000000000000       0.315462143197053       0.584439670453241     
   2.27500000000000       0.315629658643704       0.584193403240294     
   2.28000000000000       0.315796601834545       0.583948436087352     
   2.28500000000000       0.315962960348710       0.583704764091788     
   2.29000000000000       0.316128741856033       0.583462388700720     
   2.29500000000000       0.316293942721830       0.583221312353800     
   2.30000000000000       0.316458572700198       0.582981538589934     
   2.30500000000000       0.316622627797524       0.582743066078606     
   2.31000000000000       0.316786113282364       0.582505888954278     
   2.31500000000000       0.316949030627146       0.582269994212541     
   2.32000000000000       0.317111381830512       0.582035362555744     
   2.32500000000000       0.317273168258634       0.581801970200507     
   2.33000000000000       0.317434392227997       0.581569792352774     
   2.33500000000000       0.317595054973012       0.581338806698941     
   2.34000000000000       0.317755160650842       0.581108997524422     
   2.34500000000000       0.317914709667649       0.580880357311068     
   2.35000000000000       0.318073701634335       0.580652887811641     
   2.35500000000000       0.318232140635256       0.580426598855000     
   2.36000000000000       0.318389447222639       0.580201448265492     
   2.36500000000000       0.318548014482198       0.579977678749343     
   2.37000000000000       0.318703935431711       0.579754922003992     
   2.37500000000000       0.318860478644295       0.579533489929833     
   2.38000000000000       0.319016087445704       0.579313217112079     
   2.38500000000000       0.319171285768324       0.579094127096299     
   2.39000000000000       0.319325901181111       0.578876168211047     
   2.39500000000000       0.319479995810973       0.578659308964434     
   2.40000000000000       0.319633548751312       0.578443514314219     
   2.40500000000000       0.319786568585014       0.578228763101751     
   2.41000000000000       0.319939506103935       0.578015090637266     
   2.41500000000000       0.320090850128624       0.577802365449210     
   2.42000000000000       0.320242937420323       0.577590832044508     
   2.42500000000000       0.320393608047377       0.577380318266737     
   2.43000000000000       0.320543603888106       0.577170926893515     
   2.43500000000000       0.320693596973228       0.576962741344389     
   2.44000000000000       0.320842891672244       0.576755698377230     
   2.44500000000000       0.320991726007825       0.576549800923160     
   2.45000000000000       0.321140025792538       0.576345001140080     
   2.45500000000000       0.321287816103584       0.576141245338081     
   2.46000000000000       0.321435091896114       0.575938472122420     
   2.46500000000000       0.321581856092472       0.575736628447621     
   2.47000000000000       0.321728110244832       0.575535680740407     
   2.47500000000000       0.321873855544137       0.575335623215658     
   2.48000000000000       0.322019095973018       0.575136480686834     
   2.48500000000000       0.322163827267198       0.574938302897711     
   2.49000000000000       0.322308058882185       0.574741155414899     
   2.49500000000000       0.322451787334562       0.574545101261118     
   2.50000000000000       0.322595016270454       0.574350185919882     
   2.52500000000000       0.323327135072675       0.573394165382900     
   2.55000000000000       0.324022674700924       0.572460709003306     
   2.57500000000000       0.324705397076422       0.571549471582310     
   2.60000000000000       0.325376019926551       0.570660814002087     
   2.62500000000000       0.326034976036594       0.569793695891862     
   2.65000000000000       0.326682565020218       0.568947072811047     
   2.67500000000000       0.327319034491997       0.568120583317634     
   2.70000000000000       0.327944605330064       0.567313762941689     
   2.72500000000000       0.328559475809210       0.566525889643547     
   2.75000000000000       0.329163843293828       0.565756379373320     
   2.77500000000000       0.329757889192250       0.565004772199219     
   2.80000000000000       0.330341794633151       0.564270552979029     
   2.82500000000000       0.330915738068576       0.563553192490644     
   2.85000000000000       0.331479891338285       0.562852220634562     
   2.87500000000000       0.332034869483455       0.562167221176484     
   2.90000000000000       0.332579330410749       0.561497630926126     
   2.92500000000000       0.333115344800018       0.560843169040735     
   2.95000000000000       0.333641941819881       0.560203331392433     
   2.97500000000000       0.334159053673196       0.559577703104504     
   3.00000000000000       0.334668745158727       0.558966049400286     
   3.02500000000000       0.335168696449834       0.558367796974279     
   3.05000000000000       0.335658185470180       0.557782470386605     
   3.07500000000000       0.336144401084257       0.557210376030154     
   3.10000000000000       0.336618677110498       0.556650432273990     
   3.12500000000000       0.337086075063759       0.556102704064323     
   3.15000000000000       0.337545116375540       0.555566746954586     
   3.17500000000000       0.337996487327872       0.555042299204117     
   3.20000000000000       0.338440149834959       0.554529052063206     
   3.22500000000000       0.338876292615645       0.554026724250109     
   3.25000000000000       0.339305032239044       0.553535038080684     
   3.27500000000000       0.339726502728143       0.553053726035050     
   3.30000000000000       0.340140826156954       0.552582528193117     
   3.32500000000000       0.340548127883734       0.552121193061918     
   3.35000000000000       0.340948528870749       0.551669476795650     
   3.37500000000000       0.341342151876998       0.551227143167321     
   3.40000000000000       0.341729106332027       0.550793962242426     
   3.42500000000000       0.342109515908651       0.550369712327183     
   3.45000000000000       0.342483490522558       0.549954177337050     
   3.47500000000000       0.342851135862669       0.549547147447925     
   3.50000000000000       0.343212568626911       0.549148420025031     
   3.52500000000000       0.343567269089374       0.548757752465724     
   3.55000000000000       0.343917423825883       0.548375105016033     
   3.57500000000000       0.344260563340876       0.548000102291643     
   3.60000000000000       0.344598275796446       0.547632673345301     
   3.62500000000000       0.344930165267893       0.547272606124813     
   3.65000000000000       0.345256493433288       0.546919741956405     
   3.67500000000000       0.345577305453385       0.546573911270944     
   3.70000000000000       0.345892708685557       0.546234953711122     
   3.72500000000000       0.346202791727083       0.545902712190604     
   3.75000000000000       0.346507018714948       0.545576990228926     
   3.77500000000000       0.346807580924786       0.545257788597905     
   3.80000000000000       0.347101968172612       0.544944777143976     
   3.82500000000000       0.347391766013596       0.544637923190834     
   3.85000000000000       0.347676560792008       0.544337054445903     
   3.87500000000000       0.347956601301834       0.544042049727571     
   3.90000000000000       0.348231916507987       0.543752775862554     
   3.92500000000000       0.348502599724977       0.543469107677043     
   3.95000000000000       0.348768730327558       0.543190922503958     
   3.97500000000000       0.349030381012799       0.542918100401053     
   4.00000000000000       0.349287634144331       0.542650525425678     
   4.02500000000000       0.349540562574216       0.542388083946085     
   4.05000000000000       0.349789235365632       0.542130665089841     
   4.07500000000000       0.350033732127355       0.541878161683374     
   4.10000000000000       0.350274117333742       0.541630468222799     
   4.12500000000000       0.350510939053981       0.541387509219234     
   4.15000000000000       0.350742659851062       0.541149085526901     
   4.17500000000000       0.350971369146909       0.540915234773206     
   4.20000000000000       0.351195935717592       0.540685778817753     
   4.22500000000000       0.351416828713421       0.540460652904431     
   4.25000000000000       0.351633986138385       0.540239758094660     
   4.27500000000000       0.351847500717275       0.540023008241857     
   4.30000000000000       0.352057431275568       0.539810317289907     
   4.32500000000000       0.352263840085753       0.539601601439112     
   4.35000000000000       0.352466787796258       0.539396778916262     
   4.37500000000000       0.352666331835561       0.539195769725808     
   4.40000000000000       0.352862525242362       0.538998495547007     
   4.42500000000000       0.353055432062475       0.538804880763645     
   4.45000000000000       0.353245102458479       0.538614850612740     
   4.47500000000000       0.353431591177440       0.538428332493074     
   4.50000000000000       0.353614957935559       0.538245255910166     
   4.52500000000000       0.353795248306560       0.538065551069657     
   4.55000000000000       0.353972517559289       0.537889150526548     
   4.57500000000000       0.354146817641658       0.537715988251275     
   4.60000000000000       0.354318195061386       0.537545999376944     
   4.62500000000000       0.354486704280341       0.537379121140720     
   4.65000000000000       0.354652386107985       0.537215291300256     
   4.67500000000000       0.354814654200964       0.537054408570635     
   4.70000000000000       0.354975695007392       0.536896554044309     
   4.72500000000000       0.355132905272441       0.536741495118524     
   4.75000000000000       0.355287860265131       0.536589277028033     
   4.77500000000000       0.355440095892771       0.536439811015590     
   4.80000000000000       0.355589176552913       0.536293012680286     
   4.82500000000000       0.355737249088691       0.536148966095259     
   4.85000000000000       0.355881706062091       0.536007445935009     
   4.87500000000000       0.356024123681251       0.535868502995997     
   4.90000000000000       0.356163386954613       0.535732013116599     
   4.92500000000000       0.356301861099747       0.535598078612369     
   4.95000000000000       0.356436862279881       0.535466474612635     
   4.97500000000000       0.356569989526158       0.535337257234990     
   5.00000000000000       0.356700763885730       0.535210347549203     
   5.02500000000000       0.356829387012628       0.535085712004345     
   5.05000000000000       0.356955199937666       0.534963263113268     
   5.07500000000000       0.357079767337328       0.534843057125456     
   5.10000000000000       0.357202611553140       0.534725017961751     
   5.12500000000000       0.357322635652332       0.534609032446451     
   5.15000000000000       0.357440906668225       0.534495127996010     
   5.17500000000000       0.357557117581592       0.534383243669511     
   5.20000000000000       0.357671408338303       0.534273348250999     
   5.22500000000000       0.357783783150349       0.534165402667616     
   5.25000000000000       0.357894276179077       0.534059370475131     
   5.27500000000000       0.358002921705115       0.533955216142742     
   5.30000000000000       0.358109749588176       0.533852904548606     
   5.32500000000000       0.358214790196323       0.533752401370933     
   5.35000000000000       0.358318073810387       0.533653673035661     
   5.37500000000000       0.358419629838986       0.533556686626060     
   5.40000000000000       0.358519486212225       0.533461409808398     
   5.42500000000000       0.358617669484325       0.533367810862057     
   5.45000000000000       0.358714213679921       0.533275859239921     
   5.47500000000000       0.358809142061746       0.533185524334510     
   5.50000000000000       0.358902479704019       0.533096776253786     
   5.52500000000000       0.358994258940571       0.533009586301561     
   5.55000000000000       0.359083849003502       0.532923884973193     
   5.57500000000000       0.359173452489223       0.532839781292814     
   5.60000000000000       0.359260408021831       0.532757077251292     
   5.62500000000000       0.359346291566653       0.532675844971086     
   5.65000000000000       0.359430612458591       0.532596025304039     
   5.67500000000000       0.359513560024461       0.532517602894106     
   5.70000000000000       0.359595110506416       0.532440549487984     
   5.72500000000000       0.359675298911680       0.532364840974720     
   5.75000000000000       0.359754141842643       0.532290452594793     
   5.77500000000000       0.359831016825845       0.532217320704497     
   5.80000000000000       0.359908117247711       0.532145557506965     
   5.82500000000000       0.359982775606682       0.532074970514960     
   5.85000000000000       0.360056572319965       0.532005636104023     
   5.87500000000000       0.360128999094447       0.531937498621788     
   5.90000000000000       0.360200260650164       0.531870548160451     
   5.92500000000000       0.360270313011239       0.531804759409187     
   5.95000000000000       0.360338544001298       0.531740072649469     
   5.97500000000000       0.360407149734908       0.531676602945151     
   6.00000000000000       0.360473452661344       0.531614160900284     
   6.02500000000000       0.360539030403399       0.531552825280679     
   6.05000000000000       0.360603379919486       0.531492543918917     
   6.07500000000000       0.360666696107610       0.531433309035651     
   6.10000000000000       0.360728935792337       0.531375098257791     
   6.12500000000000       0.360790624576296       0.531317919322763     
   6.15000000000000       0.360850125214381       0.531261661637929     
   6.17500000000000       0.360909534036490       0.531206433605771     
   6.20000000000000       0.360967636259242       0.531152140219771     
   6.22500000000000       0.361024866076659       0.531098790818888     
   6.25000000000000       0.361081101197377       0.531046360077691     
   6.27500000000000       0.361136401702793       0.530994834521920     
   6.30000000000000       0.361190775237534       0.530944197748540     
   6.32500000000000       0.361244233983158       0.530894433845848     
   6.35000000000000       0.361296797564003       0.530845527780154     
   6.37500000000000       0.361348478775852       0.530797464349109     
   6.40000000000000       0.361399291237424       0.530750228683535     
   6.42500000000000       0.361449255648835       0.530703806692301     
   6.45000000000000       0.361498377284066       0.530658183532589     
   6.47500000000000       0.361546675082482       0.530613345560009     
   6.50000000000000       0.361594162897647       0.530569279053355     
   6.52500000000000       0.361640854491265       0.530525970555031     
   6.55000000000000       0.361686759198671       0.530483406562281     
   6.57500000000000       0.361731894703521       0.530441574427322     
   6.60000000000000       0.361775616658047       0.530400421461626     
   6.62500000000000       0.361820126340865       0.530360069516388     
   6.65000000000000       0.361862729076747       0.530320338574632     
   6.67500000000000       0.361905001267938       0.530281314020826     
   6.70000000000000       0.361946438304472       0.530242951899541     
   6.72500000000000       0.361987219802883       0.530205250973225     
   6.75000000000000       0.362027301231271       0.530168196366810     
   6.77500000000000       0.362066711415759       0.530131777952601     
   6.80000000000000       0.362105459670075       0.530095984575897     
   6.82500000000000       0.362144041662692       0.530060829575469     
   6.85000000000000       0.362180822554659       0.530026211422814     
   6.87500000000000       0.362217885399679       0.529992243519666     
   6.90000000000000       0.362254017163460       0.529958839330571     
   6.92500000000000       0.362289640863441       0.529926014330517     
   6.95000000000000       0.362324627968454       0.529893750003125     
   6.97500000000000       0.362359037542132       0.529862039673479     
   7.00000000000000       0.362392861721522       0.529830872738989     
   7.02500000000000       0.362426119581814       0.529800240459995     
   7.05000000000000       0.362458814177075       0.529770133176709     
   7.07500000000000       0.362490954788417       0.529740541896302     
   7.10000000000000       0.362522556339015       0.529711458142754     
   7.12500000000000       0.362553623187354       0.529682872880282     
   7.15000000000000       0.362583509387947       0.529654738148891     
   7.17500000000000       0.362614413433098       0.529627178897624     
   7.20000000000000       0.362643639404398       0.529600020607577     
   7.22500000000000       0.362672757617308       0.529573351739874     
   7.25000000000000       0.362701254598596       0.529547132122012     
   7.27500000000000       0.362729313290579       0.529521364719383     
   7.30000000000000       0.362756885361605       0.529496038382509     
   7.32500000000000       0.362783990745520       0.529471146265272     
   7.35000000000000       0.362810640197734       0.529446681206552     
   7.37500000000000       0.362836837496924       0.529422635627488     
   7.40000000000000       0.362862591961543       0.529399002540744     
   7.42500000000000       0.362887909607044       0.529375774750725     
   7.45000000000000       0.362912796629408       0.529352945372613     
   7.47500000000000       0.362937265356784       0.529330507872994     
   7.50000000000000       0.362961315684223       0.529308455171477     
   7.52500000000000       0.362984960344276       0.529286781091390     
   7.55000000000000       0.363008204348383       0.529265479058898     
   7.57500000000000       0.363031050048007       0.529244542492132     
   7.60000000000000       0.363053511487485       0.529223965646255     
   7.62500000000000       0.363075588713274       0.529203742009297     
   7.65000000000000       0.363096635244277       0.529183826454117     
   7.67500000000000       0.363118849762324       0.529164346012521     
   7.70000000000000       0.363138866760358       0.529145089289787     
   7.72500000000000       0.363160458102196       0.529126280446921     
   7.75000000000000       0.363180394891978       0.529107715790332     
   7.77500000000000       0.363200422306349       0.529089496780996     
   7.80000000000000       0.363219961833718       0.529071582141633     
   7.82500000000000       0.363239218293256       0.529053978823980     
   7.85000000000000       0.363258132490102       0.529036677634936     
   7.87500000000000       0.363276726083694       0.529019674401228     
   7.90000000000000       0.363295002841617       0.529002964032800     
   7.92500000000000       0.363312966585349       0.528986541479622     
   7.95000000000000       0.363330623495321       0.528970401916470     
   7.97500000000000       0.363348466019599       0.528954564610101     
   8.00000000000000       0.363364848376617       0.528938934628547     
   8.02500000000000       0.363381856972950       0.528923630433407     
   8.05000000000000       0.363398261576497       0.528908571234684     
   8.07500000000000       0.363414487377886       0.528893778349930     
   8.10000000000000       0.363429740303006       0.528879199334305     
   8.12500000000000       0.363446272303265       0.528864965865780     
   8.15000000000000       0.363461354412312       0.528850906809289     
   8.17500000000000       0.363476564615063       0.528837114580915     
   8.20000000000000       0.363491385481173       0.528823553156650     
   8.22500000000000       0.363505995582820       0.528810229150540     
   8.25000000000000       0.363520338615461       0.528797134917421     
   8.27500000000000       0.363534440400342       0.528784267906454     
   8.30000000000000       0.363548297104914       0.528771623800546     
   8.32500000000000       0.363559427703100       0.528759005052005     
   8.35000000000000       0.363575925625868       0.528746981843795     
   8.37500000000000       0.363588152447608       0.528734926535874     
   8.40000000000000       0.363601442142970       0.528723159674744     
   8.42500000000000       0.363614055222131       0.528711570236213     
   8.45000000000000       0.363626587775705       0.528700190877955     
   8.47500000000000       0.363638849236418       0.528689006244309     
   8.50000000000000       0.363650911951231       0.528678017231352     
   8.52500000000000       0.363662758207919       0.528667219209302     
   8.55000000000000       0.363674400111455       0.528656609542471     
   8.57500000000000       0.363685836852199       0.528646184782699     
   8.60000000000000       0.363696418952520       0.528635902950353     
   8.62500000000000       0.363708342452051       0.528625893145551     
   8.65000000000000       0.363718896936953       0.528615987247449     
   8.67500000000000       0.363729655259552       0.528606278358604     
   8.70000000000000       0.363740097077102       0.528596731600032     
   8.72500000000000       0.363750400504879       0.528587354815598     
   8.75000000000000       0.363760508545527       0.528578141539168     
   8.77500000000000       0.363770445954921       0.528569090359095     
   8.80000000000000       0.363780205977138       0.528560197945195     
   8.82500000000000       0.363790285118618       0.528551485944033     
   8.85000000000000       0.363799028442619       0.528542861470827     
   8.87500000000000       0.363808527034328       0.528534444976984     
   8.90000000000000       0.363817547431076       0.528526157891414     
   8.92500000000000       0.363826510661637       0.528518023275682     
   8.95000000000000       0.363834621011101       0.528509990824023     
   8.97500000000000       0.363844129575880       0.528502193685124     
   9.00000000000000       0.363852302695046       0.528494463061741     
   9.02500000000000       0.363860720474446       0.528486893101422     
   9.05000000000000       0.363868862117874       0.528479449610460     
   9.07500000000000       0.363876899263684       0.528472140587539     
   9.10000000000000       0.363884782931377       0.528464960767427     
   9.12500000000000       0.363892529098377       0.528457908781444     
   9.15000000000000       0.363900137234228       0.528450982326262     
   9.17500000000000       0.363907609556418       0.528444179305858     
   9.20000000000000       0.363914949074469       0.528437497704778     
   9.22500000000000       0.363921499913426       0.528430896314076     
   9.25000000000000       0.363929461602828       0.528424505422519     
   9.27500000000000       0.363936119375327       0.528418157943851     
   9.30000000000000       0.363943044674122       0.528411947919215     
   9.32500000000000       0.363949717350414       0.528405841508432     
   9.35000000000000       0.363956315141730       0.528399847638099     
   9.37500000000000       0.363962118969643       0.528393921436912     
   9.40000000000000       0.363969354314399       0.528388194916793     
   9.42500000000000       0.363975293740964       0.528382500555329     
   9.45000000000000       0.363981515181392       0.528376932837636     
   9.47500000000000       0.363987493114202       0.528371457901905     
   9.50000000000000       0.363993411268380       0.528366085195495     
   9.52500000000000       0.363999200510257       0.528360808673846     
   9.55000000000000       0.364004895446016       0.528355628767437     
   9.57500000000000       0.364010483113042       0.528350542965437     
   9.60000000000000       0.364015967609253       0.528345549819260     
   9.62500000000000       0.364021353506871       0.528340647985378     
   9.65000000000000       0.364026640164518       0.528335835788238     
   9.67500000000000       0.364032319685085       0.528331135778985     
   9.70000000000000       0.364036735270419       0.528326456400391     
   9.72500000000000       0.364041978596957       0.528321919041837     
   9.75000000000000       0.364046816131321       0.528317446515180     
   9.77500000000000       0.364051001573829       0.528313023237719     
   9.80000000000000       0.364056608525985       0.528308772306468     
   9.82500000000000       0.364060297374851       0.528304490387859     
   9.85000000000000       0.364065832200510       0.528300403813393     
   9.87500000000000       0.364069974899922       0.528296314531022     
   9.90000000000000       0.364074471211724       0.528292327695874     
   9.92500000000000       0.364079227550484       0.528288430398309     
   9.95000000000000       0.364082784437185       0.528284543364759     
   9.97500000000000       0.364087167488571       0.528280784183663     
   10.0000000000000       0.364091652437233       0.528277101101156     
   10.0250000000000       0.364094989543056       0.528273427653260     
   10.0500000000000       0.364099142696491       0.528269877656718     
   10.0750000000000       0.364102913344848       0.528266376385120     
   10.1000000000000       0.364106709660430       0.528262947484173     
   10.1250000000000       0.364110398333819       0.528259581571898     
   10.1500000000000       0.364114029532345       0.528256280601331     
   10.1750000000000       0.364117585770036       0.528253042320455     
   10.2000000000000       0.364121076067236       0.528249866193982     
   10.2250000000000       0.364124494941476       0.528246750736196     
   10.2500000000000       0.364127851402503       0.528243695476899     
   10.2750000000000       0.364131141122135       0.528240699046604     
   10.3000000000000       0.364134367291917       0.528237760627139     
   10.3250000000000       0.364137531012041       0.528234879217873     
   10.3500000000000       0.364140631078622       0.528232053770478     
   10.3750000000000       0.364143671504309       0.528229283531510     
   10.4000000000000       0.364146652836560       0.528226567544737     
   10.4250000000000       0.364149574518439       0.528223904813286     
   10.4500000000000       0.364152440021799       0.528221294623002     
   10.4750000000000       0.364155248172912       0.528218735968188     
   10.5000000000000       0.364158487616129       0.528216251776349     
   10.5250000000000       0.364160506259976       0.528213751656274     
   10.5500000000000       0.364163878866617       0.528211380951930     
   10.5750000000000       0.364165716201110       0.528208973492521     
   10.6000000000000       0.364168524313077       0.528206676344956     
   10.6250000000000       0.364170930597681       0.528204404597721     
   10.6500000000000       0.364173398457901       0.528202185573048     
   10.6750000000000       0.364175780664554       0.528200009492787     
   10.7000000000000       0.364177458589790       0.528197838759718     
   10.7250000000000       0.364178139952718       0.528195611546653     
   10.7500000000000       0.364183209834335       0.528193734001156     
   10.7750000000000       0.364184573013209       0.528191679012677     
   10.8000000000000       0.364187057399011       0.528189737599042     
   10.8250000000000       0.364189083650530       0.528187812047555     
   10.8500000000000       0.364191187980727       0.528185934155843     
   10.8750000000000       0.364193694078264       0.528184116944684     
   10.9000000000000       0.364194337844946       0.528182233905303     
   10.9250000000000       0.364197398194396       0.528180538354719     
   10.9500000000000       0.364198922060109       0.528178789276771     
   10.9750000000000       0.364200901824689       0.528177107329716     
   11.0000000000000       0.364203160532812       0.528175475213090     
   11.0250000000000       0.364204267434876       0.528173816200151     
   11.0500000000000       0.364206239655186       0.528172247847713     
   11.0750000000000       0.364207863137216       0.528170695186029     
   11.1000000000000       0.364209547457942       0.528169182459950     
   11.1250000000000       0.364211161525318       0.528167701075645     
   11.1500000000000       0.364212750372193       0.528166253215760     
   11.1750000000000       0.364214297973498       0.528164837240398     
   11.2000000000000       0.364215811682964       0.528163453080534     
   11.2250000000000       0.364217291192729       0.528162100150609     
   11.2500000000000       0.364218734299409       0.528160777735907     
   11.2750000000000       0.364220148152707       0.528159485800040     
   11.3000000000000       0.364221526853743       0.528158223358758     
   11.3250000000000       0.364222872619678       0.528156990084092     
   11.3500000000000       0.364224186442689       0.528155785487776     
   11.3750000000000       0.364225471796817       0.528154609297101     
   11.4000000000000       0.364227213553074       0.528153484639478     
   11.4250000000000       0.364227756566197       0.528152321329467     
   11.4500000000000       0.364229191551161       0.528151241509824     
   11.4750000000000       0.364230282995502       0.528150169057200     
   11.5000000000000       0.364231447209923       0.528149128794323     
   11.5250000000000       0.364232548882800       0.528148111977578     
   11.5500000000000       0.364232970695080       0.528147081563727     
   11.5750000000000       0.364234906968024       0.528146168828000     
   11.6000000000000       0.364235637613489       0.528145208529268     
   11.6250000000000       0.364236733110631       0.528144295914586     
   11.6500000000000       0.364237675040268       0.528143399028728     
   11.6750000000000       0.364238631962372       0.528142527669146     
   11.7000000000000       0.364239551707431       0.528141678323781     
   11.7250000000000       0.364240451319590       0.528140851572840     
   11.7500000000000       0.364241322552063       0.528140046533812     
   11.7750000000000       0.364242174949853       0.528139263445162     
   11.8000000000000       0.364242999583885       0.528138501295670     
   11.8250000000000       0.364243804565691       0.528137760293031     
   11.8500000000000       0.364244583583460       0.528137039593134     
   11.8750000000000       0.364244682256804       0.528136300067242     
   11.9000000000000       0.364245642187583       0.528135634264143     
   11.9250000000000       0.364246944395934       0.528135009213303     
   11.9500000000000       0.364247438401367       0.528134355341970     
   11.9750000000000       0.364248176421788       0.528133736509050     
   12.0000000000000       0.364249294632434       0.528133154763049     
   12.0250000000000       0.364249254751345       0.528132527193409     
   12.0500000000000       0.364250106695892       0.528131973670949     
   12.0750000000000       0.364250624984840       0.528131418776294     
   12.1000000000000       0.364251228866470       0.528130887702052     
   12.1250000000000       0.364251775752469       0.528130371395961     
   12.1500000000000       0.364252315633416       0.528129872640599     
   12.1750000000000       0.364252833105352       0.528129390142830     
   12.2000000000000       0.364253334829065       0.528128924063142     
   12.2250000000000       0.364253817771580       0.528128473897425     
   12.2500000000000       0.364254281403722       0.528128039330131     
   12.2750000000000       0.364254731026053       0.528127620437900     
   12.3000000000000       0.364255160256819       0.528127216495445     
   12.3250000000000       0.364255575732122       0.528126827720221     
   12.3500000000000       0.364255973272486       0.528126453536850     
   12.3750000000000       0.364256355806547       0.528126093885957     
   12.4000000000000       0.364256721605836       0.528125748383030     
   12.4250000000000       0.364257073295590       0.528125416983040     
   12.4500000000000       0.364257409999452       0.528125099354120     
   12.4750000000000       0.364257730209909       0.528124795149186     
   12.5000000000000       0.364258037064657       0.528124504333542     
