  5.000000000000000E-003   12.2308723442079     
  1.000000000000000E-002   12.4371152727885     
  1.500000000000000E-002   12.6270333475064     
  2.000000000000000E-002   12.8021018254427     
  2.500000000000000E-002   12.9637291514990     
  3.000000000000000E-002   13.1132302040762     
  3.500000000000000E-002   13.2518125936163     
  4.000000000000000E-002   13.3805731983969     
  4.500000000000000E-002   13.5005011286879     
  5.000000000000000E-002   13.6124842409235     
  5.500000000000000E-002   13.7173173244900     
  6.000000000000000E-002   13.8157108201512     
  6.500000000000000E-002   13.9082994136427     
  7.000000000000001E-002   13.9956501410175     
  7.500000000000000E-002   14.0782698966805     
  8.000000000000000E-002   14.1566121320672     
  8.500000000000001E-002   14.2310829496278     
  9.000000000000000E-002   14.3020464777798     
  9.500000000000000E-002   14.3698296347158     
  0.100000000000000        14.4347263345134     
  0.105000000000000        14.4970011821097     
  0.110000000000000        14.5568927769891     
  0.115000000000000        14.6146165200076     
  0.120000000000000        14.6703671818359     
  0.125000000000000        14.7243211086621     
  0.130000000000000        14.7766382243035     
  0.135000000000000        14.8274636961443     
  0.140000000000000        14.8769295054169     
  0.145000000000000        14.9251558603107     
  0.150000000000000        14.9722521680049     
  0.155000000000000        15.0183182606886     
  0.160000000000000        15.0634454722923     
  0.165000000000000        15.1077173151704     
  0.170000000000000        15.1512100153686     
  0.175000000000000        15.1939936377180     
  0.180000000000000        15.2361323522183     
  0.185000000000000        15.2776850588305     
  0.190000000000000        15.3187058565707     
  0.195000000000000        15.3592444722720     
  0.200000000000000        15.3993466429345     
  0.205000000000000        15.4390544606770     
  0.210000000000000        15.4784067570474     
  0.215000000000000        15.5174390781519     
  0.220000000000000        15.5561844141377     
  0.225000000000000        15.5946730916609     
  0.230000000000000        15.6329330780323     
  0.235000000000000        15.6709901629372     
  0.240000000000000        15.7088681318592     
  0.245000000000000        15.7465889211078     
  0.250000000000000        15.7841727599257     
  0.255000000000000        15.8216382998994     
  0.260000000000000        15.8590027332788     
  0.265000000000000        15.8962818898514     
  0.270000000000000        15.9334903820937     
  0.275000000000000        15.9706416263042     
  0.280000000000000        16.0077479606190     
  0.285000000000000        16.0448207583904     
  0.290000000000000        16.0818704269258     
  0.295000000000000        16.1189065195209     
  0.300000000000000        16.1559377853432     
  0.305000000000000        16.1929722235998     
  0.310000000000000        16.2300171352175     
  0.315000000000000        16.2670791702164     
  0.320000000000000        16.3041643717339     
  0.325000000000000        16.3412782167892     
  0.330000000000000        16.3784256541842     
  0.335000000000000        16.4156111397002     
  0.340000000000000        16.4528386688123     
  0.345000000000000        16.4901118071829     
  0.350000000000000        16.5274342895240     
  0.355000000000000        16.5648077113430     
  0.360000000000000        16.6022351404495     
  0.365000000000000        16.6397186922051     
  0.370000000000000        16.6772601699081     
  0.375000000000000        16.7148610934643     
  0.380000000000000        16.7525227158768     
  0.385000000000000        16.7902460417104     
  0.390000000000000        16.8280318432376     
  0.395000000000000        16.8658806760557     
  0.400000000000000        16.9037928935081     
  0.405000000000000        16.9417686604384     
  0.410000000000000        16.9798079659078     
  0.415000000000000        17.0179106352735     
  0.420000000000000        17.0560763414779     
  0.425000000000000        17.0943046156921     
  0.430000000000000        17.1325948573245     
  0.435000000000000        17.1709463434105     
  0.440000000000000        17.2093582374953     
  0.445000000000000        17.2478295979366     
  0.450000000000000        17.2863593857928     
  0.455000000000000        17.3249464721422     
  0.460000000000000        17.3635896451216     
  0.465000000000000        17.4022876164276     
  0.470000000000000        17.4410390275148     
  0.475000000000000        17.4798424554198     
  0.480000000000000        17.5186964182211     
  0.485000000000000        17.5575993802305     
  0.490000000000000        17.5965497568501     
  0.495000000000000        17.6355459191516     
  0.500000000000000        17.6745861982233     
  0.505000000000000        17.7136688892332     
  0.510000000000000        17.7527922552535     
  0.515000000000000        17.7919545308984     
  0.520000000000000        17.8311539257132     
  0.525000000000000        17.8703886140627     
  0.530000000000000        17.9096567921499     
  0.535000000000000        17.9489565992473     
  0.540000000000000        17.9882861741250     
  0.545000000000000        18.0276436458498     
  0.550000000000000        18.0670271346795     
  0.555000000000000        18.1064347409577     
  0.560000000000000        18.1458646029971     
  0.565000000000000        18.1853148145485     
  0.570000000000000        18.2247834823987     
  0.575000000000000        18.2642687157810     
  0.580000000000000        18.3037686266256     
  0.585000000000000        18.3432813315361     
  0.590000000000000        18.3828049389464     
  0.595000000000000        18.4223376075573     
  0.600000000000000        18.4618774613948     
  0.605000000000000        18.5014226477894     
  0.610000000000000        18.5409713259435     
  0.615000000000000        18.5805216664787     
  0.620000000000000        18.6200718528960     
  0.625000000000000        18.6596200681265     
  0.630000000000000        18.6991645525777     
  0.635000000000000        18.7387035185176     
  0.640000000000000        18.7782352076904     
  0.645000000000000        18.8177578794281     
  0.650000000000000        18.8572698097828     
  0.655000000000000        18.8967693897028     
  0.660000000000000        18.9362547267271     
  0.665000000000000        18.9757242631503     
  0.670000000000000        19.0151763437393     
  0.675000000000000        19.0546093386209     
  0.680000000000000        19.0940216356491     
  0.685000000000000        19.1334116433597     
  0.690000000000000        19.1727777754839     
  0.695000000000000        19.2121185117499     
  0.700000000000000        19.2514323069289     
  0.705000000000000        19.2907176510958     
  0.710000000000000        19.3299730564833     
  0.715000000000000        19.3691970561120     
  0.720000000000000        19.4083882044514     
  0.725000000000000        19.4475450772511     
  0.730000000000000        19.4866662717582     
  0.735000000000000        19.5257503909958     
  0.740000000000000        19.5647961071915     
  0.745000000000000        19.6038020660898     
  0.750000000000000        19.6427669501363     
  0.755000000000000        19.6816894643431     
  0.760000000000000        19.7205683347582     
  0.765000000000000        19.7594023089749     
  0.770000000000000        19.7981901558268     
  0.775000000000000        19.8369306654276     
  0.780000000000000        19.8756226490274     
  0.785000000000000        19.9142649389656     
  0.790000000000000        19.9528563884819     
  0.795000000000000        19.9913959768066     
  0.800000000000000        20.0298823783132     
  0.805000000000000        20.0683146285647     
  0.810000000000000        20.1066916583716     
  0.815000000000000        20.1450124252450     
  0.820000000000000        20.1832759046880     
  0.825000000000000        20.2214811997042     
  0.830000000000000        20.2596271023217     
  0.835000000000000        20.2977127700288     
  0.840000000000000        20.3357372364296     
  0.845000000000000        20.3736996106255     
  0.850000000000000        20.4115989686919     
  0.855000000000000        20.4494344221552     
  0.860000000000000        20.4872051021999     
  0.865000000000000        20.5249101582353     
  0.870000000000000        20.5625487580885     
  0.875000000000000        20.6001200706427     
  0.880000000000000        20.6376233346134     
  0.885000000000000        20.6750577542745     
  0.890000000000000        20.7124225679258     
  0.895000000000000        20.7497170323273     
  0.900000000000000        20.7869404209469     
  0.905000000000000        20.8240920242665     
  0.910000000000000        20.8611711494384     
  0.915000000000000        20.8981771200792     
  0.920000000000000        20.9351092594021     
  0.925000000000000        20.9719669573490     
  0.930000000000000        21.0087495688585     
  0.935000000000000        21.0454564805492     
  0.940000000000000        21.0820870956168     
  0.945000000000000        21.1186408320884     
  0.950000000000000        21.1551171231514     
  0.955000000000000        21.1915154167280     
  0.960000000000000        21.2278351753782     
  0.965000000000000        21.2640758587352     
  0.970000000000000        21.3002369932229     
  0.975000000000000        21.3363180664524     
  0.980000000000000        21.3723185965018     
  0.985000000000000        21.4082381162094     
  0.990000000000000        21.4440761713896     
  0.995000000000000        21.4798323211523     
   1.00000000000000        21.5155061375975     
   1.00500000000000        21.5510972055738     
   1.01000000000000        21.5866051225673     
   1.01500000000000        21.6220294798886     
   1.02000000000000        21.6573699374448     
   1.02500000000000        21.6926260923493     
   1.03000000000000        21.7277976267695     
   1.03500000000000        21.7628841802144     
   1.04000000000000        21.7978854208628     
   1.04500000000000        21.8328010294377     
   1.05000000000000        21.8676306973289     
   1.05500000000000        21.9023741084327     
   1.06000000000000        21.9370310136358     
   1.06500000000000        21.9716011179139     
   1.07000000000000        22.0060841545026     
   1.07500000000000        22.0404798680777     
   1.08000000000000        22.0747881332864     
   1.08500000000000        22.1090084631647     
   1.09000000000000        22.1431407678838     
   1.09500000000000        22.1771848254532     
   1.10000000000000        22.2111404304337     
   1.10500000000000        22.2450073841941     
   1.11000000000000        22.2787854980502     
   1.11500000000000        22.3124745729484     
   1.12000000000000        22.3460744764894     
   1.12500000000000        22.3795850268849     
   1.13000000000000        22.4130060692339     
   1.13500000000000        22.4463374581155     
   1.14000000000000        22.4795790558988     
   1.14500000000000        22.5127307330515     
   1.15000000000000        22.5457923679496     
   1.15500000000000        22.5787638466722     
   1.16000000000000        22.6116450628991     
   1.16500000000000        22.6444359177393     
   1.17000000000000        22.6771363196695     
   1.17500000000000        22.7097461843337     
   1.18000000000000        22.7422654344543     
   1.18500000000000        22.7746939996378     
   1.19000000000000        22.8070318163232     
   1.19500000000000        22.8392788276028     
   1.20000000000000        22.8714349831197     
   1.20500000000000        22.9035002389712     
   1.21000000000000        22.9354754493150     
   1.21500000000000        22.9673587471219     
   1.22000000000000        22.9991510547720     
   1.22500000000000        23.0308523585026     
   1.23000000000000        23.0624626215972     
   1.23500000000000        23.0939818751190     
   1.24000000000000        23.1254100959558     
   1.24500000000000        23.1567472858079     
   1.25000000000000        23.1879934530304     
   1.25500000000000        23.2191486110299     
   1.26000000000000        23.2502127786049     
   1.26500000000000        23.2811859796544     
   1.27000000000000        23.3120682431436     
   1.27500000000000        23.3428596029432     
   1.28000000000000        23.3735600977293     
   1.28500000000000        23.4041697709292     
   1.29000000000000        23.4346886705185     
   1.29500000000000        23.4651168490294     
   1.30000000000000        23.4954543634089     
   1.30500000000000        23.5257012749466     
   1.31000000000000        23.5558576491198     
   1.31500000000000        23.5859235555967     
   1.32000000000000        23.6158990680998     
   1.32500000000000        23.6457842642679     
   1.33000000000000        23.6755792257089     
   1.33500000000000        23.7052840377939     
   1.34000000000000        23.7348987896104     
   1.34500000000000        23.7644235738851     
   1.35000000000000        23.7938584869428     
   1.35500000000000        23.8232036285768     
   1.36000000000000        23.8524591019498     
   1.36500000000000        23.8816250136032     
   1.37000000000000        23.9107014733457     
   1.37500000000000        23.9396885941571     
   1.38000000000000        23.9685864921135     
   1.38500000000000        23.9973952863940     
   1.39000000000000        24.0261150991077     
   1.39500000000000        24.0547460552800     
   1.40000000000000        24.0832882828043     
   1.40500000000000        24.1117419123437     
   1.41000000000000        24.1401070772617     
   1.41500000000000        24.1683839135726     
   1.42000000000000        24.1965725599215     
   1.42500000000000        24.2246731574189     
   1.43000000000000        24.2526858496999     
   1.43500000000000        24.2806107827428     
   1.44000000000000        24.3084481049411     
   1.44500000000000        24.3361979669369     
   1.45000000000000        24.3638605216507     
   1.45500000000000        24.3914359241541     
   1.46000000000000        24.4189243105021     
   1.46500000000000        24.4463260208546     
   1.47000000000000        24.4736409084424     
   1.47500000000000        24.5008692902283     
   1.48000000000000        24.5280113256536     
   1.48500000000000        24.5550671834832     
   1.49000000000000        24.5820370318252     
   1.49500000000000        24.6089210414564     
   1.50000000000000        24.6357193846137     
   1.50500000000000        24.6624322140720     
   1.51000000000000        24.6890597486119     
   1.51500000000000        24.7156021441017     
   1.52000000000000        24.7420595784828     
   1.52500000000000        24.7684322105559     
   1.53000000000000        24.7947202665009     
   1.53500000000000        24.8209239075366     
   1.54000000000000        24.8470433173860     
   1.54500000000000        24.8730786823675     
   1.55000000000000        24.8990301896414     
   1.55500000000000        24.9248980278036     
   1.56000000000000        24.9506823865976     
   1.56500000000000        24.9763834569698     
   1.57000000000000        25.0020015729805     
   1.57500000000000        25.0275366328620     
   1.58000000000000        25.0529889897409     
   1.58500000000000        25.0783588326699     
   1.59000000000000        25.1036463599125     
   1.59500000000000        25.1288517678957     
   1.60000000000000        25.1539752549889     
   1.60500000000000        25.1790170201973     
   1.61000000000000        25.2039772635470     
   1.61500000000000        25.2288561858286     
   1.62000000000000        25.2536539887607     
   1.62500000000000        25.2783708748003     
   1.63000000000000        25.3030070471747     
   1.63500000000000        25.3275627098673     
   1.64000000000000        25.3520380675645     
   1.64500000000000        25.3764333256501     
   1.65000000000000        25.4007486901947     
   1.65500000000000        25.4249843678418     
   1.66000000000000        25.4491405658541     
   1.66500000000000        25.4732174921058     
   1.67000000000000        25.4972153549548     
   1.67500000000000        25.5211343633061     
   1.68000000000000        25.5449747265165     
   1.68500000000000        25.5687366544312     
   1.69000000000000        25.5924205037139     
   1.69500000000000        25.6160261812275     
   1.70000000000000        25.6395540615263     
   1.70500000000000        25.6630043497589     
   1.71000000000000        25.6863772597076     
   1.71500000000000        25.7096730027601     
   1.72000000000000        25.7328917916045     
   1.72500000000000        25.7560338389546     
   1.73000000000000        25.7790993578954     
   1.73500000000000        25.8020885618052     
   1.74000000000000        25.8250016642392     
   1.74500000000000        25.8478388790134     
   1.75000000000000        25.8706004201205     
   1.75500000000000        25.8932865017324     
   1.76000000000000        25.9158973382218     
   1.76500000000000        25.9384332929832     
   1.77000000000000        25.9608942717138     
   1.77500000000000        25.9832806553224     
   1.78000000000000        26.0055926523152     
   1.78500000000000        26.0278304796161     
   1.79000000000000        26.0499943515058     
   1.79500000000000        26.0720846331288     
   1.80000000000000        26.0941012284764     
   1.80500000000000        26.1160445198193     
   1.81000000000000        26.1379146923936     
   1.81500000000000        26.1597120105654     
   1.82000000000000        26.1814366650201     
   1.82500000000000        26.2030888699863     
   1.83000000000000        26.2246688406684     
   1.83500000000000        26.2461767919405     
   1.84000000000000        26.2676129388220     
   1.84500000000000        26.2889774962008     
   1.85000000000000        26.3102706789670     
   1.85500000000000        26.3314926773552     
   1.86000000000000        26.3526437557912     
   1.86500000000000        26.3737241040188     
   1.87000000000000        26.3947339354346     
   1.87500000000000        26.4156734644503     
   1.88000000000000        26.4365429048720     
   1.88500000000000        26.4573424467426     
   1.89000000000000        26.4780723515798     
   1.89500000000000        26.4987327860431     
   1.90000000000000        26.5193240088637     
   1.90500000000000        26.5398462105032     
   1.91000000000000        26.5602996029278     
   1.91500000000000        26.5806843993507     
   1.92000000000000        26.6010008122693     
   1.92500000000000        26.6212490540109     
   1.93000000000000        26.6414293365704     
   1.93500000000000        26.6615418715570     
   1.94000000000000        26.6815868701529     
   1.94500000000000        26.7015645187326     
   1.95000000000000        26.7214750773879     
   1.95500000000000        26.7413187317015     
   1.96000000000000        26.7610956907380     
   1.96500000000000        26.7808061646823     
   1.97000000000000        26.8004503630824     
   1.97500000000000        26.8200284954756     
   1.98000000000000        26.8395407710736     
   1.98500000000000        26.8589875545498     
   1.99000000000000        26.8783687316172     
   1.99500000000000        26.8976846835880     
   2.00000000000000        26.9169356112131     
   2.00500000000000        26.9361217233865     
   2.01000000000000        26.9552432255931     
   2.01500000000000        26.9743003238359     
   2.02000000000000        26.9932932234700     
   2.02500000000000        27.0122221297397     
   2.03000000000000        27.0310872477385     
   2.03500000000000        27.0498887824435     
   2.04000000000000        27.0686269387357     
   2.04500000000000        27.0873019212621     
   2.05000000000000        27.1059139343271     
   2.05500000000000        27.1244631817742     
   2.06000000000000        27.1429498667272     
   2.06500000000000        27.1613741915433     
   2.07000000000000        27.1797363331836     
   2.07500000000000        27.1980365422555     
   2.08000000000000        27.2162749942199     
   2.08500000000000        27.2344518879502     
   2.09000000000000        27.2525674233679     
   2.09500000000000        27.2706217999686     
   2.10000000000000        27.2886152174428     
   2.10500000000000        27.3065478755103     
   2.11000000000000        27.3244199488901     
   2.11500000000000        27.3422316872873     
   2.12000000000000        27.3599832643127     
   2.12500000000000        27.3776748767301     
   2.13000000000000        27.3953067214855     
   2.13500000000000        27.4128789938571     
   2.14000000000000        27.4303918881939     
   2.14500000000000        27.4478455979983     
   2.15000000000000        27.4652403163124     
   2.15500000000000        27.4825762113912     
   2.16000000000000        27.4998535267280     
   2.16500000000000        27.5170724312353     
   2.17000000000000        27.5342331182182     
   2.17500000000000        27.5513357824898     
   2.18000000000000        27.5683807790431     
   2.18500000000000        27.5853679678616     
   2.19000000000000        27.6022977197237     
   2.19500000000000        27.6191702180571     
   2.20000000000000        27.6359856533829     
   2.20500000000000        27.6527442116331     
   2.21000000000000        27.6694460786365     
   2.21500000000000        27.6860914394353     
   2.22000000000000        27.7026804795092     
   2.22500000000000        27.7192133852372     
   2.23000000000000        27.7356903442849     
   2.23500000000000        27.7521115196906     
   2.24000000000000        27.7684771534256     
   2.24500000000000        27.7847875716844     
   2.25000000000000        27.8010427880184     
   2.25500000000000        27.8172428329162     
   2.26000000000000        27.8333880636613     
   2.26500000000000        27.8494786562554     
   2.27000000000000        27.8655147899949     
   2.27500000000000        27.8814966405333     
   2.28000000000000        27.8974243838077     
   2.28500000000000        27.9132981964034     
   2.29000000000000        27.9291182571678     
   2.29500000000000        27.9448847476509     
   2.30000000000000        27.9605978521068     
   2.30500000000000        27.9762577566665     
   2.31000000000000        27.9918646478199     
   2.31500000000000        28.0074187106309     
   2.32000000000000        28.0229201268545     
   2.32500000000000        28.0383690737329     
   2.33000000000000        28.0537657234323     
   2.33500000000000        28.0691102437099     
   2.34000000000000        28.0844027994629     
   2.34500000000000        28.0996435550696     
   2.35000000000000        28.1148326768432     
   2.35500000000000        28.1299703353449     
   2.36000000000000        28.1450566800705     
   2.36500000000000        28.1600921114128     
   2.37000000000000        28.1750764455959     
   2.37500000000000        28.1900100516400     
   2.38000000000000        28.2048931072152     
   2.38500000000000        28.2197257931931     
   2.39000000000000        28.2345082796340     
   2.39500000000000        28.2492407287954     
   2.40000000000000        28.2639232947564     
   2.40500000000000        28.2785561268969     
   2.41000000000000        28.2931395400997     
   2.41500000000000        28.3076733425853     
   2.42000000000000        28.3221580459290     
   2.42500000000000        28.3365936358241     
   2.43000000000000        28.3509801356962     
   2.43500000000000        28.3653179114051     
   2.44000000000000        28.3796071502176     
   2.44500000000000        28.3938480418955     
   2.45000000000000        28.4080407649463     
   2.45500000000000        28.4221854845011     
   2.46000000000000        28.4362823498330     
   2.46500000000000        28.4503314961657     
   2.47000000000000        28.4643330498940     
   2.47500000000000        28.4782871362524     
   2.48000000000000        28.4921938879506     
   2.48500000000000        28.5060534526658     
   2.49000000000000        28.5198659977374     
   2.49500000000000        28.5336317101448     
   2.50000000000000        28.5473507920104     
   2.52500000000000        28.6150409014081     
   2.55000000000000        28.6816017011466     
   2.57500000000000        28.7470493436187     
   2.60000000000000        28.8114018054782     
   2.62500000000000        28.8746772437059     
   2.65000000000000        28.9368932301876     
   2.67500000000000        28.9980673584239     
   2.70000000000000        29.0582172430629     
   2.72500000000000        29.1173601175563     
   2.75000000000000        29.1755128596265     
   2.77500000000000        29.2326921477084     
   2.80000000000000        29.2889144064937     
   2.82500000000000        29.3441957447165     
   2.85000000000000        29.3985519966715     
   2.87500000000000        29.4519994740702     
   2.90000000000000        29.5045519966273     
   2.92500000000000        29.5562254091682     
   2.95000000000000        29.6070345056702     
   2.97500000000000        29.6569937217659     
   3.00000000000000        29.7061176010814     
   3.02500000000000        29.7544200816384     
   3.05000000000000        29.8019202181921     
   3.07500000000000        29.8486208186390     
   3.10000000000000        29.8945408755816     
   3.12500000000000        29.9396935378788     
   3.15000000000000        29.9840916899409     
   3.17500000000000        30.0277480079567     
   3.20000000000000        30.0706749584266     
   3.22500000000000        30.1128848012087     
   3.25000000000000        30.1543895906976     
   3.27500000000000        30.1952011784093     
   3.30000000000000        30.2353312159013     
   3.32500000000000        30.2747911573684     
   3.35000000000000        30.3135922628201     
   3.37500000000000        30.3517456016333     
   3.40000000000000        30.3892620549716     
   3.42500000000000        30.4261523193638     
   3.45000000000000        30.4624269095222     
   3.47500000000000        30.4980961616125     
   3.50000000000000        30.5331702361724     
   3.52500000000000        30.5676589923360     
   3.55000000000000        30.6015725118901     
   3.57500000000000        30.6349203106553     
   3.60000000000000        30.6677118739729     
   3.62500000000000        30.6999565295118     
   3.65000000000000        30.7316634451406     
   3.67500000000000        30.7628416334587     
   3.70000000000000        30.7934999538195     
   3.72500000000000        30.8236471152439     
   3.75000000000000        30.8532915529158     
   3.77500000000000        30.8824419407553     
   3.80000000000000        30.9111064195949     
   3.82500000000000        30.9392931202867     
   3.85000000000000        30.9670100393628     
   3.87500000000000        30.9942650368370     
   3.90000000000000        31.0210658397158     
   3.92500000000000        31.0474200439137     
   3.95000000000000        31.0733351169895     
   3.97500000000000        31.0988183999702     
   4.00000000000000        31.1238771099168     
   4.02500000000000        31.1485183417126     
   4.05000000000000        31.1727490704830     
   4.07500000000000        31.1965761535347     
   4.10000000000000        31.2200063323607     
   4.12500000000000        31.2430470254674     
   4.15000000000000        31.2657031163428     
   4.17500000000000        31.2879818701610     
   4.20000000000000        31.3098895773761     
   4.22500000000000        31.3314324284782     
   4.25000000000000        31.3526165075310     
   4.27500000000000        31.3734477980404     
   4.30000000000000        31.3939321829805     
   4.32500000000000        31.4140754469443     
   4.35000000000000        31.4338832771989     
   4.37500000000000        31.4533612655209     
   4.40000000000000        31.4725149100339     
   4.42500000000000        31.4913496163220     
   4.45000000000000        31.5098706991502     
   4.47500000000000        31.5280833841659     
   4.50000000000000        31.5459928091882     
   4.52500000000000        31.5636040258881     
   4.55000000000000        31.5809220011787     
   4.57500000000000        31.5979516184532     
   4.60000000000000        31.6146976796128     
   4.62500000000000        31.6311649055238     
   4.65000000000000        31.6473579383054     
   4.67500000000000        31.6632812117768     
   4.70000000000000        31.6789394803316     
   4.72500000000000        31.6943370198134     
   4.75000000000000        31.7094781667786     
   4.77500000000000        31.7243671886020     
   4.80000000000000        31.7390081475309     
   4.82500000000000        31.7534054396258     
   4.85000000000000        31.7675629811631     
   4.87500000000000        31.7814847579124     
   4.90000000000000        31.7951745615924     
   4.92500000000000        31.8086365148883     
   4.95000000000000        31.8218742720845     
   4.97500000000000        31.8348915588054     
   5.00000000000000        31.8476920418654     
   5.02500000000000        31.8602793254174     
   5.05000000000000        31.8726568214259     
   5.07500000000000        31.8848281553426     
   5.10000000000000        31.8967968811133     
   5.12500000000000        31.9085662294433     
   5.15000000000000        31.9201395127341     
   5.17500000000000        31.9315199901913     
   5.20000000000000        31.9427108658059     
   5.22500000000000        31.9537152898605     
   5.25000000000000        31.9645363600869     
   5.27500000000000        31.9751771223819     
   5.30000000000000        31.9856405716626     
   5.32500000000000        31.9959296530418     
   5.35000000000000        32.0060472624244     
   5.37500000000000        32.0159962476168     
   5.40000000000000        32.0257794085991     
   5.42500000000000        32.0353994988712     
   5.45000000000000        32.0448592260803     
   5.47500000000000        32.0541612527109     
   5.50000000000000        32.0633081968757     
   5.52500000000000        32.0723026331657     
   5.55000000000000        32.0811469572375     
   5.57500000000000        32.0898439369159     
   5.60000000000000        32.0983958774364     
   5.62500000000000        32.1068051839901     
   5.65000000000000        32.1150742252660     
   5.67500000000000        32.1232053291471     
   5.70000000000000        32.1312007851674     
   5.72500000000000        32.1390628444310     
   5.75000000000000        32.1467937206323     
   5.77500000000000        32.1543954565671     
   5.80000000000000        32.1618704668421     
   5.82500000000000        32.1692207159651     
   5.85000000000000        32.1764482715826     
   5.87500000000000        32.1835551707527     
   5.90000000000000        32.1905434150713     
   5.92500000000000        32.1974149732592     
   5.95000000000000        32.2041716499377     
   5.97500000000000        32.2108156170593     
   6.00000000000000        32.2173486088956     
   6.02500000000000        32.2237724640759     
   6.05000000000000        32.2300889941221     
   6.07500000000000        32.2362999790413     
   6.10000000000000        32.2424071696263     
   6.12500000000000        32.2484131150081     
   6.15000000000000        32.2543178013794     
   6.17500000000000        32.2601237903102     
   6.20000000000000        32.2658327109486     
   6.22500000000000        32.2714461717671     
   6.25000000000000        32.2769657521498     
   6.27500000000000        32.2823930075651     
   6.30000000000000        32.2877294674012     
   6.32500000000000        32.2929766363182     
   6.35000000000000        32.2981359942839     
   6.37500000000000        32.3032089968334     
   6.40000000000000        32.3081970751639     
   6.42500000000000        32.3131016371890     
   6.45000000000000        32.3179240672159     
   6.47500000000000        32.3226657265724     
   6.50000000000000        32.3273279540997     
   6.52500000000000        32.3319120666150     
   6.55000000000000        32.3364193587000     
   6.57500000000000        32.3408511037490     
   6.60000000000000        32.3452084185790     
   6.62500000000000        32.3494928115781     
   6.65000000000000        32.3537053516195     
   6.67500000000000        32.3578472275960     
   6.70000000000000        32.3619196120251     
   6.72500000000000        32.3659236566683     
   6.75000000000000        32.3698604944356     
   6.77500000000000        32.3737312392091     
   6.80000000000000        32.3775369866170     
   6.82500000000000        32.3812796460504     
   6.85000000000000        32.3849585606963     
   6.87500000000000        32.3885756738674     
   6.90000000000000        32.3921320021064     
   6.92500000000000        32.3956285516836     
   6.95000000000000        32.3990663097064     
   6.97500000000000        32.4024462490094     
   7.00000000000000        32.4057693263857     
   7.02500000000000        32.4090364833847     
   7.05000000000000        32.4122486459658     
   7.07500000000000        32.4154067250616     
   7.10000000000000        32.4185116165668     
   7.12500000000000        32.4215642013921     
   7.15000000000000        32.4245652061544     
   7.17500000000000        32.4275157693226     
   7.20000000000000        32.4304165823154     
   7.22500000000000        32.4332684670180     
   7.25000000000000        32.4360722353209     
   7.27500000000000        32.4388286845661     
   7.30000000000000        32.4415385990840     
   7.32500000000000        32.4442027497570     
   7.35000000000000        32.4468218948782     
   7.37500000000000        32.4493967801395     
   7.40000000000000        32.4519281387697     
   7.42500000000000        32.4544166917999     
   7.45000000000000        32.4568631483722     
   7.47500000000000        32.4592682058273     
   7.50000000000000        32.4616325498309     
   7.52500000000000        32.4639568549348     
   7.55000000000000        32.4662417843507     
   7.57500000000000        32.4684879902409     
   7.60000000000000        32.4706961140604     
   7.62500000000000        32.4728667865856     
   7.65000000000000        32.4750004905572     
   7.67500000000000        32.4770981176256     
   7.70000000000000        32.4791599924506     
   7.72500000000000        32.4811869707357     
   7.75000000000000        32.4831794969951     
   7.77500000000000        32.4851381396860     
   7.80000000000000        32.4870634618092     
   7.82500000000000        32.4889560154756     
   7.85000000000000        32.4908163438731     
   7.87500000000000        32.4926449810053     
   7.90000000000000        32.4944424518917     
   7.92500000000000        32.4962092727223     
   7.95000000000000        32.4979459513321     
   7.97500000000000        32.4996538236922     
   8.00000000000000        32.5013316556581     
   8.02500000000000        32.5029808361625     
   8.05000000000000        32.5046018322278     
   8.07500000000000        32.5061951095803     
   8.10000000000000        32.5077609879085     
   8.12500000000000        32.5093001954312     
   8.15000000000000        32.5108130325656     
   8.17500000000000        32.5122999330356     
   8.20000000000000        32.5137613272955     
   8.22500000000000        32.5151976375786     
   8.25000000000000        32.5166092792962     
   8.27500000000000        32.5179966609622     
   8.30000000000000        32.5193601844078     
   8.32500000000000        32.5207061755183     
   8.35000000000000        32.5220228271926     
   8.37500000000000        32.5233168617407     
   8.40000000000000        32.5245886680982     
   8.42500000000000        32.5258385861301     
   8.45000000000000        32.5270669600669     
   8.47500000000000        32.5282741341981     
   8.50000000000000        32.5294604514546     
   8.52500000000000        32.5306262518917     
   8.55000000000000        32.5317718715446     
   8.57500000000000        32.5328976422918     
   8.60000000000000        32.5340037518168     
   8.62500000000000        32.5350908068385     
   8.65000000000000        32.5361589785098     
   8.67500000000000        32.5372085766332     
   8.70000000000000        32.5382399097451     
   8.72500000000000        32.5392532800197     
   8.75000000000000        32.5402489850956     
   8.77500000000000        32.5412273172596     
   8.80000000000000        32.5421885643150     
   8.82500000000000        32.5431338475482     
   8.85000000000000        32.5440617166033     
   8.87500000000000        32.5449733529986     
   8.90000000000000        32.5458690178355     
   8.92500000000000        32.5467489746238     
   8.95000000000000        32.5476133455959     
   8.97500000000000        32.5484626601225     
   9.00000000000000        32.5492970277400     
   9.02500000000000        32.5501166931663     
   9.05000000000000        32.5509219006764     
   9.07500000000000        32.5517128894868     
   9.10000000000000        32.5524898950243     
   9.12500000000000        32.5532531488630     
   9.15000000000000        32.5540028787494     
   9.17500000000000        32.5547393084703     
   9.20000000000000        32.5554626583178     
   9.22500000000000        32.5561730071037     
   9.25000000000000        32.5568708496040     
   9.27500000000000        32.5575562509449     
   9.30000000000000        32.5582294147534     
   9.32500000000000        32.5588905452092     
   9.35000000000000        32.5595398417430     
   9.37500000000000        32.5601773617625     
   9.40000000000000        32.5608035819408     
   9.42500000000000        32.5614185464773     
   9.45000000000000        32.5620224396206     
   9.47500000000000        32.5626154461629     
   9.50000000000000        32.5631977464088     
   9.52500000000000        32.5637695181051     
   9.55000000000000        32.5643309357598     
   9.57500000000000        32.5648821708120     
   9.60000000000000        32.5654233921745     
   9.62500000000000        32.5659547655062     
   9.65000000000000        32.5664764539079     
   9.67500000000000        32.5669894572237     
   9.70000000000000        32.5674922027804     
   9.72500000000000        32.5679857544492     
   9.75000000000000        32.5684702568928     
   9.77500000000000        32.5689457214805     
   9.80000000000000        32.5694125734827     
   9.82500000000000        32.5698706756105     
   9.85000000000000        32.5703204465311     
   9.87500000000000        32.5707618840943     
   9.90000000000000        32.5711951238270     
   9.92500000000000        32.5716211423675     
   9.95000000000000        32.5720383424418     
   9.97500000000000        32.5724477646086     
   10.0000000000000        32.5728503698083     
   10.0250000000000        32.5732445530533     
   10.0500000000000        32.5736313447477     
   10.0750000000000        32.5740108581437     
   10.1000000000000        32.5743832116360     
   10.1250000000000        32.5747485196251     
   10.1500000000000        32.5751068967689     
   10.1750000000000        32.5754584563717     
   10.2000000000000        32.5758033103432     
   10.2250000000000        32.5761415690456     
   10.2500000000000        32.5764733411932     
   10.2750000000000        32.5767987339739     
   10.3000000000000        32.5771178526186     
   10.3250000000000        32.5774308008485     
   10.3500000000000        32.5777376806912     
   10.3750000000000        32.5780385924829     
   10.4000000000000        32.5783336350624     
   10.4250000000000        32.5786229056010     
   10.4500000000000        32.5789064994879     
   10.4750000000000        32.5791845106911     
   10.5000000000000        32.5794578715408     
   10.5250000000000        32.5797249415049     
   10.5500000000000        32.5799875594041     
   10.5750000000000        32.5802440734584     
   10.6000000000000        32.5804954785285     
   10.6250000000000        32.5807418480558     
   10.6500000000000        32.5809832631317     
   10.6750000000000        32.5812198009902     
   10.7000000000000        32.5814514057594     
   10.7250000000000        32.5816843812678     
   10.7500000000000        32.5819064277727     
   10.7750000000000        32.5821239798165     
   10.8000000000000        32.5823371271778     
   10.8250000000000        32.5825459142427     
   10.8500000000000        32.5827503951043     
   10.8750000000000        32.5829514685318     
   10.9000000000000        32.5831473260350     
   10.9250000000000        32.5833392253888     
   10.9500000000000        32.5835270776261     
   10.9750000000000        32.5837109440560     
   11.0000000000000        32.5838917269891     
   11.0250000000000        32.5840677570571     
   11.0500000000000        32.5842400060500     
   11.0750000000000        32.5844085276222     
   11.1000000000000        32.5845733818951     
   11.1250000000000        32.5847346252999     
   11.1500000000000        32.5848923158574     
   11.1750000000000        32.5850465109147     
   11.2000000000000        32.5851972671825     
   11.2250000000000        32.5853446410123     
   11.2500000000000        32.5854886880943     
   11.2750000000000        32.5856294630275     
   11.3000000000000        32.5857670197690     
   11.3250000000000        32.5859014113640     
   11.3500000000000        32.5860326903046     
   11.3750000000000        32.5861609078418     
   11.4000000000000        32.5862869549537     
   11.4250000000000        32.5864091492349     
   11.4500000000000        32.5865284495424     
   11.4750000000000        32.5866448960634     
   11.5000000000000        32.5867585351177     
   11.5250000000000        32.5868694096183     
   11.5500000000000        32.5869774272717     
   11.5750000000000        32.5870829116274     
   11.6000000000000        32.5871857630035     
   11.6250000000000        32.5872860223013     
   11.6500000000000        32.5873837334658     
   11.6750000000000        32.5874789386624     
   11.7000000000000        32.5875716795810     
   11.7250000000000        32.5876619969348     
   11.7500000000000        32.5877499309123     
   11.7750000000000        32.5878355211177     
   11.8000000000000        32.5879188062095     
   11.8250000000000        32.5879998244652     
   11.8500000000000        32.5880786134358     
   11.8750000000000        32.5881550739920     
   11.9000000000000        32.5882293855244     
   11.9250000000000        32.5883017177402     
   11.9500000000000        32.5883719617477     
   11.9750000000000        32.5884401515199     
   12.0000000000000        32.5885071629315     
   12.0250000000000        32.5885712975153     
   12.0500000000000        32.5886334984477     
   12.0750000000000        32.5886937904395     
   12.1000000000000        32.5887522042979     
   12.1250000000000        32.5888087677743     
   12.1500000000000        32.5888635100467     
   12.1750000000000        32.5889164603297     
   12.2000000000000        32.5889676476454     
   12.2250000000000        32.5890171006414     
   12.2500000000000        32.5890648477890     
   12.2750000000000        32.5891109170087     
   12.3000000000000        32.5891553360408     
   12.3250000000000        32.5891981319173     
   12.3500000000000        32.5892393315345     
   12.3750000000000        32.5892789612322     
   12.4000000000000        32.5893170470464     
   12.4250000000000        32.5893536145106     
   12.4500000000000        32.5893886886014     
   12.4750000000000        32.5894222941239     
   12.5000000000000        32.5894544553432     
