  5.000000000000000E-003   12.1136456862304     
  1.000000000000000E-002   12.2346293744438     
  1.500000000000000E-002   12.3472869344698     
  2.000000000000000E-002   12.4514825146319     
  2.500000000000000E-002   12.5605279788994     
  3.000000000000000E-002   12.6525631832586     
  3.500000000000000E-002   12.7374079332996     
  4.000000000000000E-002   12.8148706706626     
  4.500000000000000E-002   12.8814503865093     
  5.000000000000000E-002   12.9430221804297     
  5.500000000000000E-002   12.9973756371933     
  6.000000000000000E-002   13.0468846418803     
  6.500000000000000E-002   13.0969835850279     
  7.000000000000001E-002   13.1406569860999     
  7.500000000000000E-002   13.1903507197795     
  8.000000000000000E-002   13.2277490012641     
  8.500000000000001E-002   13.2589426665241     
  9.000000000000000E-002   13.2905144719188     
  9.500000000000000E-002   13.3198951773467     
  0.100000000000000        13.3424605756911     
  0.105000000000000        13.3632386592260     
  0.110000000000000        13.3860246563849     
  0.115000000000000        13.4112836938785     
  0.120000000000000        13.4271928488566     
  0.125000000000000        13.4421123988987     
  0.130000000000000        13.4637784859807     
  0.135000000000000        13.4765554262389     
  0.140000000000000        13.4908824697082     
  0.145000000000000        13.5018512434637     
  0.150000000000000        13.5119137527160     
  0.155000000000000        13.5213649357800     
  0.160000000000000        13.5299612378570     
  0.165000000000000        13.5392270516804     
  0.170000000000000        13.5468686852205     
  0.175000000000000        13.5555392276649     
  0.180000000000000        13.5622146890344     
  0.185000000000000        13.5685375473176     
  0.190000000000000        13.5794497216016     
  0.195000000000000        13.5849573997072     
  0.200000000000000        13.5901290988526     
  0.205000000000000        13.5949906480614     
  0.210000000000000        13.5995656274434     
  0.215000000000000        13.6046339934105     
  0.220000000000000        13.6096697573462     
  0.225000000000000        13.6135127996781     
  0.230000000000000        13.6171440681663     
  0.235000000000000        13.6205785527753     
  0.240000000000000        13.6238299833492     
  0.245000000000000        13.6283131414101     
  0.250000000000000        13.6361330578927     
  0.255000000000000        13.6389182924054     
  0.260000000000000        13.6414130188324     
  0.265000000000000        13.6439298281485     
  0.270000000000000        13.6463249207654     
  0.275000000000000        13.6507659973069     
  0.280000000000000        13.6526246806326     
  0.285000000000000        13.6547021723243     
  0.290000000000000        13.6566854201793     
  0.295000000000000        13.6584167783003     
  0.300000000000000        13.6602283671812     
  0.305000000000000        13.6619613934831     
  0.310000000000000        13.6636203782433     
  0.315000000000000        13.6652095211369     
  0.320000000000000        13.6667327309242     
  0.325000000000000        13.6681936472617     
  0.330000000000000        13.6702658162252     
  0.335000000000000        13.6716131939452     
  0.340000000000000        13.6729077487218     
  0.345000000000000        13.6741522426023     
  0.350000000000000        13.6753501596948     
  0.355000000000000        13.6765016227624     
  0.360000000000000        13.6776107653338     
  0.365000000000000        13.6786791551662     
  0.370000000000000        13.6797089057139     
  0.375000000000000        13.6807018367966     
  0.380000000000000        13.6816597131002     
  0.385000000000000        13.6825841777881     
  0.390000000000000        13.6834767822548     
  0.395000000000000        13.6843389855133     
  0.400000000000000        13.6851721626622     
  0.405000000000000        13.6859776099885     
  0.410000000000000        13.6867565504283     
  0.415000000000000        13.6875101384545     
  0.420000000000000        13.6882394646369     
  0.425000000000000        13.6889455598439     
  0.430000000000000        13.6896293991612     
  0.435000000000000        13.6902919054572     
  0.440000000000000        13.6909339527939     
  0.445000000000000        13.6915563694482     
  0.450000000000000        13.6921599408836     
  0.455000000000000        13.6927454123005     
  0.460000000000000        13.6933134912391     
  0.465000000000000        13.6938648498038     
  0.470000000000000        13.6944001268525     
  0.475000000000000        13.6949199299633     
  0.480000000000000        13.6954248373205     
  0.485000000000000        13.6959153994014     
  0.490000000000000        13.7003070590020     
  0.495000000000000        13.7007713562126     
  0.500000000000000        13.7012227774172     
  0.505000000000000        13.7016617786491     
  0.510000000000000        13.7020887952869     
  0.515000000000000        13.7025042431628     
  0.520000000000000        13.7029085196959     
  0.525000000000000        13.7033020285962     
  0.530000000000000        13.7036850413996     
  0.535000000000000        13.7040580353887     
  0.540000000000000        13.7044212620200     
  0.545000000000000        13.7047750669755     
  0.550000000000000        13.7051197475529     
  0.555000000000000        13.7054556232944     
  0.560000000000000        13.7057828832192     
  0.565000000000000        13.7061019264981     
  0.570000000000000        13.7062260992139     
  0.575000000000000        13.7065294262595     
  0.580000000000000        13.7068252192869     
  0.585000000000000        13.7071137110373     
  0.590000000000000        13.7073951452493     
  0.595000000000000        13.7076696434923     
  0.600000000000000        13.7079375393670     
  0.605000000000000        13.7081989484864     
  0.610000000000000        13.7084540871830     
  0.615000000000000        13.7087031298303     
  0.620000000000000        13.7089462554988     
  0.625000000000000        13.7091836570717     
  0.630000000000000        13.7094154065016     
  0.635000000000000        13.7096417914139     
  0.640000000000000        13.7098628827624     
  0.645000000000000        13.7100788544551     
  0.650000000000000        13.7102898402382     
  0.655000000000000        13.7104960438132     
  0.660000000000000        13.7106974794134     
  0.665000000000000        13.7108942965008     
  0.670000000000000        13.7110866719628     
  0.675000000000000        13.7112747032591     
  0.680000000000000        13.7114585127453     
  0.685000000000000        13.7114485611181     
  0.690000000000000        13.7116243530535     
  0.695000000000000        13.7117961784048     
  0.700000000000000        13.7119642682960     
  0.705000000000000        13.7121286398923     
  0.710000000000000        13.7122894154487     
  0.715000000000000        13.7124466792025     
  0.720000000000000        13.7126005239205     
  0.725000000000000        13.7127510359012     
  0.730000000000000        13.7128983000471     
  0.735000000000000        13.7130424215685     
  0.740000000000000        13.7131833894158     
  0.745000000000000        13.7133214092755     
  0.750000000000000        13.7134564748480     
  0.755000000000000        13.7135886855046     
  0.760000000000000        13.7137181034904     
  0.765000000000000        13.7138448003734     
  0.770000000000000        13.7139688420036     
  0.775000000000000        13.7140902935544     
  0.780000000000000        13.7142092179939     
  0.785000000000000        13.7143256766394     
  0.790000000000000        13.7144397290525     
  0.795000000000000        13.7145514967617     
  0.800000000000000        13.7146609180944     
  0.805000000000000        13.7147680688973     
  0.810000000000000        13.7148730553020     
  0.815000000000000        13.7149759066130     
  0.820000000000000        13.7150766795237     
  0.825000000000000        13.7151754841585     
  0.830000000000000        13.7152722507796     
  0.835000000000000        13.7153670466519     
  0.840000000000000        13.7154599934221     
  0.845000000000000        13.7155510211820     
  0.850000000000000        13.7156403080956     
  0.855000000000000        13.7157278118436     
  0.860000000000000        13.7158136003372     
  0.865000000000000        13.7158977044292     
  0.870000000000000        13.7159801656588     
  0.875000000000000        13.7160610439514     
  0.880000000000000        13.7161402859486     
  0.885000000000000        13.7162180556760     
  0.890000000000000        13.7162943068016     
  0.895000000000000        13.7163690999695     
  0.900000000000000        13.7164424599899     
  0.905000000000000        13.7165144221361     
  0.910000000000000        13.7165850172160     
  0.915000000000000        13.7166542764278     
  0.920000000000000        13.7167222537079     
  0.925000000000000        13.7167888862169     
  0.930000000000000        13.7168543323824     
  0.935000000000000        13.7169185384931     
  0.940000000000000        13.7169815585233     
  0.945000000000000        13.7170434106414     
  0.950000000000000        13.7171041237694     
  0.955000000000000        13.7171637224447     
  0.960000000000000        13.7172222318233     
  0.965000000000000        13.7172796997334     
  0.970000000000000        13.7173360581531     
  0.975000000000000        13.7173914595169     
  0.980000000000000        13.7174458447774     
  0.985000000000000        13.7174992626202     
  0.990000000000000        13.7175517260981     
  0.995000000000000        13.7176032590833     
   1.00000000000000        13.7176538812988     
   1.00500000000000        13.7177036131209     
   1.01000000000000        13.7177524741204     
   1.01500000000000        13.7178005064062     
   1.02000000000000        13.7178476388688     
   1.02500000000000        13.7178940409851     
   1.03000000000000        13.7179395585254     
   1.03500000000000        13.7179843641639     
   1.04000000000000        13.7180283850797     
   1.04500000000000        13.7180716674172     
   1.05000000000000        13.7181142181429     
   1.05500000000000        13.7181560796222     
   1.06000000000000        13.7181971758034     
   1.06500000000000        13.7182376508581     
   1.07000000000000        13.7182774381649     
   1.07500000000000        13.7183165789761     
   1.08000000000000        13.7183551429459     
   1.08500000000000        13.7183930281938     
   1.09000000000000        13.7184302689518     
   1.09500000000000        13.7184669316998     
   1.10000000000000        13.7185030068272     
   1.10500000000000        13.7185385133640     
   1.11000000000000        13.7185734611379     
   1.11500000000000        13.7186078861245     
   1.12000000000000        13.7186417091721     
   1.12500000000000        13.7186750704424     
   1.13000000000000        13.7187078998125     
   1.13500000000000        13.7187402349639     
   1.14000000000000        13.7187720783042     
   1.14500000000000        13.7188034433013     
   1.15000000000000        13.7188343395363     
   1.15500000000000        13.7188647775301     
   1.16000000000000        13.7188947671997     
   1.16500000000000        13.7189243183435     
   1.17000000000000        13.7189534405612     
   1.17500000000000        13.7189821432129     
   1.18000000000000        13.7190104354963     
   1.18500000000000        13.7190383263538     
   1.19000000000000        13.7190658245872     
   1.19500000000000        13.7190929387699     
   1.20000000000000        13.7191196773292     
   1.20500000000000        13.7191460484928     
   1.21000000000000        13.7191729679774     
   1.21500000000000        13.7191981347484     
   1.22000000000000        13.7192234370260     
   1.22500000000000        13.7192483271948     
   1.23000000000000        13.7192729601411     
   1.23500000000000        13.7192972036216     
   1.24000000000000        13.7193212044028     
   1.24500000000000        13.7193448817981     
   1.25000000000000        13.7193682693122     
   1.25500000000000        13.7193913637579     
   1.26000000000000        13.7194141739238     
   1.26500000000000        13.7194367046836     
   1.27000000000000        13.7194589621920     
   1.27500000000000        13.7194809521053     
   1.28000000000000        13.7195026801450     
   1.28500000000000        13.7195241519526     
   1.29000000000000        13.7195453730281     
   1.29500000000000        13.7195663488184     
   1.30000000000000        13.7195870846857     
   1.30500000000000        13.7196075858763     
   1.31000000000000        13.7196278575261     
   1.31500000000000        13.7196479046954     
   1.32000000000000        13.7196677323454     
   1.32500000000000        13.7196873452895     
   1.33000000000000        13.7197067483273     
   1.33500000000000        13.7197259460953     
   1.34000000000000        13.7197449431580     
   1.34500000000000        13.7197637439728     
   1.35000000000000        13.7197823529374     
   1.35500000000000        13.7198007743326     
   1.36000000000000        13.7198190123222     
   1.36500000000000        13.7198370710394     
   1.37000000000000        13.7198549545028     
   1.37500000000000        13.7198726666459     
   1.38000000000000        13.7198902113041     
   1.38500000000000        13.7199075922695     
   1.39000000000000        13.7199248132138     
   1.39500000000000        13.7199418777439     
   1.40000000000000        13.7199587894090     
   1.40500000000000        13.7199755516454     
   1.41000000000000        13.7199921678555     
   1.41500000000000        13.7200086413218     
   1.42000000000000        13.7200249753233     
   1.42500000000000        13.7200411729871     
   1.43000000000000        13.7200572374530     
   1.43500000000000        13.7200731717086     
   1.44000000000000        13.7200889787550     
   1.44500000000000        13.7201046614691     
   1.45000000000000        13.7201202227168     
   1.45500000000000        13.7201356652503     
   1.46000000000000        13.7201510153336     
   1.46500000000000        13.7201662483540     
   1.47000000000000        13.7201813766395     
   1.47500000000000        13.7201963429632     
   1.48000000000000        13.7202112292735     
   1.48500000000000        13.7202260068528     
   1.49000000000000        13.7202406871693     
   1.49500000000000        13.7202552690110     
   1.50000000000000        13.7202697555043     
   1.50500000000000        13.7202841720454     
   1.51000000000000        13.7202984289630     
   1.51500000000000        13.7203126577328     
   1.52000000000000        13.7203267786366     
   1.52500000000000        13.7203408436276     
   1.53000000000000        13.7203547551932     
   1.53500000000000        13.7203686468666     
   1.54000000000000        13.7203824380745     
   1.54500000000000        13.7203961575762     
   1.55000000000000        13.7204097985827     
   1.55500000000000        13.7204233657578     
   1.56000000000000        13.7204368599296     
   1.56500000000000        13.7204502831110     
   1.57000000000000        13.7204637011483     
   1.57500000000000        13.7204769961194     
   1.58000000000000        13.7204901915878     
   1.58500000000000        13.7205033418836     
   1.59000000000000        13.7205164259517     
   1.59500000000000        13.7205294514397     
   1.60000000000000        13.7205424171482     
   1.60500000000000        13.7205553250029     
   1.61000000000000        13.7205681759706     
   1.61500000000000        13.7205809713307     
   1.62000000000000        13.7205937122955     
   1.62500000000000        13.7206064000772     
   1.63000000000000        13.7206190358366     
   1.63500000000000        13.7206316207686     
   1.64000000000000        13.7206441560029     
   1.64500000000000        13.7206566426761     
   1.65000000000000        13.7206690819141     
   1.65500000000000        13.7206814747746     
   1.66000000000000        13.7206938223152     
   1.66500000000000        13.7207061256000     
   1.67000000000000        13.7207183856195     
   1.67500000000000        13.7207306033723     
   1.68000000000000        13.7207427798037     
   1.68500000000000        13.7207549158654     
   1.69000000000000        13.7207670768354     
   1.69500000000000        13.7207791438458     
   1.70000000000000        13.7207911398621     
   1.70500000000000        13.7208031185594     
   1.71000000000000        13.7208150581298     
   1.71500000000000        13.7208269656107     
   1.72000000000000        13.7208388391466     
   1.72500000000000        13.7208506800231     
   1.73000000000000        13.7208624885784     
   1.73500000000000        13.7208742655227     
   1.74000000000000        13.7208860114282     
   1.74500000000000        13.7208977269445     
   1.75000000000000        13.7209094126808     
   1.75500000000000        13.7209210692479     
   1.76000000000000        13.7209326972579     
   1.76500000000000        13.7209443616782     
   1.77000000000000        13.7209559432551     
   1.77500000000000        13.7209674647128     
   1.78000000000000        13.7209789794221     
   1.78500000000000        13.7209904652688     
   1.79000000000000        13.7210019290389     
   1.79500000000000        13.7210134329831     
   1.80000000000000        13.7210248582427     
   1.80500000000000        13.7210362270741     
   1.81000000000000        13.7210476161206     
   1.81500000000000        13.7210589119438     
   1.82000000000000        13.7210702501156     
   1.82500000000000        13.7210815467379     
   1.83000000000000        13.7210928293267     
   1.83500000000000        13.7211040893584     
   1.84000000000000        13.7211153300393     
   1.84500000000000        13.7211265506954     
   1.85000000000000        13.7211377519778     
   1.85500000000000        13.7211489568278     
   1.86000000000000        13.7211600760409     
   1.86500000000000        13.7211712376471     
   1.87000000000000        13.7211823606450     
   1.87500000000000        13.7211934718812     
   1.88000000000000        13.7212045631956     
   1.88500000000000        13.7212156611506     
   1.89000000000000        13.7212266738597     
   1.89500000000000        13.7212377550283     
   1.90000000000000        13.7212487304348     
   1.90500000000000        13.7212597572091     
   1.91000000000000        13.7212707451420     
   1.91500000000000        13.7212817240319     
   1.92000000000000        13.7212926847119     
   1.92500000000000        13.7213036305822     
   1.93000000000000        13.7213145609112     
   1.93500000000000        13.7213254762845     
   1.94000000000000        13.7213363768182     
   1.94500000000000        13.7213472858906     
   1.95000000000000        13.7213581131962     
   1.95500000000000        13.7213689874140     
   1.96000000000000        13.7213798272070     
   1.96500000000000        13.7213906593659     
   1.97000000000000        13.7214014755801     
   1.97500000000000        13.7214122788459     
   1.98000000000000        13.7214230684344     
   1.98500000000000        13.7214339092988     
   1.99000000000000        13.7214446814240     
   1.99500000000000        13.7214554073025     
   2.00000000000000        13.7214661398258     
   2.00500000000000        13.7214768565027     
   2.01000000000000        13.7214875637079     
   2.01500000000000        13.7214982588699     
   2.02000000000000        13.7215089426350     
   2.02500000000000        13.7215196146826     
   2.03000000000000        13.7215302750888     
   2.03500000000000        13.7215409238088     
   2.04000000000000        13.7215515608702     
   2.04500000000000        13.7215621862917     
   2.05000000000000        13.7215728000881     
   2.05500000000000        13.7215834023215     
   2.06000000000000        13.7215939930183     
   2.06500000000000        13.7216045722080     
   2.07000000000000        13.7216151633605     
   2.07500000000000        13.7216256752781     
   2.08000000000000        13.7216362370373     
   2.08500000000000        13.7216467670043     
   2.09000000000000        13.7216572918480     
   2.09500000000000        13.7216678030820     
   2.10000000000000        13.7216783036069     
   2.10500000000000        13.7216887925403     
   2.11000000000000        13.7216992935883     
   2.11500000000000        13.7217097156385     
   2.12000000000000        13.7217201876615     
   2.12500000000000        13.7217306280225     
   2.13000000000000        13.7217410633969     
   2.13500000000000        13.7217514852836     
   2.14000000000000        13.7217618965454     
   2.14500000000000        13.7217722963129     
   2.15000000000000        13.7217826849011     
   2.15500000000000        13.7217930857875     
   2.16000000000000        13.7218034074761     
   2.16500000000000        13.7218137792599     
   2.17000000000000        13.7218241193911     
   2.17500000000000        13.7218344545482     
   2.18000000000000        13.7218448407417     
   2.18500000000000        13.7218551605687     
   2.19000000000000        13.7218654355577     
   2.19500000000000        13.7218757187896     
   2.20000000000000        13.7218859875360     
   2.20500000000000        13.7218962480517     
   2.21000000000000        13.7219064976702     
   2.21500000000000        13.7219167368900     
   2.22000000000000        13.7219269652745     
   2.22500000000000        13.7219371827798     
   2.23000000000000        13.7219473892498     
   2.23500000000000        13.7219576076588     
   2.24000000000000        13.7219677475698     
   2.24500000000000        13.7219780018713     
   2.25000000000000        13.7219882332198     
   2.25500000000000        13.7219983703414     
   2.26000000000000        13.7220084799356     
   2.26500000000000        13.7220185949041     
   2.27000000000000        13.7220286979041     
   2.27500000000000        13.7220387927638     
   2.28000000000000        13.7220488772459     
   2.28500000000000        13.7220589514200     
   2.29000000000000        13.7220690148156     
   2.29500000000000        13.7220790672053     
   2.30000000000000        13.7220891083997     
   2.30500000000000        13.7220991381985     
   2.31000000000000        13.7221091564675     
   2.31500000000000        13.7221191630907     
   2.32000000000000        13.7221291579300     
   2.32500000000000        13.7221391409046     
   2.33000000000000        13.7221491118982     
   2.33500000000000        13.7221590708285     
   2.34000000000000        13.7221690176236     
   2.34500000000000        13.7221789522074     
   2.35000000000000        13.7221888744927     
   2.35500000000000        13.7221987844303     
   2.36000000000000        13.7222087049016     
   2.36500000000000        13.7222186104127     
   2.37000000000000        13.7222285086059     
   2.37500000000000        13.7222383404959     
   2.38000000000000        13.7222481854101     
   2.38500000000000        13.7222580121452     
   2.39000000000000        13.7222678297117     
   2.39500000000000        13.7222776345218     
   2.40000000000000        13.7222874273174     
   2.40500000000000        13.7222972076037     
   2.41000000000000        13.7223070399185     
   2.41500000000000        13.7223168036619     
   2.42000000000000        13.7223265859199     
   2.42500000000000        13.7223363834857     
   2.43000000000000        13.7223460757912     
   2.43500000000000        13.7223557442948     
   2.44000000000000        13.7223654163795     
   2.44500000000000        13.7223750760423     
   2.45000000000000        13.7223847264085     
   2.45500000000000        13.7223943651703     
   2.46000000000000        13.7224039922879     
   2.46500000000000        13.7224136071359     
   2.47000000000000        13.7224232094502     
   2.47500000000000        13.7224327989373     
   2.48000000000000        13.7224423753893     
   2.48500000000000        13.7224519385998     
   2.49000000000000        13.7224614884486     
   2.49500000000000        13.7224710247578     
   2.50000000000000        13.7224805474538     
   2.52500000000000        13.7225089461910     
   2.55000000000000        13.7225468815805     
   2.57500000000000        13.7225895864152     
   2.60000000000000        13.7226344345770     
   2.62500000000000        13.7226801241321     
   2.65000000000000        13.7227260026421     
   2.67500000000000        13.7227717384495     
   2.70000000000000        13.7228171620614     
   2.72500000000000        13.7228621875840     
   2.75000000000000        13.7229067727603     
   2.77500000000000        13.7229508982605     
   2.80000000000000        13.7229945565798     
   2.82500000000000        13.7230377462574     
   2.85000000000000        13.7230804686153     
   2.87500000000000        13.7231229144539     
   2.90000000000000        13.7231646508014     
   2.92500000000000        13.7232059314416     
   2.95000000000000        13.7232467887714     
   2.97500000000000        13.7232872039648     
   3.00000000000000        13.7233271335786     
   3.02500000000000        13.7233666760129     
   3.05000000000000        13.7234075738749     
   3.07500000000000        13.7234451938466     
   3.10000000000000        13.7234831437839     
   3.12500000000000        13.7235206572506     
   3.15000000000000        13.7235578487460     
   3.17500000000000        13.7235946336130     
   3.20000000000000        13.7236310113029     
   3.22500000000000        13.7236669680452     
   3.25000000000000        13.7237025011665     
   3.27500000000000        13.7237376083063     
   3.30000000000000        13.7237722893334     
   3.32500000000000        13.7238065447231     
   3.35000000000000        13.7238403756606     
   3.37500000000000        13.7238737838420     
   3.40000000000000        13.7239067711270     
   3.42500000000000        13.7239393397232     
   3.45000000000000        13.7239714919438     
   3.47500000000000        13.7240032303097     
   3.50000000000000        13.7240345574753     
   3.52500000000000        13.7240654802757     
   3.55000000000000        13.7240959580113     
   3.57500000000000        13.7241260917879     
   3.60000000000000        13.7241558017002     
   3.62500000000000        13.7241851205034     
   3.65000000000000        13.7242140427214     
   3.67500000000000        13.7242425751337     
   3.70000000000000        13.7242707202490     
   3.72500000000000        13.7242984819462     
   3.75000000000000        13.7243258689036     
   3.77500000000000        13.7243528380870     
   3.80000000000000        13.7243794934874     
   3.82500000000000        13.7244057553002     
   3.85000000000000        13.7244316567864     
   3.87500000000000        13.7244571929616     
   3.90000000000000        13.7244823709457     
   3.92500000000000        13.7245071935835     
   3.95000000000000        13.7245316650905     
   3.97500000000000        13.7245557891204     
   4.00000000000000        13.7245795695434     
   4.02500000000000        13.7246030100926     
   4.05000000000000        13.7246261145707     
   4.07500000000000        13.7246488867656     
   4.10000000000000        13.7246713304454     
   4.12500000000000        13.7246936378831     
   4.15000000000000        13.7247153761185     
   4.17500000000000        13.7247368003502     
   4.20000000000000        13.7247579440309     
   4.22500000000000        13.7247787838595     
   4.25000000000000        13.7247993255949     
   4.27500000000000        13.7248195682116     
   4.30000000000000        13.7248395147854     
   4.32500000000000        13.7248591679646     
   4.35000000000000        13.7248785309931     
   4.37500000000000        13.7248976071807     
   4.40000000000000        13.7249164000304     
   4.42500000000000        13.7249349130318     
   4.45000000000000        13.7249531496848     
   4.47500000000000        13.7249711135313     
   4.50000000000000        13.7249888080977     
   4.52500000000000        13.7250062369034     
   4.55000000000000        13.7250234034490     
   4.57500000000000        13.7250403111762     
   4.60000000000000        13.7250569636096     
   4.62500000000000        13.7250733640950     
   4.65000000000000        13.7250895160766     
   4.67500000000000        13.7251054283193     
   4.70000000000000        13.7251210572787     
   4.72500000000000        13.7251365069528     
   4.75000000000000        13.7251516971886     
   4.77500000000000        13.7251666609080     
   4.80000000000000        13.7251813976167     
   4.82500000000000        13.7251958682227     
   4.85000000000000        13.7252101748684     
   4.87500000000000        13.7252242379153     
   4.90000000000000        13.7252380956338     
   4.92500000000000        13.7252516951799     
   4.95000000000000        13.7252651440745     
   4.97500000000000        13.7252783610542     
   5.00000000000000        13.7252913792599     
   5.02500000000000        13.7253041928742     
   5.05000000000000        13.7253168136244     
   5.07500000000000        13.7253292028152     
   5.10000000000000        13.7253414165087     
   5.12500000000000        13.7253534753126     
   5.15000000000000        13.7253653282222     
   5.17500000000000        13.7253769990118     
   5.20000000000000        13.7253884852193     
   5.22500000000000        13.7253997921482     
   5.25000000000000        13.7254109221415     
   5.27500000000000        13.7254218782338     
   5.30000000000000        13.7254326630237     
   5.32500000000000        13.7254432791917     
   5.35000000000000        13.7254537292814     
   5.37500000000000        13.7254640158685     
   5.40000000000000        13.7254741413350     
   5.42500000000000        13.7254841081491     
   5.45000000000000        13.7254939187100     
   5.47500000000000        13.7255035753831     
   5.50000000000000        13.7255130804756     
   5.52500000000000        13.7255224363178     
   5.55000000000000        13.7255316497612     
   5.57500000000000        13.7255406781785     
   5.60000000000000        13.7255496229082     
   5.62500000000000        13.7255584029571     
   5.65000000000000        13.7255670501390     
   5.67500000000000        13.7255755578700     
   5.70000000000000        13.7255839317651     
   5.72500000000000        13.7255921730426     
   5.75000000000000        13.7256002842098     
   5.77500000000000        13.7256082724570     
   5.80000000000000        13.7256160933938     
   5.82500000000000        13.7256238493343     
   5.85000000000000        13.7256314588095     
   5.87500000000000        13.7256389534270     
   5.90000000000000        13.7256463263406     
   5.92500000000000        13.7256535828774     
   5.95000000000000        13.7256607300771     
   5.97500000000000        13.7256677217672     
   6.00000000000000        13.7256746614736     
   6.02500000000000        13.7256814673813     
   6.05000000000000        13.7256881709132     
   6.07500000000000        13.7256947650327     
   6.10000000000000        13.7257012549078     
   6.12500000000000        13.7257078300418     
   6.15000000000000        13.7257140553711     
   6.17500000000000        13.7257201841698     
   6.20000000000000        13.7257262477524     
   6.22500000000000        13.7257322206223     
   6.25000000000000        13.7257381062721     
   6.27500000000000        13.7257439015705     
   6.30000000000000        13.7257496072667     
   6.32500000000000        13.7257552237397     
   6.35000000000000        13.7257607520477     
   6.37500000000000        13.7257661932653     
   6.40000000000000        13.7257715485213     
   6.42500000000000        13.7257768191381     
   6.45000000000000        13.7257820063310     
   6.47500000000000        13.7257871113498     
   6.50000000000000        13.7257921354738     
   6.52500000000000        13.7257970800120     
   6.55000000000000        13.7258019461332     
   6.57500000000000        13.7258067351216     
   6.60000000000000        13.7258114533765     
   6.62500000000000        13.7258160557716     
   6.65000000000000        13.7258206437101     
   6.67500000000000        13.7258251350367     
   6.70000000000000        13.7258295605703     
   6.72500000000000        13.7258339127454     
   6.75000000000000        13.7258381961532     
   6.77500000000000        13.7258424110776     
   6.80000000000000        13.7258465591301     
   6.82500000000000        13.7258508299401     
   6.85000000000000        13.7258547875764     
   6.87500000000000        13.7258586847109     
   6.90000000000000        13.7258625521029     
   6.92500000000000        13.7258663637364     
   6.95000000000000        13.7258701225581     
   6.97500000000000        13.7258738248531     
   7.00000000000000        13.7258774709027     
   7.02500000000000        13.7258810606081     
   7.05000000000000        13.7258845944408     
   7.07500000000000        13.7258880730004     
   7.10000000000000        13.7258914970106     
   7.12500000000000        13.7258948671704     
   7.15000000000000        13.7258981884602     
   7.17500000000000        13.7259014179189     
   7.20000000000000        13.7259046547357     
   7.22500000000000        13.7259078166130     
   7.25000000000000        13.7259109339950     
   7.27500000000000        13.7259139990648     
   7.30000000000000        13.7259170160982     
   7.32500000000000        13.7259199850084     
   7.35000000000000        13.7259229070680     
   7.37500000000000        13.7259257830061     
   7.40000000000000        13.7259286136439     
   7.42500000000000        13.7259313997151     
   7.45000000000000        13.7259341419757     
   7.47500000000000        13.7259368411512     
   7.50000000000000        13.7259394979069     
   7.52500000000000        13.7259421129938     
   7.55000000000000        13.7259446870772     
   7.57500000000000        13.7259472207902     
   7.60000000000000        13.7259497148286     
   7.62500000000000        13.7259521698131     
   7.65000000000000        13.7259545912079     
   7.67500000000000        13.7259569342647     
   7.70000000000000        13.7259593056415     
   7.72500000000000        13.7259615730178     
   7.75000000000000        13.7259638694290     
   7.77500000000000        13.7259661029196     
   7.80000000000000        13.7259683072877     
   7.82500000000000        13.7259704735621     
   7.85000000000000        13.7259726062510     
   7.87500000000000        13.7259747050482     
   7.90000000000000        13.7259767710398     
   7.92500000000000        13.7259788047116     
   7.95000000000000        13.7259808067415     
   7.97500000000000        13.7259829663448     
   8.00000000000000        13.7259848468604     
   8.02500000000000        13.7259867005084     
   8.05000000000000        13.7259885575124     
   8.07500000000000        13.7259903913023     
   8.10000000000000        13.7259922095945     
   8.12500000000000        13.7259939616205     
   8.15000000000000        13.7259957476055     
   8.17500000000000        13.7259974834623     
   8.20000000000000        13.7259991989417     
   8.22500000000000        13.7260008854582     
   8.25000000000000        13.7260025466957     
   8.27500000000000        13.7260041821463     
   8.30000000000000        13.7260057926338     
   8.32500000000000        13.7260092066247     
   8.35000000000000        13.7260097526715     
   8.37500000000000        13.7260110525386     
   8.40000000000000        13.7260123348272     
   8.42500000000000        13.7260137138479     
   8.45000000000000        13.7260151031617     
   8.47500000000000        13.7260165011225     
   8.50000000000000        13.7260178924941     
   8.52500000000000        13.7260192732353     
   8.55000000000000        13.7260206394390     
   8.57500000000000        13.7260219893709     
   8.60000000000000        13.7260233262983     
   8.62500000000000        13.7260246050237     
   8.65000000000000        13.7260259242003     
   8.67500000000000        13.7260272005632     
   8.70000000000000        13.7260284638149     
   8.72500000000000        13.7260297053970     
   8.75000000000000        13.7260309289872     
   8.77500000000000        13.7260321339369     
   8.80000000000000        13.7260333209857     
   8.82500000000000        13.7260346790573     
   8.85000000000000        13.7260357712084     
   8.87500000000000        13.7260368495024     
   8.90000000000000        13.7260379438709     
   8.92500000000000        13.7260390275953     
   8.95000000000000        13.7260401086260     
   8.97500000000000        13.7260411347721     
   9.00000000000000        13.7260422069390     
   9.02500000000000        13.7260432407600     
   9.05000000000000        13.7260442657426     
   9.07500000000000        13.7260452731105     
   9.10000000000000        13.7260462663438     
   9.12500000000000        13.7260472447814     
   9.15000000000000        13.7260482090241     
   9.17500000000000        13.7260491591945     
   9.20000000000000        13.7260500955867     
   9.22500000000000        13.7260510232993     
   9.25000000000000        13.7260518969896     
   9.27500000000000        13.7260528165866     
   9.30000000000000        13.7260536989609     
   9.32500000000000        13.7260545740564     
   9.35000000000000        13.7260554334157     
   9.37500000000000        13.7260562853094     
   9.40000000000000        13.7260570841841     
   9.42500000000000        13.7260579299607     
   9.45000000000000        13.7260587395878     
   9.47500000000000        13.7260595430062     
   9.50000000000000        13.7260603317486     
   9.52500000000000        13.7260611095235     
   9.55000000000000        13.7260618757310     
   9.57500000000000        13.7260626309878     
   9.60000000000000        13.7260633755168     
   9.62500000000000        13.7260641095039     
   9.65000000000000        13.7260648331710     
   9.67500000000000        13.7260657354598     
   9.70000000000000        13.7260663792672     
   9.72500000000000        13.7260670165084     
   9.75000000000000        13.7260676770614     
   9.77500000000000        13.7260683390524     
   9.80000000000000        13.7260689587623     
   9.82500000000000        13.7260696367395     
   9.85000000000000        13.7260702426610     
   9.87500000000000        13.7260709056797     
   9.90000000000000        13.7260715334592     
   9.92500000000000        13.7260723476685     
   9.95000000000000        13.7260729014751     
   9.97500000000000        13.7260734505946     
   10.0000000000000        13.7260742126791     
   10.0250000000000        13.7260747240235     
   10.0500000000000        13.7260752384430     
   10.0750000000000        13.7260757810771     
   10.1000000000000        13.7260763244032     
   10.1250000000000        13.7260768694348     
   10.1500000000000        13.7260774111553     
   10.1750000000000        13.7260779487139     
   10.2000000000000        13.7260784809631     
   10.2250000000000        13.7260790074571     
   10.2500000000000        13.7260795278948     
   10.2750000000000        13.7260800421617     
   10.3000000000000        13.7260805501479     
   10.3250000000000        13.7260810518700     
   10.3500000000000        13.7260815473528     
   10.3750000000000        13.7260820366397     
   10.4000000000000        13.7260825198379     
   10.4250000000000        13.7260829970144     
   10.4500000000000        13.7260834682186     
   10.4750000000000        13.7260839335505     
   10.5000000000000        13.7260845818364     
   10.5250000000000        13.7260849758860     
   10.5500000000000        13.7260855563120     
   10.5750000000000        13.7260859155270     
   10.6000000000000        13.7260862784058     
   10.6250000000000        13.7260866766763     
   10.6500000000000        13.7260870786904     
   10.6750000000000        13.7260874858035     
   10.7000000000000        13.7260878980389     
   10.7250000000000        13.7260900961456     
   10.7500000000000        13.7260895050461     
   10.7750000000000        13.7260896643315     
   10.8000000000000        13.7260898310877     
   10.8250000000000        13.7260901103793     
   10.8500000000000        13.7260904187047     
   10.8750000000000        13.7260909419189     
   10.9000000000000        13.7260912320601     
   10.9250000000000        13.7260914918745     
   10.9500000000000        13.7260918459045     
   10.9750000000000        13.7260921818752     
   11.0000000000000        13.7260927187013     
   11.0250000000000        13.7260930048101     
   11.0500000000000        13.7260932942297     
   11.0750000000000        13.7260936143770     
   11.1000000000000        13.7260939381154     
   11.1250000000000        13.7260942668011     
   11.1500000000000        13.7260945955754     
   11.1750000000000        13.7260949236154     
   11.2000000000000        13.7260952497200     
   11.2250000000000        13.7260955734800     
   11.2500000000000        13.7260958945675     
   11.2750000000000        13.7260962127581     
   11.3000000000000        13.7260965279439     
   11.3250000000000        13.7260968400444     
   11.3500000000000        13.7260971491130     
   11.3750000000000        13.7260974550668     
   11.4000000000000        13.7260979467323     
   11.4250000000000        13.7260981867506     
   11.4500000000000        13.7260984269945     
   11.4750000000000        13.7260986971608     
   11.5000000000000        13.7260989702737     
   11.5250000000000        13.7260992482990     
   11.5500000000000        13.7260995317880     
   11.5750000000000        13.7260997737263     
   11.6000000000000        13.7261000734173     
   11.6250000000000        13.7261003470509     
   11.6500000000000        13.7261006240154     
   11.6750000000000        13.7261008954962     
   11.7000000000000        13.7261011648750     
   11.7250000000000        13.7261014312706     
   11.7500000000000        13.7261016951314     
   11.7750000000000        13.7261019564799     
   11.8000000000000        13.7261022153407     
   11.8250000000000        13.7261024718097     
   11.8500000000000        13.7261027259183     
   11.8750000000000        13.7261029831318     
   11.9000000000000        13.7261032020408     
   11.9250000000000        13.7261034363165     
   11.9500000000000        13.7261037033236     
   11.9750000000000        13.7261039493337     
   12.0000000000000        13.7261043841583     
   12.0250000000000        13.7261045652294     
   12.0500000000000        13.7261047470583     
   12.0750000000000        13.7261049590279     
   12.1000000000000        13.7261051745723     
   12.1250000000000        13.7261053957168     
   12.1500000000000        13.7261056178473     
   12.1750000000000        13.7261058404399     
   12.2000000000000        13.7261060624781     
   12.2250000000000        13.7261062835702     
   12.2500000000000        13.7261065034365     
   12.2750000000000        13.7261067219008     
   12.3000000000000        13.7261069388963     
   12.3250000000000        13.7261071543206     
   12.3500000000000        13.7261073681937     
   12.3750000000000        13.7261075804794     
   12.4000000000000        13.7261077912255     
   12.4250000000000        13.7261080004110     
   12.4500000000000        13.7261082080318     
   12.4750000000000        13.7261084141226     
   12.5000000000000        13.7261086187005     
