  5.000000000000000E-003   51.4522792586470     
  1.000000000000000E-002   52.4242539031722     
  1.500000000000000E-002   53.0958748724164     
  2.000000000000000E-002   53.5741008076185     
  2.500000000000000E-002   53.9243599228075     
  3.000000000000000E-002   54.1877743144274     
  3.500000000000000E-002   54.3908435500883     
  4.000000000000000E-002   54.5510407253111     
  4.500000000000000E-002   54.6801330822613     
  5.000000000000000E-002   54.7862017529165     
  5.500000000000000E-002   54.8748986172914     
  6.000000000000000E-002   54.9502449988881     
  6.500000000000000E-002   55.0151490719936     
  7.000000000000001E-002   55.0717470271249     
  7.500000000000000E-002   55.1216317259275     
  8.000000000000000E-002   55.1660084212484     
  8.500000000000001E-002   55.2058015106206     
  9.000000000000000E-002   55.2417305739511     
  9.500000000000000E-002   55.2743627708944     
  0.100000000000000        55.3041511151025     
  0.105000000000000        55.3314619955226     
  0.110000000000000        55.3565953557134     
  0.115000000000000        55.3797995934825     
  0.120000000000000        55.4012826894260     
  0.125000000000000        55.4212205957461     
  0.130000000000000        55.4397636190969     
  0.135000000000000        55.4570413216002     
  0.140000000000000        55.4731663147393     
  0.145000000000000        55.4882372425509     
  0.150000000000000        55.5023410947367     
  0.155000000000000        55.5155551008268     
  0.160000000000000        55.5279481947520     
  0.165000000000000        55.5395822403905     
  0.170000000000000        55.5505130123022     
  0.175000000000000        55.5607910059277     
  0.180000000000000        55.5704621094459     
  0.185000000000000        55.5795681647608     
  0.190000000000000        55.5881474397140     
  0.195000000000000        55.5962350283061     
  0.200000000000000        55.6038631923349     
  0.205000000000000        55.6110616549521     
  0.210000000000000        55.6178578544872     
  0.215000000000000        55.6242771652132     
  0.220000000000000        55.6303430904592     
  0.225000000000000        55.6360774324863     
  0.230000000000000        55.6415004425240     
  0.235000000000000        55.6466309539888     
  0.240000000000000        55.6514865013191     
  0.245000000000000        55.6560834262247     
  0.250000000000000        55.6604369732741     
  0.255000000000000        55.6645613759373     
  0.260000000000000        55.6684699344088     
  0.265000000000000        55.6721750862124     
  0.270000000000000        55.6756884703805     
  0.275000000000000        55.6790209858734     
  0.280000000000000        55.6821828450801     
  0.285000000000000        55.6851836225923     
  0.290000000000000        55.6880323000701     
  0.295000000000000        55.6907373073947     
  0.300000000000000        55.6933065605622     
  0.305000000000000        55.6957474965336     
  0.310000000000000        55.6980671054456     
  0.315000000000000        55.7002719603591     
  0.320000000000000        55.7023682446902     
  0.325000000000000        55.7043617777741     
  0.330000000000000        55.7062580383499     
  0.335000000000000        55.7080621865427     
  0.340000000000000        55.7097790841053     
  0.345000000000000        55.7114133133341     
  0.350000000000000        55.7129691946583     
  0.355000000000000        55.7144508029319     
  0.360000000000000        55.7158619826696     
  0.365000000000000        55.7172063622466     
  0.370000000000000        55.7184873671095     
  0.375000000000000        55.7197082321220     
  0.380000000000000        55.7208720130646     
  0.385000000000000        55.7219815974259     
  0.390000000000000        55.7230397144247     
  0.395000000000000        55.7240489444506     
  0.400000000000000        55.7250117245571     
  0.405000000000000        55.7259303705658     
  0.410000000000000        55.7268070624512     
  0.415000000000000        55.7276438678106     
  0.420000000000000        55.7284427440938     
  0.425000000000000        55.7292055448813     
  0.430000000000000        55.7299340258779     
  0.435000000000000        55.7306298505211     
  0.440000000000000        55.7312945951773     
  0.445000000000000        55.7319297541196     
  0.450000000000000        55.7325367440822     
  0.455000000000000        55.7331169086474     
  0.460000000000000        55.7336715222648     
  0.465000000000000        55.7342017941245     
  0.470000000000000        55.7347088717700     
  0.475000000000000        55.7351938444495     
  0.480000000000000        55.7356577463220     
  0.485000000000000        55.7361015594641     
  0.490000000000000        55.7365262132385     
  0.495000000000000        55.7369326015244     
  0.500000000000000        55.7373215617851     
  0.505000000000000        55.7376938945107     
  0.510000000000000        55.7380503606215     
  0.515000000000000        55.7383916835968     
  0.520000000000000        55.7387185514411     
  0.525000000000000        55.7390316148007     
  0.530000000000000        55.7393315047426     
  0.535000000000000        55.7396188085940     
  0.540000000000000        55.7398940903720     
  0.545000000000000        55.7401578869452     
  0.550000000000000        55.7404107094121     
  0.555000000000000        55.7406530410406     
  0.560000000000000        55.7408853530926     
  0.565000000000000        55.7411080825264     
  0.570000000000000        55.7413216502116     
  0.575000000000000        55.7415264572255     
  0.580000000000000        55.7417228857775     
  0.585000000000000        55.7419113002395     
  0.590000000000000        55.7420920480086     
  0.595000000000000        55.7422654603740     
  0.600000000000000        55.7424318533017     
  0.605000000000000        55.7425915282275     
  0.610000000000000        55.7427447727486     
  0.615000000000000        55.7428918613267     
  0.620000000000000        55.7430330558943     
  0.625000000000000        55.7431686064879     
  0.630000000000000        55.7432987518497     
  0.635000000000000        55.7434237199268     
  0.640000000000000        55.7435437284229     
  0.645000000000000        55.7436589852856     
  0.650000000000000        55.7437696891851     
  0.655000000000000        55.7438760299161     
  0.660000000000000        55.7439781888702     
  0.665000000000000        55.7440763394141     
  0.670000000000000        55.7441706472563     
  0.675000000000000        55.7442612708186     
  0.680000000000000        55.7443483615865     
  0.685000000000000        55.7444320644253     
  0.690000000000000        55.7445125178683     
  0.695000000000000        55.7445898544705     
  0.700000000000000        55.7446642010049     
  0.705000000000000        55.7447356788122     
  0.710000000000000        55.7448044039685     
  0.715000000000000        55.7448704875996     
  0.720000000000000        55.7449340360679     
  0.725000000000000        55.7449951511734     
  0.730000000000000        55.7450539304218     
  0.735000000000000        55.7451104671626     
  0.740000000000000        55.7451648507886     
  0.745000000000000        55.7452171669464     
  0.750000000000000        55.7452674976484     
  0.755000000000000        55.7453159214916     
  0.760000000000000        55.7453625137738     
  0.765000000000000        55.7454073466289     
  0.770000000000000        55.7454504892396     
  0.775000000000000        55.7454920078758     
  0.780000000000000        55.7455319660735     
  0.785000000000000        55.7455704247677     
  0.790000000000000        55.7456074423499     
  0.795000000000000        55.7456430748391     
  0.800000000000000        55.7456773759403     
  0.805000000000000        55.7457103971973     
  0.810000000000000        55.7457421880033     
  0.815000000000000        55.7457727957876     
  0.820000000000000        55.7458022660385     
  0.825000000000000        55.7458306424004     
  0.830000000000000        55.7458579667678     
  0.835000000000000        55.7458842793309     
  0.840000000000000        55.7459096186832     
  0.845000000000000        55.7459340218583     
  0.850000000000000        55.7459575244359     
  0.855000000000000        55.7459801605430     
  0.860000000000000        55.7460019629784     
  0.865000000000000        55.7460229632060     
  0.870000000000000        55.7460431914716     
  0.875000000000000        55.7460626768258     
  0.880000000000000        55.7460814434261     
  0.885000000000000        55.7460995264812     
  0.890000000000000        55.7461169432017     
  0.895000000000000        55.7461337262846     
  0.900000000000000        55.7461498949291     
  0.905000000000000        55.7461654721504     
  0.910000000000000        55.7461804800675     
  0.915000000000000        55.7461949398414     
  0.920000000000000        55.7462088717950     
  0.925000000000000        55.7462222954545     
  0.930000000000000        55.7462352295727     
  0.935000000000000        55.7462476921917     
  0.940000000000000        55.7462597006483     
  0.945000000000000        55.7462712716331     
  0.950000000000000        55.7462824211547     
  0.955000000000000        55.7462931824406     
  0.960000000000000        55.7463035298403     
  0.965000000000000        55.7463135028272     
  0.970000000000000        55.7463231135715     
  0.975000000000000        55.7463323749294     
  0.980000000000000        55.7463412993019     
  0.985000000000000        55.7463499165829     
  0.990000000000000        55.7463581979896     
  0.995000000000000        55.7463661799842     
   1.00000000000000        55.7463738718898     
