  5.000000000000000E-003   20.7690144305678     
  1.000000000000000E-002   20.8328690843625     
  1.500000000000000E-002   20.8864913045744     
  2.000000000000000E-002   20.9320490323414     
  2.500000000000000E-002   20.9711370039011     
  3.000000000000000E-002   21.0049561435861     
  3.500000000000000E-002   21.0344288405569     
  4.000000000000000E-002   21.0602757852865     
  4.500000000000000E-002   21.0830685767566     
  5.000000000000000E-002   21.1032665875150     
  5.500000000000000E-002   21.1212433374204     
  6.000000000000000E-002   21.1373057150964     
  6.500000000000000E-002   21.1517082225241     
  7.000000000000001E-002   21.1646636916602     
  7.500000000000000E-002   21.1763514576310     
  8.000000000000000E-002   21.1869236699548     
  8.500000000000001E-002   21.1965102388637     
  9.000000000000000E-002   21.2052226525939     
  9.500000000000000E-002   21.2131571879084     
  0.100000000000000        21.2203973220635     
  0.105000000000000        21.2270157721675     
  0.110000000000000        21.2330761391623     
  0.115000000000000        21.2386342632513     
  0.120000000000000        21.2437393431812     
  0.125000000000000        21.2484348681903     
  0.130000000000000        21.2527593980753     
  0.135000000000000        21.2567472195568     
  0.140000000000000        21.2604289013000     
  0.145000000000000        21.2638317650099     
  0.150000000000000        21.2669802894817     
  0.155000000000000        21.2698964522101     
  0.160000000000000        21.2726000294021     
  0.165000000000000        21.2751088488218     
  0.170000000000000        21.2774390132804     
  0.175000000000000        21.2796050928815     
  0.180000000000000        21.2816202929820     
  0.185000000000000        21.2834966010780     
  0.190000000000000        21.2852449155883     
  0.195000000000000        21.2868751590769     
  0.200000000000000        21.2883963780430     
  0.205000000000000        21.2898168310852     
  0.210000000000000        21.2911440669740     
  0.215000000000000        21.2923849939374     
  0.220000000000000        21.2935459412744     
  0.225000000000000        21.2946327142594     
  0.230000000000000        21.2956506431613     
  0.235000000000000        21.2966046270827     
  0.240000000000000        21.2974991732379     
  0.245000000000000        21.2983384322073     
  0.250000000000000        21.2991262296217     
  0.255000000000000        21.2998660946916     
  0.260000000000000        21.3005612859254     
  0.265000000000000        21.3012148143499     
  0.270000000000000        21.3018294645052     
  0.275000000000000        21.3024078134519     
  0.280000000000000        21.3029522479953     
  0.285000000000000        21.3034649803235     
  0.290000000000000        21.3039480622078     
  0.295000000000000        21.3044033979249     
  0.300000000000000        21.3048327560222     
  0.305000000000000        21.3052377800435     
  0.310000000000000        21.3056199983126     
  0.315000000000000        21.3059808328746     
  0.320000000000000        21.3063216076649     
  0.325000000000000        21.3066435559877     
  0.330000000000000        21.3069478273664     
  0.335000000000000        21.3072354938193     
  0.340000000000000        21.3075075556223     
  0.345000000000000        21.3077649465950     
  0.350000000000000        21.3080085389621     
  0.355000000000000        21.3082391478236     
  0.360000000000000        21.3084575352667     
  0.365000000000000        21.3086644141543     
  0.370000000000000        21.3088604516171     
  0.375000000000000        21.3090462722732     
  0.380000000000000        21.3092224612006     
  0.385000000000000        21.3093895666794     
  0.390000000000000        21.3095481027302     
  0.395000000000000        21.3096985514573     
  0.400000000000000        21.3098413652203     
  0.405000000000000        21.3099769682324     
  0.410000000000000        21.3101057600975     
  0.415000000000000        21.3102281149510     
  0.420000000000000        21.3103443848238     
  0.425000000000000        21.3104549006869     
  0.430000000000000        21.3105599738147     
  0.435000000000000        21.3106598970682     
  0.440000000000000        21.3107549460836     
  0.445000000000000        21.3108453803755     
  0.450000000000000        21.3109314443694     
  0.455000000000000        21.3110133683536     
  0.460000000000000        21.3110913693737     
  0.465000000000000        21.3111656520599     
  0.470000000000000        21.3112364094012     
  0.475000000000000        21.3113038234681     
  0.480000000000000        21.3113680660833     
  0.485000000000000        21.3114292994497     
  0.490000000000000        21.3114876767368     
  0.495000000000000        21.3115433422090     
  0.500000000000000        21.3115964334550     
  0.505000000000000        21.3116470792169     
  0.510000000000000        21.3116954016472     
  0.515000000000000        21.3117415162747     
  0.520000000000000        21.3117855323847     
  0.525000000000000        21.3118275533874     
  0.530000000000000        21.3118676767269     
  0.535000000000000        21.3119059959801     
  0.540000000000000        21.3119425984173     
  0.545000000000000        21.3119775671585     
  0.550000000000000        21.3120109809700     
  0.555000000000000        21.3120429144997     
  0.560000000000000        21.3120734380980     
  0.565000000000000        21.3121026197437     
  0.570000000000000        21.3121305226163     
  0.575000000000000        21.3121572070870     
  0.580000000000000        21.3121827304547     
  0.585000000000000        21.3122071471005     
  0.590000000000000        21.3122305086542     
  0.595000000000000        21.3122528641416     
  0.600000000000000        21.3122742601295     
  0.605000000000000        21.3122947408553     
  0.610000000000000        21.3123143483566     
  0.615000000000000        21.3123331225877     
  0.620000000000000        21.3123511015322     
  0.625000000000000        21.3123683213059     
  0.630000000000000        21.3123848162574     
  0.635000000000000        21.3124006190623     
  0.640000000000000        21.3124157608094     
  0.645000000000000        21.3124302710845     
  0.650000000000000        21.3124441780487     
  0.655000000000000        21.3124575085136     
  0.660000000000000        21.3124702880081     
  0.665000000000000        21.3124825408474     
  0.670000000000000        21.3124942901945     
  0.675000000000000        21.3125055581176     
  0.680000000000000        21.3125163656469     
  0.685000000000000        21.3125267328274     
  0.690000000000000        21.3125366787679     
  0.695000000000000        21.3125462216877     
  0.700000000000000        21.3125553789633     
  0.705000000000000        21.3125641671670     
  0.710000000000000        21.3125726021098     
  0.715000000000000        21.3125806988770     
  0.720000000000000        21.3125884718651     
  0.725000000000000        21.3125959348158     
  0.730000000000000        21.3126031008459     
  0.735000000000000        21.3126099824805     
  0.740000000000000        21.3126165916801     
  0.745000000000000        21.3126229398679     
  0.750000000000000        21.3126290379568     
  0.755000000000000        21.3126348963715     
  0.760000000000000        21.3126405250752     
  0.765000000000000        21.3126459335879     
  0.770000000000000        21.3126511310099     
  0.775000000000000        21.3126561260418     
  0.780000000000000        21.3126609270011     
  0.785000000000000        21.3126655418423     
  0.790000000000000        21.3126699781737     
  0.795000000000000        21.3126742432714     
  0.800000000000000        21.3126783440979     
  0.805000000000000        21.3126822873133     
  0.810000000000000        21.3126860792932     
  0.815000000000000        21.3126897261366     
  0.820000000000000        21.3126932336842     
  0.825000000000000        21.3126966075256     
  0.830000000000000        21.3126998530140     
  0.835000000000000        21.3127029752743     
  0.840000000000000        21.3127059792148     
  0.845000000000000        21.3127088695373     
  0.850000000000000        21.3127116507453     
  0.855000000000000        21.3127143271544     
  0.860000000000000        21.3127169028989     
  0.865000000000000        21.3127193819409     
  0.870000000000000        21.3127217680770     
  0.875000000000000        21.3127240649471     
  0.880000000000000        21.3127262760413     
  0.885000000000000        21.3127284042719     
  0.890000000000000        21.3127304537596     
  0.895000000000000        21.3127324266726     
  0.900000000000000        21.3127343268505     
  0.905000000000000        21.3127361566526     
  0.910000000000000        21.3127379187860     
  0.915000000000000        21.3127396158618     
  0.920000000000000        21.3127412503788     
  0.925000000000000        21.3127428247367     
  0.930000000000000        21.3127443412374     
  0.935000000000000        21.3127458020897     
  0.940000000000000        21.3127472094146     
  0.945000000000000        21.3127485652472     
  0.950000000000000        21.3127498715426     
  0.955000000000000        21.3127511301761     
  0.960000000000000        21.3127523452309     
  0.965000000000000        21.3127535135645     
  0.970000000000000        21.3127546395189     
  0.975000000000000        21.3127557246291     
  0.980000000000000        21.3127567704357     
  0.985000000000000        21.3127577783994     
  0.990000000000000        21.3127587522137     
  0.995000000000000        21.3127596883621     
   1.00000000000000        21.3127605908279     
