  5.000000000000000E-003  7.500001967782697E+019
  1.000000000000000E-002  7.500003744090744E+019
  1.500000000000000E-002  7.500005394318562E+019
  2.000000000000000E-002  7.500006952162045E+019
  2.500000000000000E-002  7.500008439584643E+019
  3.000000000000000E-002  7.500009871616344E+019
  3.500000000000000E-002  7.500011259007171E+019
  4.000000000000000E-002  7.500012609739805E+019
  4.500000000000000E-002  7.500013929913059E+019
  5.000000000000000E-002  7.500015224308112E+019
  5.500000000000000E-002  7.500016496720536E+019
  6.000000000000000E-002  7.500017750243715E+019
  6.500000000000000E-002  7.500018987407891E+019
  7.000000000000001E-002  7.500020210315105E+019
  7.500000000000000E-002  7.500021420730589E+019
  8.000000000000000E-002  7.500022486209272E+019
  8.500000000000001E-002  7.500023675679601E+019
  9.000000000000000E-002  7.500024856805641E+019
  9.500000000000000E-002  7.500026033720603E+019
  0.100000000000000       7.500027200222932E+019
  0.105000000000000       7.500028360538884E+019
  0.110000000000000       7.500029515314602E+019
  0.115000000000000       7.500030665096212E+019
  0.120000000000000       7.500031810367234E+019
  0.125000000000000       7.500032951558953E+019
  0.130000000000000       7.500034089046970E+019
  0.135000000000000       7.500035223172253E+019
  0.140000000000000       7.500036357562111E+019
  0.145000000000000       7.500037485848029E+019
  0.150000000000000       7.500038614854592E+019
  0.155000000000000       7.500039738269691E+019
  0.160000000000000       7.500040859535550E+019
  0.165000000000000       7.500041978855673E+019
  0.170000000000000       7.500043096376584E+019
  0.175000000000000       7.500044212256742E+019
  0.180000000000000       7.500045326622497E+019
  0.185000000000000       7.500046439593551E+019
  0.190000000000000       7.500047551275514E+019
  0.195000000000000       7.500048661768903E+019
  0.200000000000000       7.500049771168118E+019
  0.205000000000000       7.500050879558238E+019
  0.210000000000000       7.500051987012079E+019
  0.215000000000000       7.500053093597135E+019
  0.220000000000000       7.500054199382073E+019
  0.225000000000000       7.500055304422493E+019
  0.230000000000000       7.500056408768827E+019
  0.235000000000000       7.500057512473756E+019
  0.240000000000000       7.500058615581480E+019
  0.245000000000000       7.500059718138931E+019
  0.250000000000000       7.500060820180559E+019
  0.255000000000000       7.500061921736473E+019
  0.260000000000000       7.500063022843093E+019
  0.265000000000000       7.500064123536217E+019
  0.270000000000000       7.500065223840720E+019
  0.275000000000000       7.500066323788004E+019
  0.280000000000000       7.500067423395337E+019
  0.285000000000000       7.500068522682008E+019
  0.290000000000000       7.500069621675006E+019
  0.295000000000000       7.500070720392608E+019
  0.300000000000000       7.500071818850714E+019
  0.305000000000000       7.500072917066206E+019
  0.310000000000000       7.500074015056472E+019
  0.315000000000000       7.500075112828776E+019
  0.320000000000000       7.500076210407691E+019
  0.325000000000000       7.500077307798374E+019
  0.330000000000000       7.500078405016047E+019
  0.335000000000000       7.500079502065004E+019
  0.340000000000000       7.500080598958712E+019
  0.345000000000000       7.500081695713092E+019
  0.350000000000000       7.500082792325195E+019
  0.355000000000000       7.500083888809800E+019
  0.360000000000000       7.500084985174689E+019
  0.365000000000000       7.500086081428931E+019
  0.370000000000000       7.500087177576292E+019
  0.375000000000000       7.500088273621230E+019
  0.380000000000000       7.500089369571988E+019
  0.385000000000000       7.500090465433048E+019
  0.390000000000000       7.500091561211911E+019
  0.395000000000000       7.500092656910400E+019
  0.400000000000000       7.500093755691344E+019
  0.405000000000000       7.500094851256692E+019
  0.410000000000000       7.500095946744704E+019
  0.415000000000000       7.500097042173365E+019
  0.420000000000000       7.500098137541981E+019
  0.425000000000000       7.500099232853138E+019
  0.430000000000000       7.500100328112590E+019
  0.435000000000000       7.500101423321111E+019
  0.440000000000000       7.500102518484753E+019
  0.445000000000000       7.500103613603989E+019
  0.450000000000000       7.500104708678979E+019
  0.455000000000000       7.500105803710634E+019
  0.460000000000000       7.500106898703121E+019
  0.465000000000000       7.500107993664017E+019
  0.470000000000000       7.500109088592218E+019
  0.475000000000000       7.500110183489282E+019
  0.480000000000000       7.500111278355636E+019
  0.485000000000000       7.500112373188869E+019
  0.490000000000000       7.500113471240916E+019
  0.495000000000000       7.500114566031830E+019
  0.500000000000000       7.500115660790673E+019
  0.505000000000000       7.500116755525432E+019
  0.510000000000000       7.500117850243596E+019
  0.515000000000000       7.500118944940738E+019
  0.520000000000000       7.500120039614158E+019
  0.525000000000000       7.500121137644190E+019
  0.530000000000000       7.500122232287094E+019
  0.535000000000000       7.500123326909374E+019
  0.540000000000000       7.500124421514489E+019
  0.545000000000000       7.500125516103490E+019
  0.550000000000000       7.500126610678561E+019
  0.555000000000000       7.500127708468560E+019
  0.560000000000000       7.500128803026783E+019
  0.565000000000000       7.500129897558748E+019
  0.570000000000000       7.500130992080821E+019
  0.575000000000000       7.500132086589560E+019
  0.580000000000000       7.500133181092887E+019
  0.585000000000000       7.500134275585647E+019
  0.590000000000000       7.500135370066400E+019
  0.595000000000000       7.500136464535500E+019
  0.600000000000000       7.500137558998483E+019
  0.605000000000000       7.500138653453718E+019
  0.610000000000000       7.500139747905361E+019
  0.615000000000000       7.500140842341145E+019
  0.620000000000000       7.500141936771985E+019
  0.625000000000000       7.500143031199210E+019
  0.630000000000000       7.500144125615482E+019
  0.635000000000000       7.500145220025395E+019
  0.640000000000000       7.500146314431283E+019
  0.645000000000000       7.500147408832853E+019
  0.650000000000000       7.500148503224631E+019
  0.655000000000000       7.500149597615260E+019
  0.660000000000000       7.500150692001448E+019
  0.665000000000000       7.500151786381890E+019
  0.670000000000000       7.500152880754858E+019
  0.675000000000000       7.500153975126860E+019
  0.680000000000000       7.500155069492852E+019
  0.685000000000000       7.500156163853613E+019
  0.690000000000000       7.500157258215032E+019
  0.695000000000000       7.500158352569740E+019
  0.700000000000000       7.500159446926031E+019
  0.705000000000000       7.500160541273879E+019
  0.710000000000000       7.500161635623610E+019
  0.715000000000000       7.500162729968024E+019
  0.720000000000000       7.500163824307796E+019
  0.725000000000000       7.500164918649304E+019
  0.730000000000000       7.500166012987122E+019
  0.735000000000000       7.500167107322770E+019
  0.740000000000000       7.500168201656949E+019
  0.745000000000000       7.500169295986693E+019
  0.750000000000000       7.500170390315250E+019
  0.755000000000000       7.500171484639551E+019
  0.760000000000000       7.500172578959992E+019
  0.765000000000000       7.500173673284310E+019
  0.770000000000000       7.500174767604045E+019
  0.775000000000000       7.500175861921989E+019
  0.780000000000000       7.500176956242353E+019
  0.785000000000000       7.500178050557901E+019
  0.790000000000000       7.500179144872024E+019
  0.795000000000000       7.500180239186606E+019
  0.800000000000000       7.500181333500569E+019
  0.805000000000000       7.500182427809194E+019
  0.810000000000000       7.500183522121046E+019
  0.815000000000000       7.500184616431944E+019
  0.820000000000000       7.500185710738691E+019
  0.825000000000000       7.500186805046773E+019
  0.830000000000000       7.500187899349380E+019
  0.835000000000000       7.500188993655644E+019
  0.840000000000000       7.500190087959988E+019
  0.845000000000000       7.500191182268934E+019
  0.850000000000000       7.500192276572486E+019
  0.855000000000000       7.500193370875970E+019
  0.860000000000000       7.500194465176604E+019
  0.865000000000000       7.500195559480043E+019
  0.870000000000000       7.500196653783690E+019
  0.875000000000000       7.500197748085365E+019
  0.880000000000000       7.500198845759961E+019
  0.885000000000000       7.500199940070526E+019
  0.890000000000000       7.500201037663171E+019
  0.895000000000000       7.500202131969738E+019
  0.900000000000000       7.500203226264378E+019
  0.905000000000000       7.500204320563682E+019
  0.910000000000000       7.500205414860371E+019
  0.915000000000000       7.500206509155357E+019
  0.920000000000000       7.500207603450005E+019
  0.925000000000000       7.500208697743596E+019
  0.930000000000000       7.500209792039186E+019
  0.935000000000000       7.500210886336848E+019
  0.940000000000000       7.500211980636596E+019
  0.945000000000000       7.500213074929859E+019
  0.950000000000000       7.500214169227877E+019
  0.955000000000000       7.500215246420618E+019
  0.960000000000000       7.500216340866200E+019
  0.965000000000000       7.500217435111811E+019
  0.970000000000000       7.500218529423491E+019
  0.975000000000000       7.500219623713232E+019
  0.980000000000000       7.500220718013220E+019
  0.985000000000000       7.500221795204746E+019
  0.990000000000000       7.500222889647006E+019
  0.995000000000000       7.500223983892010E+019
   1.00000000000000       7.500225078205528E+019
