  5.000000000000000E-003   18.7934428052848        12.7692428556663     
  1.000000000000000E-002   19.4774262900279        13.3979929710844     
  1.500000000000000E-002   20.0780662392896        13.9267304701687     
  2.000000000000000E-002   20.6081501328442        14.3782461609016     
  2.500000000000000E-002   21.0780608244501        14.7685647540452     
  3.000000000000000E-002   21.4963078577210        15.1093312549184     
  3.500000000000000E-002   21.8699268370257        15.4092527988375     
  4.000000000000000E-002   22.2047822787024        15.6750025971683     
  4.500000000000000E-002   22.5057993332684        15.9118055841253     
  5.000000000000000E-002   22.7771427940962        16.1238292088116     
  5.500000000000000E-002   23.0223567372259        16.3144512527912     
  6.000000000000000E-002   23.2444744909098        16.4864478678954     
  6.500000000000000E-002   23.4461060291040        16.6421285412545     
  7.000000000000001E-002   23.6295080211836        16.7834349333850     
  7.500000000000000E-002   23.7966404330277        16.9120146000170     
  8.000000000000000E-002   23.9492128846846        17.0292771351314     
  8.500000000000001E-002   24.0887212782031        17.1364363005225     
  9.000000000000000E-002   24.2164807574439        17.2345451252842     
  9.500000000000000E-002   24.3336503507866        17.3245214860621     
  0.100000000000000        24.4412549352014        17.4071696947407     
  0.105000000000000        24.5402033382935        17.4831976848879     
  0.110000000000000        24.6313036799432        17.5532311038659     
  0.115000000000000        24.7152763439846        17.6178248962656     
  0.120000000000000        24.7927650295147        17.6774729304872     
  0.125000000000000        24.8643462004400        17.7326160541208     
  0.130000000000000        24.9305371966804        17.7836488798064     
  0.135000000000000        24.9918032223569        17.8309255369955     
  0.140000000000000        25.0485633805275        17.8747645692164     
  0.145000000000000        25.1011959426973        17.9154531589092     
  0.150000000000000        25.1500428571943        17.9532507019535     
  0.155000000000000        25.1954137876807        17.9883919844708     
  0.160000000000000        25.2375895438988        18.0210898558143     
  0.165000000000000        25.2768251672773        18.0515376206201     
  0.170000000000000        25.3133526116316        18.0799111029126     
  0.175000000000000        25.3473831130884        18.1063704624621     
  0.180000000000000        25.3791092850728        18.1310617937927     
  0.185000000000000        25.4087069737604        18.1541185373520     
  0.190000000000000        25.4363369049443        18.1756627283727     
  0.195000000000000        25.4621461486540        18.1958061047958     
  0.200000000000000        25.4862694241495        18.2146510924570     
  0.205000000000000        25.5088302648312        18.2322916830777     
  0.210000000000000        25.5299420598802        18.2488142183197     
  0.215000000000000        25.5497089871798        18.2642980912892     
  0.220000000000000        25.5682268502749        18.2788163753998     
  0.225000000000000        25.5855838303863        18.2924363891173     
  0.230000000000000        25.6018611630058        18.3052202038733     
  0.235000000000000        25.6171337475424        18.3172251016453     
  0.240000000000000        25.6314706974848        18.3285039878876     
  0.245000000000000        25.6449358373384        18.3391057645309     
  0.250000000000000        25.6575881522474        18.3490756675647     
  0.255000000000000        25.6694821951557        18.3584555728129     
  0.260000000000000        25.6806684559955        18.3672842733082     
  0.265000000000000        25.6911936968652        18.3755977312397     
  0.270000000000000        25.7011012566282        18.3834293070365     
  0.275000000000000        25.7104313279473        18.3908099678316     
  0.280000000000000        25.7192212096905        18.3977684775417     
  0.285000000000000        25.7275055368507        18.4043315700968     
  0.290000000000000        25.7353164904494        18.4105241077291     
  0.295000000000000        25.7426839891779        18.4163692255890     
  0.300000000000000        25.7496358646196        18.4218884640782     
  0.305000000000000        25.7561980214777        18.4271018899457     
  0.310000000000000        25.7623945843792        18.4320282073371     
  0.315000000000000        25.7682480323324        18.4366848595914     
  0.320000000000000        25.7737793220645        18.4410881226783     
  0.325000000000000        25.7790080012715        18.4452531911016     
  0.330000000000000        25.7839523125544        18.4491942567639     
  0.335000000000000        25.7886292890538        18.4529245816338     
  0.340000000000000        25.7930548423265        18.4564565645435     
  0.345000000000000        25.7972438433084        18.4598018028052     
  0.350000000000000        25.8012101968820        18.4629711490095     
  0.355000000000000        25.8049669105643        18.4659747633757     
  0.360000000000000        25.8085261579015        18.4688221621224     
  0.365000000000000        25.8118993369781        18.4715222621490     
  0.370000000000000        25.8150971244252        18.4740834223105     
  0.375000000000000        25.8181295253623        18.4765134816194     
  0.380000000000000        25.8210059195110        18.4788197945481     
  0.385000000000000        25.8237351039376        18.4810092637840     
  0.390000000000000        25.8263253325516        18.4830883705145     
  0.395000000000000        25.8287843527465        18.4850632025568     
  0.400000000000000        25.8311194322647        18.4869394746611     
  0.405000000000000        25.8333374195149        18.4887225763054     
  0.410000000000000        25.8354447282716        18.4904175575582     
  0.415000000000000        25.8374473951339        18.4920291751353     
  0.420000000000000        25.8393510971289        18.4935619054150     
  0.425000000000000        25.8411611748196        18.4950199622625     
  0.430000000000000        25.8428826540892        18.4964073138511     
  0.435000000000000        25.8445202663408        18.4977276982728     
  0.440000000000000        25.8460784672393        18.4989846380227     
  0.445000000000000        25.8475614542753        18.5001814535963     
  0.450000000000000        25.8489731829707        18.5013212760301     
  0.455000000000000        25.8503173821046        18.5024070587067     
  0.460000000000000        25.8515975678117        18.5034415882786     
  0.465000000000000        25.8528170567833        18.5044274949205     
  0.470000000000000        25.8539789785854        18.5053672618965     
  0.475000000000000        25.8550862871120        18.5062632344553     
  0.480000000000000        25.8561417713032        18.5071176281691     
  0.485000000000000        25.8571480651599        18.5079325367288     
  0.490000000000000        25.8581076498693        18.5087099333177     
  0.495000000000000        25.8590228921696        18.5094517017350     
  0.500000000000000        25.8598960068530        18.5101596050817     
  0.505000000000000        25.8607290956196        18.5108353177088     
  0.510000000000000        25.8615241464338        18.5114804241935     
  0.515000000000000        25.8622830400292        18.5120964244428     
  0.520000000000000        25.8630075562214        18.5126847386234     
  0.525000000000000        25.8636993722962        18.5132467056012     
  0.530000000000000        25.8643600991648        18.5137836126063     
  0.535000000000000        25.8649912392757        18.5142966599491     
  0.540000000000000        25.8655942237611        18.5147869919620     
  0.545000000000000        25.8661704089057        18.5152556936491     
  0.550000000000000        25.8667210801803        18.5157037938635     
  0.555000000000000        25.8672474491393        18.5161322626439     
  0.560000000000000        25.8677506866008        18.5165420383372     
  0.565000000000000        25.8682318807780        18.5169339928702     
  0.570000000000000        25.8686920715881        18.5173089601903     
  0.575000000000000        25.8691322460932        18.5176677322103     
  0.580000000000000        25.8695533411456        18.5180110608969     
  0.585000000000000        25.8699562462559        18.5183396605414     
  0.590000000000000        25.8703418061166        18.5186542097491     
  0.595000000000000        25.8707108230962        18.5189553534074     
  0.600000000000000        25.8710640594644        18.5192437044449     
  0.605000000000000        25.8714022396219        18.5195198455951     
  0.610000000000000        25.8717260521052        18.5197843309786     
  0.615000000000000        25.8720361515148        18.5200376876312     
  0.620000000000000        25.8723331602906        18.5202804169044     
  0.625000000000000        25.8726176704431        18.5205129958378     
  0.630000000000000        25.8728902451652        18.5207358784409     
  0.635000000000000        25.8731514203231        18.5209494968661     
  0.640000000000000        25.8734017058972        18.5211542625574     
  0.645000000000000        25.8736415873239        18.5213505673133     
  0.650000000000000        25.8738715267920        18.5215387843179     
  0.655000000000000        25.8740919643976        18.5217192690514     
  0.660000000000000        25.8743033193219        18.5218923602346     
  0.665000000000000        25.8745059908960        18.5220583806707     
  0.670000000000000        25.8747003595871        18.5222176380295     
  0.675000000000000        25.8748867879814        18.5223704256298     
  0.680000000000000        25.8750656216797        18.5225170231549     
  0.685000000000000        25.8752371901573        18.5226576973352     
  0.690000000000000        25.8754018075576        18.5227927025779     
  0.695000000000000        25.8755597734966        18.5229222816179     
  0.700000000000000        25.8757113737329        18.5230466660386     
  0.705000000000000        25.8758568809059        18.5231660768757     
  0.710000000000000        25.8759965551424        18.5232807250862     
  0.715000000000000        25.8761306446985        18.5233908120753     
  0.720000000000000        25.8762593865446        18.5234965301544     
  0.725000000000000        25.8763830068755        18.5235980629495     
  0.730000000000000        25.8765017216885        18.5236955858720     
  0.735000000000000        25.8766157372497        18.5237892664815     
  0.740000000000000        25.8767252505596        18.5238792648619     
  0.745000000000000        25.8768304498200        18.5239657340002     
  0.750000000000000        25.8769315148201        18.5240488200870     
  0.755000000000000        25.8770286173892        18.5241286628869     
  0.760000000000000        25.8771219217174        18.5242053959929     
  0.765000000000000        25.8772115847542        18.5242791471404     
  0.770000000000000        25.8772977565622        18.5243500385061     
  0.775000000000000        25.8773805805973        18.5244181869161     
  0.780000000000000        25.8774601940544        18.5244837041320     
  0.785000000000000        25.8775367281604        18.5245466970889     
  0.790000000000000        25.8776103084134        18.5246072680784     
  0.795000000000000        25.8776810549023        18.5246655150144     
  0.800000000000000        25.8777490825066        18.5247215315883     
  0.805000000000000        25.8778145011919        18.5247754075132     
  0.810000000000000        25.8778774161602        18.5248272286334     
  0.815000000000000        25.8779379281540        18.5248770771823     
  0.820000000000000        25.8779961335925        18.5249250318848     
  0.825000000000000        25.8780521248098        18.5249711681479     
  0.830000000000000        25.8781059902094        18.5250155581921     
  0.835000000000000        25.8781578144558        18.5250582711978     
  0.840000000000000        25.8782076786521        18.5250993734554     
  0.845000000000000        25.8782556604811        18.5251389284744     
  0.850000000000000        25.8783018343879        18.5251769971363     
  0.855000000000000        25.8783462716891        18.5252136377734     
  0.860000000000000        25.8783890407287        18.5252489063070     
  0.865000000000000        25.8784302070012        18.5252828563336     
  0.870000000000000        25.8784698332937        18.5253155392519     
  0.875000000000000        25.8785079798116        18.5253470043576     
  0.880000000000000        25.8785446967923        18.5253772927668     
  0.885000000000000        25.8785800553225        18.5254064628788     
  0.890000000000000        25.8786140928029        18.5254345451384     
  0.895000000000000        25.8786468754705        18.5254615939375     
  0.900000000000000        25.8786784440236        18.5254876425062     
  0.905000000000000        25.8787088451648        18.5255127291866     
  0.910000000000000        25.8787381239341        18.5255368909398     
  0.915000000000000        25.8787663234414        18.5255601631411     
  0.920000000000000        25.8787934850830        18.5255825797599     
  0.925000000000000        25.8788196485690        18.5256041733888     
  0.930000000000000        25.8788448520027        18.5256249753051     
  0.935000000000000        25.8788691319757        18.5256450155525     
  0.940000000000000        25.8788925235962        18.5256643229623     
  0.945000000000000        25.8789150605912        18.5256829252390     
  0.950000000000000        25.8789367753131        18.5257008489579     
  0.955000000000000        25.8789577382070        18.5257181516373     
  0.960000000000000        25.8789778950516        18.5257347889886     
  0.965000000000000        25.8789973207576        18.5257508230599     
  0.970000000000000        25.8790160418082        18.5257662754060     
  0.975000000000000        25.8790340847781        18.5257811677932     
  0.980000000000000        25.8790514748679        18.5257955209077     
  0.985000000000000        25.8790682758005        18.5258093867445     
  0.990000000000000        25.8790844269046        18.5258227157296     
  0.995000000000000        25.8790999969018        18.5258355648380     
   1.00000000000000        25.8791150063765        18.5258479507943     
