  5.000000000000000E-003 -0.600958612187391     
  1.000000000000000E-002 -0.810493655083407     
  1.500000000000000E-002 -0.988179833986906     
  2.000000000000000E-002  -1.13979191923717     
  2.500000000000000E-002  -1.26991429705309     
  3.000000000000000E-002  -1.38221773101204     
  3.500000000000000E-002  -1.47965140272579     
  4.000000000000000E-002  -1.56459646147517     
  4.500000000000000E-002  -1.63898724390408     
  5.000000000000000E-002  -1.70440559902585     
  5.500000000000000E-002  -1.76215383366656     
  6.000000000000000E-002  -1.81331119506270     
  6.500000000000000E-002  -1.85877773309729     
  7.000000000000001E-002  -1.89930853304161     
  7.500000000000000E-002  -1.93554065350596     
  8.000000000000000E-002  -1.96801567961758     
  8.500000000000001E-002  -1.99718884644404     
  9.000000000000000E-002  -2.02346355877891     
  9.500000000000000E-002  -2.04717141383278     
  0.100000000000000       -2.06860800913417     
  0.105000000000000       -2.08802826390338     
  0.110000000000000       -2.10565134580538     
  0.115000000000000       -2.12167109060712     
  0.120000000000000       -2.13625603858156     
  0.125000000000000       -2.14955464352443     
  0.130000000000000       -2.16169751599732     
  0.135000000000000       -2.17280006147982     
  0.140000000000000       -2.18296465536591     
  0.145000000000000       -2.19228084903504     
  0.150000000000000       -2.20083170624840     
  0.155000000000000       -2.20868589992032     
  0.160000000000000       -2.21591091560205     
  0.165000000000000       -2.22256176650251     
  0.170000000000000       -2.22869118557212     
  0.175000000000000       -2.23434505636633     
  0.180000000000000       -2.23956515613189     
  0.185000000000000       -2.24438895747803     
  0.190000000000000       -2.24885034704066     
  0.195000000000000       -2.25297992605258     
  0.200000000000000       -2.25680540383802     
  0.205000000000000       -2.26035188083588     
  0.210000000000000       -2.26364215491593     
  0.215000000000000       -2.26669691761890     
  0.220000000000000       -2.26953501082121     
  0.225000000000000       -2.27217358109758     
  0.230000000000000       -2.27462827858158     
  0.235000000000000       -2.27691335996030     
  0.240000000000000       -2.27904188129361     
  0.245000000000000       -2.28102576382835     
  0.250000000000000       -2.28287592846320     
  0.255000000000000       -2.28460237497275     
  0.260000000000000       -2.28621427880418     
  0.265000000000000       -2.28772007292873     
  0.270000000000000       -2.28912747964194     
  0.275000000000000       -2.29044362230103     
  0.280000000000000       -2.29167504425969     
  0.285000000000000       -2.29282776693660     
  0.290000000000000       -2.29390735890465     
  0.295000000000000       -2.29491892869676     
  0.300000000000000       -2.29586721460520     
  0.305000000000000       -2.29675657505079     
  0.310000000000000       -2.29759105189376     
  0.315000000000000       -2.29837436963751     
  0.320000000000000       -2.29910998822536     
  0.325000000000000       -2.29980109686588     
  0.330000000000000       -2.30045066601667     
  0.335000000000000       -2.30106143300094     
  0.340000000000000       -2.30163594646150     
  0.345000000000000       -2.30217657732147     
  0.350000000000000       -2.30268551326799     
  0.355000000000000       -2.30316478984575     
  0.360000000000000       -2.30361631469040     
  0.365000000000000       -2.30404184072436     
  0.370000000000000       -2.30444300843487     
  0.375000000000000       -2.30482135908096     
  0.380000000000000       -2.30517829567674     
  0.385000000000000       -2.30551515750610     
  0.390000000000000       -2.30583318017484     
  0.395000000000000       -2.30613351065650     
  0.400000000000000       -2.30641744415069     
  0.405000000000000       -2.30668489181385     
  0.410000000000000       -2.30693893168083     
  0.415000000000000       -2.30717837950255     
  0.420000000000000       -2.30740512708245     
  0.425000000000000       -2.30761957598272     
  0.430000000000000       -2.30782256742130     
  0.435000000000000       -2.30801473499743     
  0.440000000000000       -2.30819671302516     
  0.445000000000000       -2.30836909695480     
  0.450000000000000       -2.30853242960704     
  0.455000000000000       -2.30868723758377     
  0.460000000000000       -2.30883399667767     
  0.465000000000000       -2.30897317142936     
  0.470000000000000       -2.30910518137189     
  0.475000000000000       -2.30923043014247     
  0.480000000000000       -2.30934930034066     
  0.485000000000000       -2.30946213544921     
  0.490000000000000       -2.30956949386634     
  0.495000000000000       -2.30967058289062     
  0.500000000000000       -2.30976784574161     
  0.505000000000000       -2.30985949382310     
  0.510000000000000       -2.30994686091280     
  0.515000000000000       -2.31002982524969     
  0.520000000000000       -2.31010874413700     
  0.525000000000000       -2.31018401016067     
  0.530000000000000       -2.31025474097688     
  0.535000000000000       -2.31032327035046     
  0.540000000000000       -2.31038772182086     
  0.545000000000000       -2.31044933212956     
  0.550000000000000       -2.31050790586313     
  0.555000000000000       -2.31056393250596     
  0.560000000000000       -2.31061641672698     
  0.565000000000000       -2.31066764821211     
  0.570000000000000       -2.31071570400096     
  0.575000000000000       -2.31076176071412     
  0.580000000000000       -2.31080557321264     
  0.585000000000000       -2.31084738175737     
  0.590000000000000       -2.31088724047424     
  0.595000000000000       -2.31092525932719     
  0.600000000000000       -2.31096152766775     
  0.605000000000000       -2.31099613905091     
  0.610000000000000       -2.31102916629347     
  0.615000000000000       -2.31106068818793     
  0.620000000000000       -2.31109078555634     
  0.625000000000000       -2.31111952118212     
  0.630000000000000       -2.31114696743704     
  0.635000000000000       -2.31117317527249     
  0.640000000000000       -2.31119822146152     
  0.645000000000000       -2.31122214866138     
  0.650000000000000       -2.31124501254974     
  0.655000000000000       -2.31126686860409     
  0.660000000000000       -2.31128775955218     
  0.665000000000000       -2.31130773403826     
  0.670000000000000       -2.31132683490323     
  0.675000000000000       -2.31134510288548     
  0.680000000000000       -2.31136257401036     
  0.685000000000000       -2.31137929373767     
  0.690000000000000       -2.31139528284185     
  0.695000000000000       -2.31141059178246     
  0.700000000000000       -2.31142523935765     
  0.705000000000000       -2.31143926196362     
  0.710000000000000       -2.31145268456689     
  0.715000000000000       -2.31146554174336     
  0.720000000000000       -2.31147784573446     
  0.725000000000000       -2.31148963693579     
  0.730000000000000       -2.31150092817085     
  0.735000000000000       -2.31151174459951     
  0.740000000000000       -2.31152211244430     
  0.745000000000000       -2.31153204119408     
  0.750000000000000       -2.31154156141563     
  0.755000000000000       -2.31155068310321     
  0.760000000000000       -2.31155942885399     
  0.765000000000000       -2.31156781365800     
  0.770000000000000       -2.31157585166062     
  0.775000000000000       -2.31158356276982     
  0.780000000000000       -2.31159095328955     
  0.785000000000000       -2.31159804632515     
  0.790000000000000       -2.31160485121278     
  0.795000000000000       -2.31161137446731     
  0.800000000000000       -2.31161764019978     
  0.805000000000000       -2.31162364403306     
  0.810000000000000       -2.31162941472897     
  0.815000000000000       -2.31163494839945     
  0.820000000000000       -2.31164026294454     
  0.825000000000000       -2.31164536270799     
  0.830000000000000       -2.31165025984373     
  0.835000000000000       -2.31165496170930     
  0.840000000000000       -2.31165947636216     
  0.845000000000000       -2.31166381645536     
  0.850000000000000       -2.31166797693245     
  0.855000000000000       -2.31167198332635     
  0.860000000000000       -2.31167582222067     
  0.865000000000000       -2.31167951882395     
  0.870000000000000       -2.31168306386264     
  0.875000000000000       -2.31168647684529     
  0.880000000000000       -2.31168996559840     
  0.885000000000000       -2.31169245613933     
  0.890000000000000       -2.31169628950821     
  0.895000000000000       -2.31169834222401     
  0.900000000000000       -2.31170179590143     
  0.905000000000000       -2.31170426853703     
  0.910000000000000       -2.31170692879637     
  0.915000000000000       -2.31170939104963     
  0.920000000000000       -2.31171178917461     
  0.925000000000000       -2.31171408820099     
  0.930000000000000       -2.31171630035845     
  0.935000000000000       -2.31171843355487     
  0.940000000000000       -2.31172047655965     
  0.945000000000000       -2.31172244638265     
  0.950000000000000       -2.31172434354471     
  0.955000000000000       -2.31172604194283     
  0.960000000000000       -2.31172828185072     
  0.965000000000000       -2.31172949847182     
  0.970000000000000       -2.31173127971131     
  0.975000000000000       -2.31173279175865     
  0.980000000000000       -2.31173431283067     
  0.985000000000000       -2.31173563451629     
  0.990000000000000       -2.31173751425006     
  0.995000000000000       -2.31173838500337     
   1.00000000000000       -2.31173983497093     
