  5.000000000000000E-003 -1.932447007691545E-002
  1.000000000000000E-002 -3.619876049228613E-002
  1.500000000000000E-002 -5.101641287855142E-002
  2.000000000000000E-002 -6.409305046037250E-002
  2.500000000000000E-002 -7.568493488339811E-002
  3.000000000000000E-002 -8.600208098428505E-002
  3.500000000000000E-002 -9.521811963251940E-002
  4.000000000000000E-002 -0.103477775153029     
  4.500000000000000E-002 -0.110902585715088     
  5.000000000000000E-002 -0.117595323165257     
  5.500000000000000E-002 -0.123643439305214     
  6.000000000000000E-002 -0.129121780739620     
  6.500000000000000E-002 -0.134094746608837     
  7.000000000000001E-002 -0.138618016769561     
  7.500000000000000E-002 -0.142739949095860     
  8.000000000000000E-002 -0.146502793160060     
  8.500000000000001E-002 -0.149943225153300     
  9.000000000000000E-002 -0.153093975401561     
  9.500000000000000E-002 -0.155983494241846     
  0.100000000000000      -0.158637052988016     
  0.105000000000000      -0.161077137166543     
  0.110000000000000      -0.163323640347820     
  0.115000000000000      -0.165394348012609     
  0.120000000000000      -0.167305134024743     
  0.125000000000000      -0.169070220439203     
  0.130000000000000      -0.170702368120601     
  0.135000000000000      -0.172213052709908     
  0.140000000000000      -0.173612631515017     
  0.145000000000000      -0.174910369695253     
  0.150000000000000      -0.176114802051328     
  0.155000000000000      -0.177233454860852     
  0.160000000000000      -0.178273350490613     
  0.165000000000000      -0.179240727754034     
  0.170000000000000      -0.180141324899006     
  0.175000000000000      -0.180980346173246     
  0.180000000000000      -0.181762544295997     
  0.185000000000000      -0.182492255363683     
  0.190000000000000      -0.183173443724612     
  0.195000000000000      -0.183809736404626     
  0.200000000000000      -0.184404456162272     
  0.205000000000000      -0.184960649210792     
  0.210000000000000      -0.185481112429809     
  0.215000000000000      -0.185968414657115     
  0.220000000000000      -0.186424918709527     
  0.225000000000000      -0.186852798969819     
  0.230000000000000      -0.187254059344091     
  0.235000000000000      -0.187630546229827     
  0.240000000000000      -0.187983964292870     
  0.245000000000000      -0.188315887413058     
  0.250000000000000      -0.188627770287591     
  0.255000000000000      -0.188920957977928     
  0.260000000000000      -0.189196695240136     
  0.265000000000000      -0.189456135768343     
  0.270000000000000      -0.189700347782795     
  0.275000000000000      -0.189930322554727     
  0.280000000000000      -0.190146979906683     
  0.285000000000000      -0.190351173399506     
  0.290000000000000      -0.190543697117747     
  0.295000000000000      -0.190725288327165     
  0.300000000000000      -0.190896633572738     
  0.305000000000000      -0.191058371302141     
  0.310000000000000      -0.191211096603924     
  0.315000000000000      -0.191355363432502     
  0.320000000000000      -0.191491688787411     
  0.325000000000000      -0.191620554321114     
  0.330000000000000      -0.191742410155123     
  0.335000000000000      -0.191857676021576     
  0.340000000000000      -0.191966744040271     
  0.345000000000000      -0.192069981247186     
  0.350000000000000      -0.192167730389217     
  0.355000000000000      -0.192260311788103     
  0.360000000000000      -0.192348026014997     
  0.365000000000000      -0.192431153894865     
  0.370000000000000      -0.192509958282668     
  0.375000000000000      -0.192584686597147     
  0.380000000000000      -0.192655569407864     
  0.385000000000000      -0.192722823770002     
  0.390000000000000      -0.192786653396735     
  0.395000000000000      -0.192847249069507     
  0.400000000000000      -0.192904809069035     
  0.405000000000000      -0.192959438240004     
  0.410000000000000      -0.193011373997404     
  0.415000000000000      -0.193060719026017     
  0.420000000000000      -0.193107629002143     
  0.425000000000000      -0.193152230173418     
  0.430000000000000      -0.193194648174846     
  0.435000000000000      -0.193234999279840     
  0.440000000000000      -0.193273393116797     
  0.445000000000000      -0.193309933508000     
  0.450000000000000      -0.193344717612236     
  0.455000000000000      -0.193377837679194     
  0.460000000000000      -0.193409380037419     
  0.465000000000000      -0.193439426744341     
  0.470000000000000      -0.193468054737297     
  0.475000000000000      -0.193495336709828     
  0.480000000000000      -0.193521341790560     
  0.485000000000000      -0.193546134542949     
  0.490000000000000      -0.193569795693343     
  0.495000000000000      -0.193592319062378     
  0.500000000000000      -0.193613838802374     
  0.505000000000000      -0.193634360498775     
  0.510000000000000      -0.193653948917219     
  0.515000000000000      -0.193672644930465     
  0.520000000000000      -0.193690494260579     
  0.525000000000000      -0.193707557087088     
  0.530000000000000      -0.193723808858972     
  0.535000000000000      -0.193739365982997     
  0.540000000000000      -0.193754217773615     
  0.545000000000000      -0.193768413085396     
  0.550000000000000      -0.193781978455739     
  0.555000000000000      -0.193794964811495     
  0.560000000000000      -0.193807336131830     
  0.565000000000000      -0.193819198442414     
  0.570000000000000      -0.193830531935827     
  0.575000000000000      -0.193841376248652     
  0.580000000000000      -0.193851748885043     
  0.585000000000000      -0.193861673933338     
  0.590000000000000      -0.193871171536748     
  0.595000000000000      -0.193880261538803     
  0.600000000000000      -0.193888962573490     
  0.605000000000000      -0.193897292904306     
  0.610000000000000      -0.193905269312917     
  0.615000000000000      -0.193912907672580     
  0.620000000000000      -0.193920223629441     
  0.625000000000000      -0.193927231591425     
  0.630000000000000      -0.193933945718398     
  0.635000000000000      -0.193940378624063     
  0.640000000000000      -0.193946543521532     
  0.645000000000000      -0.193952452129682     
  0.650000000000000      -0.193958115691809     
  0.655000000000000      -0.193963545274395     
  0.660000000000000      -0.193968751040157     
  0.665000000000000      -0.193973742889666     
  0.670000000000000      -0.193978530221654     
  0.675000000000000      -0.193983122024340     
  0.680000000000000      -0.193987526570637     
  0.685000000000000      -0.193991752435028     
  0.690000000000000      -0.193995806713864     
  0.695000000000000      -0.193999697364695     
  0.700000000000000      -0.194003431136198     
  0.705000000000000      -0.194007014842349     
  0.710000000000000      -0.194010454750232     
  0.715000000000000      -0.194013757372918     
  0.720000000000000      -0.194016927956007     
  0.725000000000000      -0.194019972556056     
  0.730000000000000      -0.194022896279102     
  0.735000000000000      -0.194025704144685     
  0.740000000000000      -0.194028401346967     
  0.745000000000000      -0.194030992088619     
  0.750000000000000      -0.194033481132731     
  0.755000000000000      -0.194035872489338     
  0.760000000000000      -0.194038170304239     
  0.765000000000000      -0.194040378478134     
  0.770000000000000      -0.194042500569094     
  0.775000000000000      -0.194044540350845     
  0.780000000000000      -0.194046500853882     
  0.785000000000000      -0.194048385573985     
  0.790000000000000      -0.194050197704280     
  0.795000000000000      -0.194051939831223     
  0.800000000000000      -0.194053615263221     
  0.805000000000000      -0.194055226068125     
  0.810000000000000      -0.194056775441176     
  0.815000000000000      -0.194058265540394     
  0.820000000000000      -0.194059698917172     
  0.825000000000000      -0.194061077733982     
  0.830000000000000      -0.194062404186075     
  0.835000000000000      -0.194063680350238     
  0.840000000000000      -0.194064908150780     
  0.845000000000000      -0.194066089855901     
  0.850000000000000      -0.194067226679124     
  0.855000000000000      -0.194068321118652     
  0.860000000000000      -0.194069374137965     
  0.865000000000000      -0.194070387943578     
  0.870000000000000      -0.194071363586476     
  0.875000000000000      -0.194072303025603     
  0.880000000000000      -0.194073226238153     
  0.885000000000000      -0.194074071410151     
  0.890000000000000      -0.194074937211188     
  0.895000000000000      -0.194075716097658     
  0.900000000000000      -0.194076502776718     
  0.905000000000000      -0.194077248191784     
  0.910000000000000      -0.194077970238290     
  0.915000000000000      -0.194078664287069     
  0.920000000000000      -0.194079333103322     
  0.925000000000000      -0.194079977256300     
  0.930000000000000      -0.194080597679463     
  0.935000000000000      -0.194081195745731     
  0.940000000000000      -0.194081771657094     
  0.945000000000000      -0.194082326501747     
  0.950000000000000      -0.194082861263324     
  0.955000000000000      -0.194083362177446     
  0.960000000000000      -0.194083878797877     
  0.965000000000000      -0.194084350281698     
  0.970000000000000      -0.194084813437686     
  0.975000000000000      -0.194085256956492     
  0.980000000000000      -0.194085685321864     
  0.985000000000000      -0.194086083766056     
  0.990000000000000      -0.194086501746966     
  0.995000000000000      -0.194086878266092     
   1.00000000000000      -0.194087250092098     
