  5.000000000000000E-003 -0.304510423299059     
  1.000000000000000E-002 -0.551987774141664     
  1.500000000000000E-002 -0.755851904517010     
  2.000000000000000E-002 -0.925751628167300     
  2.500000000000000E-002  -1.06876627020468     
  3.000000000000000E-002  -1.19019529803383     
  3.500000000000000E-002  -1.29407825926379     
  4.000000000000000E-002  -1.38354384998452     
  4.500000000000000E-002  -1.46104959688118     
  5.000000000000000E-002  -1.52855001246527     
  5.500000000000000E-002  -1.58761683334329     
  6.000000000000000E-002  -1.63952656596528     
  6.500000000000000E-002  -1.68532523831387     
  7.000000000000001E-002  -1.72587692936135     
  7.500000000000000E-002  -1.76190066953443     
  8.000000000000000E-002  -1.79400127496871     
  8.500000000000001E-002  -1.82267839045150     
  9.000000000000000E-002  -1.84837207973364     
  9.500000000000000E-002  -1.87144417320819     
  0.100000000000000       -1.89220816116607     
  0.105000000000000       -1.91093616371041     
  0.110000000000000       -1.92785987481720     
  0.115000000000000       -1.94318184899019     
  0.120000000000000       -1.95707771634457     
  0.125000000000000       -1.96970100221682     
  0.130000000000000       -1.98118607361148     
  0.135000000000000       -1.99165097841524     
  0.140000000000000       -2.00120032506491     
  0.145000000000000       -2.00992373693974     
  0.150000000000000       -2.01790584718322     
  0.155000000000000       -2.02521504052094     
  0.160000000000000       -2.03191868132130     
  0.165000000000000       -2.03807220414097     
  0.170000000000000       -2.04372724144603     
  0.175000000000000       -2.04892928129660     
  0.180000000000000       -2.05371934221139     
  0.185000000000000       -2.05813416170481     
  0.190000000000000       -2.06220681915458     
  0.195000000000000       -2.06596709874081     
  0.200000000000000       -2.06944188243503     
  0.205000000000000       -2.07265543918325     
  0.210000000000000       -2.07562975089817     
  0.215000000000000       -2.07838470804590     
  0.220000000000000       -2.08093836827171     
  0.225000000000000       -2.08330711776584     
  0.230000000000000       -2.08550588103891     
  0.235000000000000       -2.08754820806495     
  0.240000000000000       -2.08944647417936     
  0.245000000000000       -2.09121195862375     
  0.250000000000000       -2.09285496719637     
  0.255000000000000       -2.09438490983614     
  0.260000000000000       -2.09581039283735     
  0.265000000000000       -2.09713932274628     
  0.270000000000000       -2.09837891677842     
  0.275000000000000       -2.09953581409899     
  0.280000000000000       -2.10061610739356     
  0.285000000000000       -2.10162537928231     
  0.290000000000000       -2.10256879260632     
  0.295000000000000       -2.10345107010504     
  0.300000000000000       -2.10427658182863     
  0.305000000000000       -2.10504933971089     
  0.310000000000000       -2.10577305776270     
  0.315000000000000       -2.10645114953409     
  0.320000000000000       -2.10708678256775     
  0.325000000000000       -2.10768286776542     
  0.330000000000000       -2.10824211558386     
  0.335000000000000       -2.10876701733705     
  0.340000000000000       -2.10925988052695     
  0.345000000000000       -2.10972285933393     
  0.350000000000000       -2.11015793861629     
  0.355000000000000       -2.11056694800367     
  0.360000000000000       -2.11095161074173     
  0.365000000000000       -2.11131350746322     
  0.370000000000000       -2.11165410201346     
  0.375000000000000       -2.11197478665173     
  0.380000000000000       -2.11227681531434     
  0.385000000000000       -2.11256137862908     
  0.390000000000000       -2.11282958670349     
  0.395000000000000       -2.11308245993992     
  0.400000000000000       -2.11332159426927     
  0.405000000000000       -2.11354574250210     
  0.410000000000000       -2.11375839084012     
  0.415000000000000       -2.11395877035502     
  0.420000000000000       -2.11414813121931     
  0.425000000000000       -2.11432696976002     
  0.430000000000000       -2.11449597608801     
  0.435000000000000       -2.11465572744752     
  0.440000000000000       -2.11480677087589     
  0.445000000000000       -2.11494963228087     
  0.450000000000000       -2.11508478478651     
  0.455000000000000       -2.11521269046830     
  0.460000000000000       -2.11533376215221     
  0.465000000000000       -2.11544840579109     
  0.470000000000000       -2.11555698647836     
  0.475000000000000       -2.11565984922206     
  0.480000000000000       -2.11575733208435     
  0.485000000000000       -2.11584973044958     
  0.490000000000000       -2.11593798350602     
  0.495000000000000       -2.11602020741076     
  0.500000000000000       -2.11609931638384     
  0.505000000000000       -2.11617400122017     
  0.510000000000000       -2.11624501282389     
  0.515000000000000       -2.11631237883995     
  0.520000000000000       -2.11637635851938     
  0.525000000000000       -2.11643776563756     
  0.530000000000000       -2.11649463014031     
  0.535000000000000       -2.11654977122010     
  0.540000000000000       -2.11660180487342     
  0.545000000000000       -2.11665139403217     
  0.550000000000000       -2.11669850342497     
  0.555000000000000       -2.11674396577212     
  0.560000000000000       -2.11678573594045     
  0.565000000000000       -2.11682658027324     
  0.570000000000000       -2.11686508368378     
  0.575000000000000       -2.11690186187609     
  0.580000000000000       -2.11693682559876     
  0.585000000000000       -2.11697013719667     
  0.590000000000000       -2.11700186152615     
  0.595000000000000       -2.11703208146616     
  0.600000000000000       -2.11706086972015     
  0.605000000000000       -2.11708831171124     
  0.610000000000000       -2.11711446967313     
  0.615000000000000       -2.11713940151389     
  0.620000000000000       -2.11716317742182     
  0.625000000000000       -2.11718584987486     
  0.630000000000000       -2.11720748284155     
  0.635000000000000       -2.11722811002702     
  0.640000000000000       -2.11724779993098     
  0.645000000000000       -2.11726659223419     
  0.650000000000000       -2.11728452649686     
  0.655000000000000       -2.11730165093318     
  0.660000000000000       -2.11731800055690     
  0.665000000000000       -2.11733361416368     
  0.670000000000000       -2.11734852862550     
  0.675000000000000       -2.11736277857215     
  0.680000000000000       -2.11737638930586     
  0.685000000000000       -2.11738940452994     
  0.690000000000000       -2.11740183372842     
  0.695000000000000       -2.11741372140257     
  0.700000000000000       -2.11742508450032     
  0.705000000000000       -2.11743595115787     
  0.710000000000000       -2.11744633961395     
  0.715000000000000       -2.11745628477164     
  0.720000000000000       -2.11746578921928     
  0.725000000000000       -2.11747488757067     
  0.730000000000000       -2.11748359272932     
  0.735000000000000       -2.11749192053268     
  0.740000000000000       -2.11749989869532     
  0.745000000000000       -2.11750753010414     
  0.750000000000000       -2.11751484077508     
  0.755000000000000       -2.11752183836738     
  0.760000000000000       -2.11752854042031     
  0.765000000000000       -2.11753496085775     
  0.770000000000000       -2.11754110838942     
  0.775000000000000       -2.11754700270281     
  0.780000000000000       -2.11755264414705     
  0.785000000000000       -2.11755805206236     
  0.790000000000000       -2.11756324024725     
  0.795000000000000       -2.11756820655015     
  0.800000000000000       -2.11757297581241     
  0.805000000000000       -2.11757753714191     
  0.810000000000000       -2.11758191786666     
  0.815000000000000       -2.11758611576980     
  0.820000000000000       -2.11759014506441     
  0.825000000000000       -2.11759400847389     
  0.830000000000000       -2.11759771479209     
  0.835000000000000       -2.11760126988625     
  0.840000000000000       -2.11760467836097     
  0.845000000000000       -2.11760795692120     
  0.850000000000000       -2.11761109300710     
  0.855000000000000       -2.11761411430585     
  0.860000000000000       -2.11761700456823     
  0.865000000000000       -2.11761978684454     
  0.870000000000000       -2.11762245129954     
  0.875000000000000       -2.11762501652709     
  0.880000000000000       -2.11762811388438     
  0.885000000000000       -2.11762962268197     
  0.890000000000000       -2.11763281693236     
  0.895000000000000       -2.11763404788609     
  0.900000000000000       -2.11763645660509     
  0.905000000000000       -2.11763836325627     
  0.910000000000000       -2.11764033374149     
  0.915000000000000       -2.11764218123083     
  0.920000000000000       -2.11764396759685     
  0.925000000000000       -2.11764568135344     
  0.930000000000000       -2.11764732625820     
  0.935000000000000       -2.11764891847253     
  0.940000000000000       -2.11765044115989     
  0.945000000000000       -2.11765190464735     
  0.950000000000000       -2.11765331667271     
  0.955000000000000       -2.11765417968961     
  0.960000000000000       -2.11765615791133     
  0.965000000000000       -2.11765717966452     
  0.970000000000000       -2.11765845711735     
  0.975000000000000       -2.11765959077546     
  0.980000000000000       -2.11766071172345     
  0.985000000000000       -2.11766129251409     
  0.990000000000000       -2.11766299940724     
  0.995000000000000       -2.11766376047395     
   1.00000000000000       -2.11766479016998     
