  5.000000000000000E-003   2.33315012603684     
  1.000000000000000E-002   2.33259571281146     
  1.500000000000000E-002   2.33159288822457     
  2.000000000000000E-002   2.33038106204919     
  2.500000000000000E-002   2.32909614754120     
  3.000000000000000E-002   2.32781495140247     
  3.500000000000000E-002   2.32657984865908     
  4.000000000000000E-002   2.32541291696946     
  4.500000000000000E-002   2.32432421048434     
  5.000000000000000E-002   2.32331668742484     
  5.500000000000000E-002   2.32238919025083     
  6.000000000000000E-002   2.32153825794061     
  6.500000000000000E-002   2.32075922840241     
  7.000000000000001E-002   2.32004691829753     
  7.500000000000000E-002   2.31939602757499     
  8.000000000000000E-002   2.31880085833247     
  8.500000000000001E-002   2.31825820675467     
  9.000000000000000E-002   2.31776135073780     
  9.500000000000000E-002   2.31730711500944     
  0.100000000000000        2.31689170131461     
  0.105000000000000        2.31651107949354     
  0.110000000000000        2.31616234372229     
  0.115000000000000        2.31584247144445     
  0.120000000000000        2.31554886409649     
  0.125000000000000        2.31527912648785     
  0.130000000000000        2.31503111270210     
  0.135000000000000        2.31480287795178     
  0.140000000000000        2.31459252456711     
  0.145000000000000        2.31439895502770     
  0.150000000000000        2.31421999041064     
  0.155000000000000        2.31405516801611     
  0.160000000000000        2.31390259924265     
  0.165000000000000        2.31376160759941     
  0.170000000000000        2.31363110143022     
  0.175000000000000        2.31351025019448     
  0.180000000000000        2.31339824381477     
  0.185000000000000        2.31329436763529     
  0.190000000000000        2.31319796240711     
  0.195000000000000        2.31310843143102     
  0.200000000000000        2.31302522794982     
  0.205000000000000        2.31294785727204     
  0.210000000000000        2.31287586233751     
  0.215000000000000        2.31280883027004     
  0.220000000000000        2.31274638011419     
  0.225000000000000        2.31268816622957     
  0.230000000000000        2.31263386649984     
  0.235000000000000        2.31258319278807     
  0.240000000000000        2.31253587515832     
  0.245000000000000        2.31249166771173     
  0.250000000000000        2.31245034294636     
  0.255000000000000        2.31241169410192     
  0.260000000000000        2.31237553124765     
  0.265000000000000        2.31234167413282     
  0.270000000000000        2.31230996302515     
  0.275000000000000        2.31228024629829     
  0.280000000000000        2.31225238509141     
  0.285000000000000        2.31222625404557     
  0.290000000000000        2.31220173152656     
  0.295000000000000        2.31217871065375     
  0.300000000000000        2.31215708852461     
  0.305000000000000        2.31213677278711     
  0.310000000000000        2.31211767542870     
  0.315000000000000        2.31209971724166     
  0.320000000000000        2.31208282215703     
  0.325000000000000        2.31206692262661     
  0.330000000000000        2.31205195190440     
  0.335000000000000        2.31203785182175     
  0.340000000000000        2.31202456777148     
  0.345000000000000        2.31201204582631     
  0.350000000000000        2.31200023768423     
  0.355000000000000        2.31198910148995     
  0.360000000000000        2.31197859224533     
  0.365000000000000        2.31196867258477     
  0.370000000000000        2.31195930814605     
  0.375000000000000        2.31195046048545     
  0.380000000000000        2.31194210219648     
  0.385000000000000        2.31193420262626     
  0.390000000000000        2.31192673265967     
  0.395000000000000        2.31191966829819     
  0.400000000000000        2.31191284253468     
  0.405000000000000        2.31190670958976     
  0.410000000000000        2.31190065822783     
  0.415000000000000        2.31189501159830     
  0.420000000000000        2.31188963462258     
  0.425000000000000        2.31188454980395     
  0.430000000000000        2.31187972800737     
  0.435000000000000        2.31187515723878     
  0.440000000000000        2.31187082380086     
  0.445000000000000        2.31186671275741     
  0.450000000000000        2.31186281330261     
  0.455000000000000        2.31185911167108     
  0.460000000000000        2.31185559896056     
  0.465000000000000        2.31185226275831     
  0.470000000000000        2.31184909463370     
  0.475000000000000        2.31184608616128     
  0.480000000000000        2.31184322616650     
  0.485000000000000        2.31184050894060     
  0.490000000000000        2.31183778160071     
  0.495000000000000        2.31183551617009     
  0.500000000000000        2.31183311477284     
  0.505000000000000        2.31183091424695     
  0.510000000000000        2.31182879156405     
  0.515000000000000        2.31182678150600     
  0.520000000000000        2.31182486522593     
  0.525000000000000        2.31182289754466     
  0.530000000000000        2.31182135110683     
  0.535000000000000        2.31181963192819     
  0.540000000000000        2.31181807681484     
  0.545000000000000        2.31181656714207     
  0.550000000000000        2.31181513766585     
  0.555000000000000        2.31181362784413     
  0.560000000000000        2.31181251693744     
  0.565000000000000        2.31181121250928     
  0.570000000000000        2.31181004956545     
  0.575000000000000        2.31180891137388     
  0.580000000000000        2.31180783658636     
  0.585000000000000        2.31180680688352     
  0.590000000000000        2.31180582428483     
  0.595000000000000        2.31180488662559     
  0.600000000000000        2.31180399234585     
  0.605000000000000        2.31180313648060     
  0.610000000000000        2.31180231887591     
  0.615000000000000        2.31180153869683     
  0.620000000000000        2.31180079268574     
  0.625000000000000        2.31180008023935     
  0.630000000000000        2.31179939768953     
  0.635000000000000        2.31179874759361     
  0.640000000000000        2.31179812452003     
  0.645000000000000        2.31179752833211     
  0.650000000000000        2.31179695883628     
  0.655000000000000        2.31179641347118     
  0.660000000000000        2.31179589199665     
  0.665000000000000        2.31179539316826     
  0.670000000000000        2.31179491539857     
  0.675000000000000        2.31179445786005     
  0.680000000000000        2.31179402075440     
  0.685000000000000        2.31179360033804     
  0.690000000000000        2.31179320005536     
  0.695000000000000        2.31179281523387     
  0.700000000000000        2.31179244723925     
  0.705000000000000        2.31179209420768     
  0.710000000000000        2.31179175699125     
  0.715000000000000        2.31179143171775     
  0.720000000000000        2.31179112216935     
  0.725000000000000        2.31179082443848     
  0.730000000000000        2.31179053907632     
  0.735000000000000        2.31179026631982     
  0.740000000000000        2.31179000318173     
  0.745000000000000        2.31178975218321     
  0.750000000000000        2.31178951042544     
  0.755000000000000        2.31178927926460     
  0.760000000000000        2.31178905715772     
  0.765000000000000        2.31178884395821     
  0.770000000000000        2.31178863994217     
  0.775000000000000        2.31178844295496     
  0.780000000000000        2.31178825539497     
  0.785000000000000        2.31178807494465     
  0.790000000000000        2.31178790041790     
  0.795000000000000        2.31178773451962     
  0.800000000000000        2.31178757320363     
  0.805000000000000        2.31178742079855     
  0.810000000000000        2.31178727278092     
  0.815000000000000        2.31178713139644     
  0.820000000000000        2.31178699460953     
  0.825000000000000        2.31178686380920     
  0.830000000000000        2.31178673784300     
  0.835000000000000        2.31178661710384     
  0.840000000000000        2.31178650152004     
  0.845000000000000        2.31178638881411     
  0.850000000000000        2.31178628262274     
  0.855000000000000        2.31178617818930     
  0.860000000000000        2.31178607987708     
  0.865000000000000        2.31178598372779     
  0.870000000000000        2.31178589259821     
  0.875000000000000        2.31178580367915     
  0.880000000000000        2.31178557651432     
  0.885000000000000        2.31178568441014     
  0.890000000000000        2.31178540008569     
  0.895000000000000        2.31178553514424     
  0.900000000000000        2.31178539275375     
  0.905000000000000        2.31178534610108     
  0.910000000000000        2.31178527055273     
  0.915000000000000        2.31178520789207     
  0.920000000000000        2.31178514521230     
  0.925000000000000        2.31178508553867     
  0.930000000000000        2.31178502847806     
  0.935000000000000        2.31178497131016     
  0.940000000000000        2.31178491794120     
  0.945000000000000        2.31178486653054     
  0.950000000000000        2.31178481596953     
  0.955000000000000        2.31178488147429     
  0.960000000000000        2.31178468366997     
  0.965000000000000        2.31178469000037     
  0.970000000000000        2.31178463055377     
  0.975000000000000        2.31178459452515     
  0.980000000000000        2.31178455309283     
  0.985000000000000        2.31178462806620     
  0.990000000000000        2.31178443957133     
  0.995000000000000        2.31178445476244     
   1.00000000000000        2.31178440330814     
