  5.000000000000000E-003 -0.277123718811417      -0.318100793132878     
  4.097707432146108E-002
  1.000000000000000E-002 -0.222307120449457      -0.332042534969913     
  0.109735414520456     
  1.500000000000000E-002 -0.181311516591345      -0.337834370735021     
  0.156522854143676     
  2.000000000000000E-002 -0.149947240609499      -0.339209040385020     
  0.189261799775520     
  2.500000000000000E-002 -0.125463091965012      -0.338231624835818     
  0.212768532870806     
  3.000000000000000E-002 -0.106020351993920      -0.336069987064636     
  0.230049635070716     
  3.500000000000000E-002 -9.035502382948028E-002 -0.333386528164864     
  0.243031504335383     
  4.000000000000000E-002 -7.757483633762195E-002 -0.330553673908126     
  0.252978837570504     
  4.500000000000000E-002 -6.703506130780858E-002 -0.327775755252523     
  0.260740693944714     
  5.000000000000000E-002 -5.826026339532631E-002 -0.325159188860558     
  0.266898925465232     
  5.500000000000000E-002 -5.089356101805528E-002 -0.322753443506981     
  0.271859882488926     
  6.000000000000000E-002 -4.466284835779911E-002 -0.320575201923951     
  0.275912353566151     
  6.500000000000000E-002 -3.935774817458097E-002 -0.318622707465778     
  0.279264959291197     
  7.000000000000001E-002 -3.481358691069865E-002 -0.316884305672815     
  0.282070718762117     
  7.500000000000000E-002 -3.090003487566525E-002 -0.315343512821943     
  0.284443477946278     
  8.000000000000000E-002 -2.751161148881214E-002 -0.313982104638156     
  0.286470493149344     
  8.500000000000001E-002 -2.456723083923882E-002 -0.312781234639235     
  0.288214003799996     
  9.000000000000000E-002 -2.199750364370748E-002 -0.311723639167595     
  0.289726135523888     
  9.500000000000000E-002 -1.974374638274038E-002 -0.310792748867358     
  0.291049002484617     
  0.100000000000000      -1.776279498008837E-002 -0.309973672279157     
  0.292210877299069     
  0.105000000000000      -1.601496302643065E-002 -0.309253007598048     
  0.293238044571617     
  0.110000000000000      -1.446783064035876E-002 -0.308618846965605     
  0.294151016325246     
  0.115000000000000      -1.309489360431719E-002 -0.308060654797448     
  0.294965761193131     
  0.120000000000000      -1.187318821224906E-002 -0.307569150685806     
  0.295695962473557     
  0.125000000000000      -1.078342086841336E-002 -0.307136184547591     
  0.296352763679177     
  0.130000000000000      -9.809074265239375E-003 -0.306754610977830     
  0.296945536712590     
  0.135000000000000      -8.936030354674038E-003 -0.306418173530400     
  0.297482143175726     
  0.140000000000000      -8.151698785984868E-003 -0.306121392060039     
  0.297969693274055     
  0.145000000000000      -7.446742400052062E-003 -0.305859489154391     
  0.298412746754339     
  0.150000000000000      -6.811057013848773E-003 -0.305628254836772     
  0.298817197822923     
  0.155000000000000      -6.237404538523958E-003 -0.305424036644624     
  0.299186632106100     
  0.160000000000000      -5.718883790138139E-003 -0.305243608268417     
  0.299524724478279     
  0.165000000000000      -5.248834607507244E-003 -0.305084157438139     
  0.299835322830632     
  0.170000000000000      -4.822619227084790E-003 -0.304943215614661     
  0.300120596387576     
  0.175000000000000      -4.435428896478233E-003 -0.304818615119736     
  0.300383186223258     
  0.180000000000000      -4.083269624501502E-003 -0.304708452613943     
  0.300625182989442     
  0.185000000000000      -3.762540409542906E-003 -0.304611055024315     
  0.300848514614772     
  0.190000000000000      -3.470084161471113E-003 -0.304524950196988     
  0.301054866035517     
  0.195000000000000      -3.203090907139565E-003 -0.304448841971094     
  0.301245751063955     
  0.200000000000000      -2.959065240715348E-003 -0.304381587757210     
  0.301422522516495     
  0.205000000000000      -2.735792441838863E-003 -0.304322180054684     
  0.301586387612846     
  0.210000000000000      -2.531291587955183E-003 -0.304269729002230     
  0.301738437414276     
  0.215000000000000      -2.343794915890818E-003 -0.304223448446195     
  0.301879653530304     
  0.220000000000000      -2.171723839971198E-003 -0.304182643806180     
  0.302010919966209     
  0.225000000000000      -2.013664361921699E-003 -0.304146699891286     
  0.302133035529364     
  0.230000000000000      -1.868338198581000E-003 -0.304115071284380     
  0.302246733085799     
  0.235000000000000      -1.734605665523191E-003 -0.304087275662997     
  0.302352669997474     
  0.240000000000000      -1.611442821388595E-003 -0.304062885068797     
  0.302451442247408     
  0.245000000000000      -1.497917791547658E-003 -0.304041519128917     
  0.302543601337369     
  0.250000000000000      -1.393190979240639E-003 -0.304022840625051     
  0.302629649645811     
  0.255000000000000      -1.296507158683094E-003 -0.304006549865170     
  0.302710042706487     
  0.260000000000000      -1.207190726698015E-003 -0.303992380343953     
  0.302785189617255     
  0.265000000000000      -1.124614414108783E-003 -0.303980094772993     
  0.302855480358884     
  0.270000000000000      -1.048215080727410E-003 -0.303969482074951     
  0.302921266994223     
  0.275000000000000      -9.774856473108255E-004 -0.303960354922863     
  0.302982869275552     
  0.280000000000000      -9.119569594455630E-004 -0.303952545740345     
  0.303040588780899     
  0.285000000000000      -8.512142547830375E-004 -0.303945905604220     
  0.303094691349437     
  0.290000000000000      -7.948691805824724E-004 -0.303940301666993     
  0.303145432486411     
  0.295000000000000      -7.425702645629877E-004 -0.303935615459672     
  0.303193045195109     
  0.300000000000000      -6.939992038338216E-004 -0.303931741410076     
  0.303237742206242     
  0.305000000000000      -6.488640377618970E-004 -0.303928585534742     
  0.303279721496980     
  0.310000000000000      -6.068975271314788E-004 -0.303926063748654     
  0.303319166221522     
  0.315000000000000      -5.678566709215149E-004 -0.303924101178298     
  0.303356244507377     
  0.320000000000000      -5.315168701937091E-004 -0.303922631009661     
  0.303391114139467     
  0.325000000000000      -4.976747793433521E-004 -0.303921593399358     
  0.303423918620015     
  0.330000000000000      -4.661402776863875E-004 -0.303920935385927     
  0.303454795108241     
  0.335000000000000      -4.367396423125735E-004 -0.303920609653519     
  0.303483870011207     
  0.340000000000000      -4.093218942745829E-004 -0.303920573923997     
  0.303511252029722     
  0.345000000000000      -3.837367403545673E-004 -0.303920790075922     
  0.303537053335567     
  0.350000000000000      -3.598442624780509E-004 -0.303921224858447     
  0.303561380595969     
  0.355000000000000      -3.375300539787956E-004 -0.303921848545632     
  0.303584318491654     
  0.360000000000000      -3.166779336727535E-004 -0.303922634125699     
  0.303605956192026     
  0.365000000000000      -2.971793662716472E-004 -0.303923557863057     
  0.303626378496785     
  0.370000000000000      -2.789481387504623E-004 -0.303924599010334     
  0.303645650871583     
  0.375000000000000      -2.618858320794802E-004 -0.303925738743876     
  0.303663852911797     
  0.380000000000000      -2.459109545412120E-004 -0.303926960275232     
  0.303681049320691     
  0.385000000000000      -2.309551070137249E-004 -0.303928249204724     
  0.303697294097711     
  0.390000000000000      -2.169400746154259E-004 -0.303929592372085     
  0.303712652297470     
  0.395000000000000      -2.038016470781421E-004 -0.303930977889909     
  0.303727176242831     
  0.400000000000000      -1.910408123777886E-004 -0.303932391797430     
  0.303741350985052     
  0.405000000000000      -1.797110717415076E-004 -0.303933837791059     
  0.303754126719317     
  0.410000000000000      -1.691668433042053E-004 -0.303935294835434     
  0.303766127992130     
  0.415000000000000      -1.588901215131385E-004 -0.303936760200715     
  0.303777870079202     
  0.420000000000000      -1.493668610031311E-004 -0.303938228206526     
  0.303788861345523     
  0.425000000000000      -1.403760492782385E-004 -0.303939693477122     
  0.303799317427844     
  0.430000000000000      -1.319431584496162E-004 -0.303941151659815     
  0.303809208501366     
  0.435000000000000      -1.240082700738750E-004 -0.303942598324747     
  0.303818590054673     
  0.440000000000000      -1.165490324736774E-004 -0.303944030479625     
  0.303827481447152     
  0.445000000000000      -1.095311659327552E-004 -0.303945444753082     
  0.303835913587150     
  0.450000000000000      -1.029272083017035E-004 -0.303946838683481     
  0.303843911475179     
  0.455000000000000      -9.670943627004365E-005 -0.303948210456223     
  0.303851501019954     
  0.460000000000000      -9.085448804388666E-005 -0.303949558043945     
  0.303858703555901     
  0.465000000000000      -8.533889393053107E-005 -0.303950880162035     
  0.303865541268104     
  0.470000000000000      -8.014015624047668E-005 -0.303952175544035     
  0.303872035387795     
  0.475000000000000      -7.524421057848590E-005 -0.303953443313368     
  0.303878199102790     
  0.480000000000000      -7.062646574595921E-005 -0.303954682682510     
  0.303884056216764     
  0.485000000000000      -6.627045668125522E-005 -0.303955893135439     
  0.303889622678758     
  0.490000000000000      -6.171466697512086E-005 -0.303957069865044     
  0.303895355198069     
  0.495000000000000      -5.805641748361950E-005 -0.303958226017467     
  0.303900169599983     
  0.500000000000000      -5.469055539191051E-005 -0.303959348218883     
  0.303904657663491     
  0.505000000000000      -5.113210415323912E-005 -0.303960440212350     
  0.303909308108197     
  0.510000000000000      -4.789917169239642E-005 -0.303961502966750     
  0.303913603795058     
  0.515000000000000      -4.480147927120641E-005 -0.303962536556759     
  0.303917735077488     
  0.520000000000000      -4.189135703682411E-005 -0.303963541129152     
  0.303921649772115     
  0.525000000000000      -3.868743602746408E-005 -0.303964512618561     
  0.303925825182533     
  0.530000000000000      -3.630197759267259E-005 -0.303965465280809     
  0.303929163303217     
  0.535000000000000      -3.413314736250712E-005 -0.303966385413924     
  0.303932252266561     
  0.540000000000000      -3.169917382996473E-005 -0.303967277527625     
  0.303935578353795     
  0.545000000000000      -2.952501199210222E-005 -0.303968143332452     
  0.303938618320459     
  0.550000000000000      -2.742398241573024E-005 -0.303968982813858     
  0.303941558831443     
  0.555000000000000      -2.500192234130549E-005 -0.303969792269580     
  0.303944790347239     
  0.560000000000000      -2.334465470306424E-005 -0.303970585519345     
  0.303947240864642     
  0.565000000000000      -2.186949645848536E-005 -0.303971349693132     
  0.303949480196674     
  0.570000000000000      -2.008838134700692E-005 -0.303972089491511     
  0.303952001110164     
  0.575000000000000      -1.852258938641300E-005 -0.303972806457191     
  0.303954283867805     
  0.580000000000000      -1.699872883646674E-005 -0.303973500613798     
  0.303956501884961     
  0.585000000000000      -1.557062736381257E-005 -0.303974172478979     
  0.303958601851615     
  0.590000000000000      -1.420741134470450E-005 -0.303974823148944     
  0.303960615737599     
  0.595000000000000      -1.291632222558228E-005 -0.303975452862121     
  0.303962536539895     
  0.600000000000000      -1.169537410873425E-005 -0.303976062043904     
  0.303964366669795     
  0.605000000000000      -1.053443536926993E-005 -0.303976651859724     
  0.303966117424355     
  0.610000000000000      -9.427307424653088E-006 -0.303977222250311     
  0.303967794942886     
  0.615000000000000      -8.379001462774770E-006 -0.303977774153199     
  0.303969395151736     
  0.620000000000000      -7.384505083913345E-006 -0.303978308222977     
  0.303970923717893     
  0.625000000000000      -6.439715832570662E-006 -0.303978824543512     
  0.303972384827680     
  0.630000000000000      -5.538877095193504E-006 -0.303979324249243     
  0.303973785372148     
  0.635000000000000      -4.686621406823759E-006 -0.303979807859314     
  0.303975121237907     
  0.640000000000000      -3.878009007524852E-006 -0.303980275358316     
  0.303976397349308     
  0.645000000000000      -3.104297518429211E-006 -0.303980727455905     
  0.303977623158387     
  0.650000000000000      -2.370361072379593E-006 -0.303981164986641     
  0.303978794625569     
  0.655000000000000      -1.672396509253924E-006 -0.303981588066630     
  0.303979915670120     
  0.660000000000000      -1.007955125261625E-006 -0.303981997353649     
  0.303980989398524     
  0.665000000000000      -3.769849091278249E-007 -0.303982393154720     
  0.303982016169811     
  0.670000000000000       2.239439324771442E-007 -0.303982776137985     
  0.303983000081917     
  0.675000000000000       7.977110119504235E-007 -0.303983146530479     
  0.303983944241491     
  0.680000000000000       1.341866135454727E-006 -0.303983504681833     
  0.303984846547969     
  0.685000000000000       1.863227291527775E-006 -0.303983851394260     
  0.303985714621552     
  0.690000000000000       2.357600435027273E-006 -0.303984186816802     
  0.303986544417237     
  0.695000000000000       2.826984805687506E-006 -0.303984511334502     
  0.303987338319308     
  0.700000000000000       3.276278867580492E-006 -0.303984825162128     
  0.303988101440996     
  0.705000000000000       3.704036596091426E-006 -0.303985129036321     
  0.303988833072917     
  0.710000000000000       4.109797293329676E-006 -0.303985423121027     
  0.303989532918320     
  0.715000000000000       4.500401194932829E-006 -0.303985707801698     
  0.303990208202893     
  0.720000000000000       4.871440827298848E-006 -0.303985983427645     
  0.303990854868472     
  0.725000000000000       5.223190944851245E-006 -0.303986249947214     
  0.303991473138158     
  0.730000000000000       5.560837565809001E-006 -0.303986508138156     
  0.303992068975722     
  0.735000000000000       5.880077856197838E-006 -0.303986758118543     
  0.303992638196399     
  0.740000000000000       6.187597992298194E-006 -0.303987000161937     
  0.303993187759929     
  0.745000000000000       6.480998675569142E-006 -0.303987234501423     
  0.303993715500099     
  0.750000000000000       6.760492171120378E-006 -0.303987461518778     
  0.303994222010949     
  0.755000000000000       7.027753502726047E-006 -0.303987681440586     
  0.303994709194089     
  0.760000000000000       7.281870554779583E-006 -0.303987894542793     
  0.303995176413348     
  0.765000000000000       7.525677884457445E-006 -0.303988101071203     
  0.303995626749088     
  0.770000000000000       7.757297892938858E-006 -0.303988300983809     
  0.303996058281702     
  0.775000000000000       7.980283835336483E-006 -0.303988495028726     
  0.303996475312562     
  0.780000000000000       8.191711381543840E-006 -0.303988683192213     
  0.303996874903594     
  0.785000000000000       8.391311194094109E-006 -0.303988865340977     
  0.303997256652171     
  0.790000000000000       8.586738750368412E-006 -0.303989042279971     
  0.303997629018721     
  0.795000000000000       8.771914058888436E-006 -0.303989213738047     
  0.303997985652106     
  0.800000000000000       8.950875850072233E-006 -0.303989379953607     
  0.303998330829457     
  0.805000000000000       9.119176976008010E-006 -0.303989541382622     
  0.303998660559598     
  0.810000000000000       9.278578866703010E-006 -0.303989698115241     
  0.303998976694107     
  0.815000000000000       9.432910742659010E-006 -0.303989850111800     
  0.303999283022543     
  0.820000000000000       9.581037033378531E-006 -0.303989997904626     
  0.303999578941659     
  0.825000000000000       9.723499873982854E-006 -0.303990141240416     
  0.303999864740291     
  0.830000000000000       9.859134430662487E-006 -0.303990280382053     
  0.304000139516484     
  0.835000000000000       9.988527197233782E-006 -0.303990415633363     
  0.304000404160560     
  0.840000000000000       1.011014959248210E-005 -0.303990547097789     
  0.304000657247381     
  0.845000000000000       1.023032174326965E-005 -0.303990674843308     
  0.304000905165052     
  0.850000000000000       1.034275376551206E-005 -0.303990799036272     
  0.304001141790037     
  0.855000000000000       1.045209815324825E-005 -0.303990919817145     
  0.304001371915298     
  0.860000000000000       1.055648552729534E-005 -0.303991037131454     
  0.304001593616981     
  0.865000000000000       1.065596416553524E-005 -0.303991151318194     
  0.304001807282360     
  0.870000000000000       1.075102337012943E-005 -0.303991262588382     
  0.304002013611752     
  0.875000000000000       1.084270741155957E-005 -0.303991370619263     
  0.304002213326675     
  0.880000000000000       1.137452413976282E-005 -0.303991471474810     
  0.304002845998950     
  0.885000000000000       1.123795278552009E-005 -0.303991578983138     
  0.304002816935924     
  0.890000000000000       1.146463533820953E-005 -0.303991674600353     
  0.304003139235691     
  0.895000000000000       1.142175973774773E-005 -0.303991776340937     
  0.304003198100674     
  0.900000000000000       1.116348038018930E-005 -0.303991871420062     
  0.304003034900442     
  0.905000000000000       1.134291102334205E-005 -0.303991963627058     
  0.304003306538081     
  0.910000000000000       1.137518340440923E-005 -0.303992053787246     
  0.304003428970651     
  0.915000000000000       1.145446825924689E-005 -0.303992141664390     
  0.304003596132650     
  0.920000000000000       1.151152556016532E-005 -0.303992227479573     
  0.304003739005134     
  0.925000000000000       1.157040875875676E-005 -0.303992311065168     
  0.304003881473927     
  0.930000000000000       1.162357920521016E-005 -0.303992392975257     
  0.304004016554462     
  0.935000000000000       1.168066339390148E-005 -0.303992472793866     
  0.304004153457259     
  0.940000000000000       1.173625733330181E-005 -0.303992550507850     
  0.304004286765183     
  0.945000000000000       1.178476644654622E-005 -0.303992626737977     
  0.304004411504424     
  0.950000000000000       1.183439132602476E-005 -0.303992701421420     
  0.304004535812746     
  0.955000000000000       1.149992423024461E-005 -0.303992788979348     
  0.304004288903579     
  0.960000000000000       1.175485848109081E-005 -0.303992841446191     
  0.304004596304672     
  0.965000000000000       1.203147439610477E-005 -0.303992913031003     
  0.304004944505399     
  0.970000000000000       1.199084372973721E-005 -0.303992981446529     
  0.304004972290259     
  0.975000000000000       1.205597330466725E-005 -0.303993048658988     
  0.304005104632293     
  0.980000000000000       1.208421464441026E-005 -0.303993114300574     
  0.304005198515218     
  0.985000000000000       1.174176386144253E-005 -0.303993193265524     
  0.304004935029386     
  0.990000000000000       1.198690414164201E-005 -0.303993237195183     
  0.304005224099325     
  0.995000000000000       1.225373667333098E-005 -0.303993300588654     
  0.304005554325328     
   1.00000000000000       1.220529114546085E-005 -0.303993361425727     
  0.304005566716872     
