  5.000000000000000E-003  6.452751980627557E-002
  1.000000000000000E-002  6.689188075318936E-002
  1.500000000000000E-002  6.898433326360071E-002
  2.000000000000000E-002  7.084241825842501E-002
  2.500000000000000E-002  7.249775310342797E-002
  3.000000000000000E-002  7.397700255927427E-002
  3.500000000000000E-002  7.530272257782339E-002
  4.000000000000000E-002  7.649406651971098E-002
  4.500000000000000E-002  7.756736649114476E-002
  5.000000000000000E-002  7.853660854623741E-002
  5.500000000000000E-002  7.941382019881152E-002
  6.000000000000000E-002  8.020938705718826E-002
  6.500000000000000E-002  8.093231236134985E-002
  7.000000000000001E-002  8.159043005294268E-002
  7.500000000000000E-002  8.219058090060431E-002
  8.000000000000000E-002  8.273877802334856E-002
  8.500000000000001E-002  8.324022609961980E-002
  9.000000000000000E-002  8.369964648778630E-002
  9.500000000000000E-002  8.412110692299084E-002
  0.100000000000000       8.450824397588774E-002
  0.105000000000000       8.486431023922249E-002
  0.110000000000000       8.519217626712061E-002
  0.115000000000000       8.549441929033025E-002
  0.120000000000000       8.577334059086553E-002
  0.125000000000000       8.603100537569242E-002
  0.130000000000000       8.626926840554577E-002
  0.135000000000000       8.648979934357455E-002
  0.140000000000000       8.669410890048451E-002
  0.145000000000000       8.688353844117055E-002
  0.150000000000000       8.705934576640983E-002
  0.155000000000000       8.722261383455761E-002
  0.160000000000000       8.737438047020303E-002
  0.165000000000000       8.751554960004318E-002
  0.170000000000000       8.764696165744201E-002
  0.175000000000000       8.776937615191928E-002
  0.180000000000000       8.788348790156186E-002
  0.185000000000000       8.798993052672645E-002
  0.190000000000000       8.808928359066077E-002
  0.195000000000000       8.818207733394583E-002
  0.200000000000000       8.826879761743288E-002
  0.205000000000000       8.834988982827789E-002
  0.210000000000000       8.842576299827799E-002
  0.215000000000000       8.849679275113348E-002
  0.220000000000000       8.856332464122363E-002
  0.225000000000000       8.862567660429477E-002
  0.230000000000000       8.868414173192558E-002
  0.235000000000000       8.873898996506026E-002
  0.240000000000000       8.879047058953145E-002
  0.245000000000000       8.883881372105508E-002
  0.250000000000000       8.888423206828905E-002
  0.255000000000000       8.892692224385072E-002
  0.260000000000000       8.896706618545400E-002
  0.265000000000000       8.900483258530602E-002
  0.270000000000000       8.904037752246757E-002
  0.275000000000000       8.907384589509781E-002
  0.280000000000000       8.910537211125592E-002
  0.285000000000000       8.913508085316280E-002
  0.290000000000000       8.916308817796312E-002
  0.295000000000000       8.918950175378007E-002
  0.300000000000000       8.921442187974633E-002
  0.305000000000000       8.923794178557172E-002
  0.310000000000000       8.926014837793143E-002
  0.315000000000000       8.928112253241365E-002
  0.320000000000000       8.930093973818014E-002
  0.325000000000000       8.931967028133368E-002
  0.330000000000000       8.933737990208564E-002
  0.335000000000000       8.935412982486454E-002
  0.340000000000000       8.936997725571598E-002
  0.345000000000000       8.938497577355813E-002
  0.350000000000000       8.939917539681154E-002
  0.355000000000000       8.941262278901704E-002
  0.360000000000000       8.942536184884983E-002
  0.365000000000000       8.943743349576734E-002
  0.370000000000000       8.944887603575173E-002
  0.375000000000000       8.945972560817596E-002
  0.380000000000000       8.947001576038258E-002
  0.385000000000000       8.947977814815695E-002
  0.390000000000000       8.948904248731387E-002
  0.395000000000000       8.949783654192679E-002
  0.400000000000000       8.950619195188174E-002
  0.405000000000000       8.951411485401792E-002
  0.410000000000000       8.952165113026878E-002
  0.415000000000000       8.952880918004333E-002
  0.420000000000000       8.953561389957176E-002
  0.425000000000000       8.954208291798847E-002
  0.430000000000000       8.954823477434083E-002
  0.435000000000000       8.955408632398129E-002
  0.440000000000000       8.955965353323839E-002
  0.445000000000000       8.956495152226439E-002
  0.450000000000000       8.956999441313962E-002
  0.455000000000000       8.957479565725600E-002
  0.460000000000000       8.957936778105664E-002
  0.465000000000000       8.958372275617910E-002
  0.470000000000000       8.958787175179619E-002
  0.475000000000000       8.959182532836507E-002
  0.480000000000000       8.959559358148916E-002
  0.485000000000000       8.959918585824556E-002
  0.490000000000000       8.960261668053106E-002
  0.495000000000000       8.960587595352094E-002
  0.500000000000000       8.960899452366154E-002
  0.505000000000000       8.961196661719580E-002
  0.510000000000000       8.961480389060510E-002
  0.515000000000000       8.961751151200240E-002
  0.520000000000000       8.962009637866149E-002
  0.525000000000000       8.962256993024041E-002
  0.530000000000000       8.962491942519683E-002
  0.535000000000000       8.962717309649951E-002
  0.540000000000000       8.962932284559866E-002
  0.545000000000000       8.963137797081507E-002
  0.550000000000000       8.963334157870149E-002
  0.555000000000000       8.963522409181066E-002
  0.560000000000000       8.963701098470093E-002
  0.565000000000000       8.963872899846184E-002
  0.570000000000000       8.964036874709416E-002
  0.575000000000000       8.964193817691907E-002
  0.580000000000000       8.964343903539732E-002
  0.585000000000000       8.964487511502220E-002
  0.590000000000000       8.964624926435211E-002
  0.595000000000000       8.964756434754713E-002
  0.600000000000000       8.964882306637983E-002
  0.605000000000000       8.965002812345924E-002
  0.610000000000000       8.965118191056469E-002
  0.615000000000000       8.965228672829850E-002
  0.620000000000000       8.965334485978206E-002
  0.625000000000000       8.965435837976700E-002
  0.630000000000000       8.965532938201265E-002
  0.635000000000000       8.965625962416220E-002
  0.640000000000000       8.965715108398764E-002
  0.645000000000000       8.965800544887347E-002
  0.650000000000000       8.965882432785775E-002
  0.655000000000000       8.965960934525730E-002
  0.660000000000000       8.966036196289587E-002
  0.665000000000000       8.966108361276698E-002
  0.670000000000000       8.966177567480264E-002
  0.675000000000000       8.966243943750636E-002
  0.680000000000000       8.966307609060788E-002
  0.685000000000000       8.966368692097841E-002
  0.690000000000000       8.966427288357769E-002
  0.695000000000000       8.966483519784374E-002
  0.700000000000000       8.966537480100355E-002
  0.705000000000000       8.966589271008542E-002
  0.710000000000000       8.966638979341900E-002
  0.715000000000000       8.966686706144159E-002
  0.720000000000000       8.966732518859677E-002
  0.725000000000000       8.966776511024915E-002
  0.730000000000000       8.966818755348768E-002
  0.735000000000000       8.966859322386993E-002
  0.740000000000000       8.966898291990429E-002
  0.745000000000000       8.966935719595437E-002
  0.750000000000000       8.966971678746090E-002
  0.755000000000000       8.967006223724107E-002
  0.760000000000000       8.967039417409216E-002
  0.765000000000000       8.967071314756045E-002
  0.770000000000000       8.967101966693181E-002
  0.775000000000000       8.967131431288401E-002
  0.780000000000000       8.967159746779327E-002
  0.785000000000000       8.967186967628195E-002
  0.790000000000000       8.967213141923379E-002
  0.795000000000000       8.967238300785993E-002
  0.800000000000000       8.967262499718970E-002
  0.805000000000000       8.967285760037150E-002
  0.810000000000000       8.967308135741427E-002
  0.815000000000000       8.967329653030194E-002
  0.820000000000000       8.967350353210668E-002
  0.825000000000000       8.967370262890653E-002
  0.830000000000000       8.967389417174115E-002
  0.835000000000000       8.967407843875073E-002
  0.840000000000000       8.967425571375449E-002
  0.845000000000000       8.967442635428440E-002
  0.850000000000000       8.967459047724126E-002
  0.855000000000000       8.967474851426284E-002
  0.860000000000000       8.967490053292293E-002
  0.865000000000000       8.967504691371841E-002
  0.870000000000000       8.967518776340373E-002
  0.875000000000000       8.967532339957451E-002
  0.880000000000000       8.967545944469195E-002
  0.885000000000000       8.967557778526462E-002
  0.890000000000000       8.967570676255282E-002
  0.895000000000000       8.967581512346973E-002
  0.900000000000000       8.967593003963224E-002
  0.905000000000000       8.967603719669344E-002
  0.910000000000000       8.967614158535457E-002
  0.915000000000000       8.967624173419127E-002
  0.920000000000000       8.967633828731664E-002
  0.925000000000000       8.967643126498301E-002
  0.930000000000000       8.967652081447677E-002
  0.935000000000000       8.967660716811947E-002
  0.940000000000000       8.967669029604300E-002
  0.945000000000000       8.967677038651944E-002
  0.950000000000000       8.967684759466329E-002
  0.955000000000000       8.967691769521084E-002
  0.960000000000000       8.967699521668110E-002
  0.965000000000000       8.967706228594470E-002
  0.970000000000000       8.967712946497981E-002
  0.975000000000000       8.967719338588791E-002
  0.980000000000000       8.967725525402530E-002
  0.985000000000000       8.967731056505385E-002
  0.990000000000000       8.967737384456660E-002
  0.995000000000000       8.967742720914028E-002
   1.00000000000000       8.967748121663756E-002
