  5.000000000000000E-003  0.494408005275403        7.79076426777170     
  1.000000000000000E-002  0.282672409745691        4.31041594090037     
  1.500000000000000E-002  0.212797480399423        3.15277715074216     
  2.000000000000000E-002  0.178330585522196        2.57578362573448     
  2.500000000000000E-002  0.157989863795243        2.23101516462593     
  3.000000000000000E-002  0.144686147644756        2.00233262551965     
  3.500000000000000E-002  0.135384236343172        1.83996278833146     
  4.000000000000000E-002  0.128568596043015        1.71901927823050     
  4.500000000000000E-002  0.123398759538169        1.62567632410352     
  5.000000000000000E-002  0.119371568951769        1.55163835004566     
  5.500000000000000E-002  0.116167700992349        1.49162623284020     
  6.000000000000000E-002  0.113574957896213        1.44212045119427     
  6.500000000000000E-002  0.111446981578739        1.40068433356637     
  7.000000000000001E-002  0.109679677957655        1.36557736301755     
  7.500000000000000E-002  0.108197079518288        1.33552315278548     
  8.000000000000000E-002  0.106942370763514        1.30956376571135     
  8.500000000000001E-002  0.105872949555163        1.28696936517316     
  9.000000000000000E-002  0.104954953511180        1.26716812461733     
  9.500000000000000E-002  0.104162572619489        1.24971196819632     
  0.100000000000000       0.103475110814312        1.23424159408203     
  0.105000000000000       0.102875814826292        1.22046566248241     
  0.110000000000000       0.102351272116376        1.20814666039429     
  0.115000000000000       0.101890416157868        1.19708810877221     
  0.120000000000000       0.101484146345454        1.18712651905569     
  0.125000000000000       0.101124886849796        1.17812463046224     
  0.130000000000000       0.100806301381287        1.16996643120843     
  0.135000000000000       0.100523052785726        1.16255320536723     
  0.140000000000000       0.100270589541584        1.15580032762599     
  0.145000000000000       0.100045174292791        1.14963550147257     
  0.150000000000000       9.984334928506909E-002   1.14399514395149     
  0.155000000000000       9.966247350198078E-002   1.13882528820643     
  0.160000000000000       9.949994944962548E-002   1.13407755854044     
  0.165000000000000       9.935375121701831E-002   1.12971042502356     
  0.170000000000000       9.922201569963054E-002   1.12568693802051     
  0.175000000000000       9.910315267305994E-002   1.12197459930960     
  0.180000000000000       9.899575973846129E-002   1.11854456791001     
  0.185000000000000       9.889861141389064E-002   1.11537122652387     
  0.190000000000000       9.881062821592038E-002   1.11243173228849     
  0.195000000000000       9.873085912480058E-002   1.10970566941697     
  0.200000000000000       9.865846316480380E-002   1.10717473958577     
  0.205000000000000       9.859269635722101E-002   1.10482250814144     
  0.210000000000000       9.853289718891112E-002   1.10263417211760     
  0.215000000000000       9.847847847082933E-002   1.10059637870644     
  0.220000000000000       9.842891629941969E-002   1.09869705129929     
  0.225000000000000       9.838374369240709E-002   1.09692525151816     
  0.230000000000000       9.834254194888876E-002   1.09527104677528     
  0.235000000000000       9.830493779514335E-002   1.09372541338136     
  0.240000000000000       9.827059517814482E-002   1.09228012816341     
  0.245000000000000       9.823921274557766E-002   1.09092769240822     
  0.250000000000000       9.821051919531031E-002   1.08966125515592     
  0.255000000000000       9.818427069036792E-002   1.08847455104053     
  0.260000000000000       9.816024752869891E-002   1.08736184145828     
  0.265000000000000       9.813825021253350E-002   1.08631785796513     
  0.270000000000000       9.811809983909790E-002   1.08533776802805     
  0.275000000000000       9.809963371043612E-002   1.08441712494700     
  0.280000000000000       9.808270462343371E-002   1.08355183600509     
  0.285000000000000       9.806717987748086E-002   1.08273813302215     
  0.290000000000000       9.805293771995134E-002   1.08197253434178     
  0.295000000000000       9.803986890867275E-002   1.08125183072292     
  0.300000000000000       9.802787320316229E-002   1.08057305195632     
  0.305000000000000       9.801686014570739E-002   1.07993345344687     
  0.310000000000000       9.800674674566946E-002   1.07933049096779     
  0.315000000000000       9.799745805065072E-002   1.07876180975208     
  0.320000000000000       9.798892503113478E-002   1.07822522261185     
  0.325000000000000       9.798108546393071E-002   1.07771870261535     
  0.330000000000000       9.797388167793016E-002   1.07724036332670     
  0.335000000000000       9.796726175685504E-002   1.07678845410620     
  0.340000000000000       9.796117820473242E-002   1.07636134617696     
  0.345000000000000       9.795558681560870E-002   1.07595752007909     
  0.350000000000000       9.795044768153097E-002   1.07557556280427     
  0.355000000000000       9.794572478232524E-002   1.07521415887265     
  0.360000000000000       9.794138394564489E-002   1.07487207683750     
  0.365000000000000       9.793739473918445E-002   1.07454817067496     
  0.370000000000000       9.793372946680660E-002   1.07424137119392     
  0.375000000000000       9.793036125332810E-002   1.07395067317771     
  0.380000000000000       9.792726730744739E-002   1.07367514448906     
  0.385000000000000       9.792442559864485E-002   1.07341390862463     
  0.390000000000000       9.792181580026894E-002   1.07316614486157     
  0.395000000000000       9.791941984947464E-002   1.07293108701199     
  0.400000000000000       9.791719122213392E-002   1.07270791049007     
  0.405000000000000       9.791521355435538E-002   1.07249629570640     
  0.410000000000000       9.791334954391460E-002   1.07229517042086     
  0.415000000000000       9.791165761615941E-002   1.07210419800511     
  0.420000000000000       9.791010130619715E-002   1.07192273435087     
  0.425000000000000       9.790867780438813E-002   1.07175028664956     
  0.430000000000000       9.790737414249245E-002   1.07158635401888     
  0.435000000000000       9.790618147169199E-002   1.07143047674195     
  0.440000000000000       9.790509130413555E-002   1.07128222180114     
  0.445000000000000       9.790409515840207E-002   1.07114117881316     
  0.450000000000000       9.790318608545136E-002   1.07100696532479     
  0.455000000000000       9.790235679346938E-002   1.07087921760634     
  0.460000000000000       9.790160146892293E-002   1.07075759674074     
  0.465000000000000       9.790091386451817E-002   1.07064177994027     
  0.470000000000000       9.790028891839020E-002   1.07053146567676     
  0.475000000000000       9.789972183552355E-002   1.07042636923097     
  0.480000000000000       9.789920752002131E-002   1.07032621931643     
  0.485000000000000       9.789874226615169E-002   1.07023076396922     
  0.490000000000000       9.789829200433554E-002   1.07013965598488     
  0.495000000000000       9.789795284628325E-002   1.07005302426350     
  0.500000000000000       9.789759833924602E-002   1.06997021598623     
  0.505000000000000       9.789729700518383E-002   1.06989128467935     
  0.510000000000000       9.789702162521161E-002   1.06981595233685     
  0.515000000000000       9.789677803563897E-002   1.06974406881134     
  0.520000000000000       9.789656097702819E-002   1.06967545321764     
  0.525000000000000       9.789633915321537E-002   1.06960984081987     
  0.530000000000000       9.789620978375160E-002   1.06954743218597     
  0.535000000000000       9.789604815164371E-002   1.06948764525686     
  0.540000000000000       9.789592368769610E-002   1.06943059690825     
  0.545000000000000       9.789581086093262E-002   1.06937607233942     
  0.550000000000000       9.789571616643843E-002   1.06932397714448     
  0.555000000000000       9.789560567601410E-002   1.06927407939558     
  0.560000000000000       9.789557840308509E-002   1.06922662532410     
  0.565000000000000       9.789551052735529E-002   1.06918107410962     
  0.570000000000000       9.789547142780576E-002   1.06913757727753     
  0.575000000000000       9.789543636499425E-002   1.06909595629570     
  0.580000000000000       9.789541301118784E-002   1.06905615271740     
  0.585000000000000       9.789539722443347E-002   1.06901806988623     
  0.590000000000000       9.789538920160260E-002   1.06898163111031     
  0.595000000000000       9.789538814603620E-002   1.06894675965383     
  0.600000000000000       9.789539357994885E-002   1.06891338384158     
  0.605000000000000       9.789540429414806E-002   1.06888143252042     
  0.610000000000000       9.789542001609812E-002   1.06885084126491     
  0.615000000000000       9.789544054490083E-002   1.06882154929121     
  0.620000000000000       9.789546499016884E-002   1.06879349577187     
  0.625000000000000       9.789549316532754E-002   1.06876662547746     
  0.630000000000000       9.789552424348086E-002   1.06874088338281     
  0.635000000000000       9.789555869368330E-002   1.06871622187990     
  0.640000000000000       9.789559527823266E-002   1.06869258901106     
  0.645000000000000       9.789563399910635E-002   1.06866994005988     
  0.650000000000000       9.789567477589828E-002   1.06864823198904     
  0.655000000000000       9.789571704449300E-002   1.06862742184036     
  0.660000000000000       9.789576077199404E-002   1.06860747078710     
  0.665000000000000       9.789580567554583E-002   1.06858834064140     
  0.670000000000000       9.789585148986957E-002   1.06856999521423     
  0.675000000000000       9.789589798571066E-002   1.06855239985173     
  0.680000000000000       9.789594530081053E-002   1.06853552314992     
  0.685000000000000       9.789599266113670E-002   1.06851933138784     
  0.690000000000000       9.789604081676165E-002   1.06850379836251     
  0.695000000000000       9.789608884379852E-002   1.06848889253591     
  0.700000000000000       9.789613703983953E-002   1.06847458846392     
  0.705000000000000       9.789618513556382E-002   1.06846085980805     
  0.710000000000000       9.789623327190591E-002   1.06844768273161     
  0.715000000000000       9.789628077444398E-002   1.06843503155901     
  0.720000000000000       9.789632842006878E-002   1.06842288713423     
  0.725000000000000       9.789637546426859E-002   1.06841122539530     
  0.730000000000000       9.789642212768405E-002   1.06840002709826     
  0.735000000000000       9.789646845848943E-002   1.06838927307773     
  0.740000000000000       9.789651392070035E-002   1.06837894282815     
  0.745000000000000       9.789655909288231E-002   1.06836902094375     
  0.750000000000000       9.789660345246741E-002   1.06835948858882     
  0.755000000000000       9.789664729544015E-002   1.06835033074842     
  0.760000000000000       9.789669043211044E-002   1.06834153134744     
  0.765000000000000       9.789673281254163E-002   1.06833307536383     
  0.770000000000000       9.789677460179957E-002   1.06832494937999     
  0.775000000000000       9.789681543243699E-002   1.06831713852033     
  0.780000000000000       9.789685580735639E-002   1.06830963174466     
  0.785000000000000       9.789689532890081E-002   1.06830241520655     
  0.790000000000000       9.789693383394013E-002   1.06829547649101     
  0.795000000000000       9.789697187626673E-002   1.06828880630113     
  0.800000000000000       9.789700874205727E-002   1.06828239115183     
  0.805000000000000       9.789704535088557E-002   1.06827622418590     
  0.810000000000000       9.789708083735695E-002   1.06827029214426     
  0.815000000000000       9.789711568508665E-002   1.06826458729477     
  0.820000000000000       9.789714960176633E-002   1.06825909956234     
  0.825000000000000       9.789718281080759E-002   1.06825382084507     
  0.830000000000000       9.789721524011093E-002   1.06824874269925     
  0.835000000000000       9.789724693873059E-002   1.06824385717969     
  0.840000000000000       9.789727800061852E-002   1.06823915703423     
  0.845000000000000       9.789730794738520E-002   1.06823463297725     
  0.850000000000000       9.789733764130967E-002   1.06823028139557     
  0.855000000000000       9.789736607220792E-002   1.06822609147594     
  0.860000000000000       9.789739424983625E-002   1.06822206073069     
  0.865000000000000       9.789742135635079E-002   1.06821817971291     
  0.870000000000000       9.789744808396372E-002   1.06821444522472     
  0.875000000000000       9.789747380084385E-002   1.06821084896449     
  0.880000000000000       9.789746950953665E-002   1.06820728304448     
  0.885000000000000       9.789753351798343E-002   1.06820409062815     
  0.890000000000000       9.789751461084230E-002   1.06820073016663     
  0.895000000000000       9.789758171939725E-002   1.06819779631980     
  0.900000000000000       9.789758978723957E-002   1.06819476949117     
  0.905000000000000       9.789761664921391E-002   1.06819192161499     
  0.910000000000000       9.789763631425580E-002   1.06818915605148     
  0.915000000000000       9.789765758252977E-002   1.06818650005656     
  0.920000000000000       9.789767775029472E-002   1.06818394011734     
  0.925000000000000       9.789769749877260E-002   1.06818147473784     
  0.930000000000000       9.789771679839745E-002   1.06817910035139     
  0.935000000000000       9.789773504046165E-002   1.06817681091036     
  0.940000000000000       9.789775313612453E-002   1.06817460675060     
  0.945000000000000       9.789777073556087E-002   1.06817248327361     
  0.950000000000000       9.789778760344502E-002   1.06817043639974     
  0.955000000000000       9.789782700751881E-002   1.06816854478984     
  0.960000000000000       9.789781180715626E-002   1.06816653347788     
  0.965000000000000       9.789783805785772E-002   1.06816474041290     
  0.970000000000000       9.789784982207474E-002   1.06816296410477     
  0.975000000000000       9.789786566868958E-002   1.06816126789178     
  0.980000000000000       9.789787963308673E-002   1.06815962813649     
  0.985000000000000       9.789791633981540E-002   1.06815812874301     
  0.990000000000000       9.789789852942617E-002   1.06815649501360     
  0.995000000000000       9.789792224558885E-002   1.06815506549058     
   1.00000000000000       9.789793142282016E-002   1.06815363866615     
