  5.000000000000000E-003   12.5289618701899     
  1.000000000000000E-002   12.9849508600186     
  1.500000000000000E-002   13.3853774928597     
  2.000000000000000E-002   13.7387667552294     
  2.500000000000000E-002   14.0520405496334     
  3.000000000000000E-002   14.3308719051473     
  3.500000000000000E-002   14.5799512246838     
  4.000000000000000E-002   14.8031881858016     
  4.500000000000000E-002   15.0038662221789     
  5.000000000000000E-002   15.1847618627308     
  5.500000000000000E-002   15.3482378248173     
  6.000000000000000E-002   15.4963163272732     
  6.500000000000000E-002   15.6307373527360     
  7.000000000000001E-002   15.7530053474557     
  7.500000000000000E-002   15.8644269553518     
  8.000000000000000E-002   15.9661419231231     
  8.500000000000001E-002   16.0591475188021     
  9.000000000000000E-002   16.1443205049626     
  9.500000000000000E-002   16.2224335671911     
  0.100000000000000        16.2941699568009     
  0.105000000000000        16.3601355588623     
  0.110000000000000        16.4208691199621     
  0.115000000000000        16.4768508959897     
  0.120000000000000        16.5285100196765     
  0.125000000000000        16.5762308002933     
  0.130000000000000        16.6203581311202     
  0.135000000000000        16.6612021482379     
  0.140000000000000        16.6990422536850     
  0.145000000000000        16.7341306284649     
  0.150000000000000        16.7666952381295     
  0.155000000000000        16.7969425251205     
  0.160000000000000        16.8250596959325     
  0.165000000000000        16.8512167781848     
  0.170000000000000        16.8755684077544     
  0.175000000000000        16.8982554087256     
  0.180000000000000        16.9194061900486     
  0.185000000000000        16.9391379825069     
  0.190000000000000        16.9575579366295     
  0.195000000000000        16.9747640991026     
  0.200000000000000        16.9908462827663     
  0.205000000000000        17.0058868432208     
  0.210000000000000        17.0199613732535     
  0.215000000000000        17.0331393247865     
  0.220000000000000        17.0454845668500     
  0.225000000000000        17.0570558869242     
  0.230000000000000        17.0679074420038     
  0.235000000000000        17.0780891650283     
  0.240000000000000        17.0876471316566     
  0.245000000000000        17.0966238915590     
  0.250000000000000        17.1050587681650     
  0.255000000000000        17.1129881301038     
  0.260000000000000        17.1204456373303     
  0.265000000000000        17.1274624645768     
  0.270000000000000        17.1340675044188     
  0.275000000000000        17.1402875519649     
  0.280000000000000        17.1461474731270     
  0.285000000000000        17.1516703579005     
  0.290000000000000        17.1568776602996     
  0.295000000000000        17.1617893261186     
  0.300000000000000        17.1664239097464     
  0.305000000000000        17.1707986809852     
  0.310000000000000        17.1749297229195     
  0.315000000000000        17.1788320215549     
  0.320000000000000        17.1825195480430     
  0.325000000000000        17.1860053341810     
  0.330000000000000        17.1893015417029     
  0.335000000000000        17.1924195260359     
  0.340000000000000        17.1953698948843     
  0.345000000000000        17.1981625622056     
  0.350000000000000        17.2008067979213     
  0.355000000000000        17.2033112737095     
  0.360000000000000        17.2056841052677     
  0.365000000000000        17.2079328913187     
  0.370000000000000        17.2100647496168     
  0.375000000000000        17.2120863502415     
  0.380000000000000        17.2140039463407     
  0.385000000000000        17.2158234026251     
  0.390000000000000        17.2175502217011     
  0.395000000000000        17.2191895684977     
  0.400000000000000        17.2207462881765     
  0.405000000000000        17.2222249463433     
  0.410000000000000        17.2236298188478     
  0.415000000000000        17.2249649300893     
  0.420000000000000        17.2262340647526     
  0.425000000000000        17.2274407832131     
  0.430000000000000        17.2285884360595     
  0.435000000000000        17.2296801775605     
  0.440000000000000        17.2307189781596     
  0.445000000000000        17.2317076361835     
  0.450000000000000        17.2326487886472     
  0.455000000000000        17.2335449214031     
  0.460000000000000        17.2343983785412     
  0.465000000000000        17.2352113711889     
  0.470000000000000        17.2359859857236     
  0.475000000000000        17.2367241914080     
  0.480000000000000        17.2374278475355     
  0.485000000000000        17.2380987101066     
  0.490000000000000        17.2387384332462     
  0.495000000000000        17.2393485947797     
  0.500000000000000        17.2399306712353     
  0.505000000000000        17.2404860637464     
  0.510000000000000        17.2410160976225     
  0.515000000000000        17.2415220266861     
  0.520000000000000        17.2420050374809     
  0.525000000000000        17.2424662481975     
  0.530000000000000        17.2429067327765     
  0.535000000000000        17.2433274928505     
  0.540000000000000        17.2437294825074     
  0.545000000000000        17.2441136059371     
  0.550000000000000        17.2444807201202     
  0.555000000000000        17.2448316327595     
  0.560000000000000        17.2451671244005     
  0.565000000000000        17.2454879205187     
  0.570000000000000        17.2457947143921     
  0.575000000000000        17.2460881640621     
  0.580000000000000        17.2463688940971     
  0.585000000000000        17.2466374975040     
  0.590000000000000        17.2468945374111     
  0.595000000000000        17.2471405487308     
  0.600000000000000        17.2473760396429     
  0.605000000000000        17.2476014930812     
  0.610000000000000        17.2478173680701     
  0.615000000000000        17.2480241010098     
  0.620000000000000        17.2482221068604     
  0.625000000000000        17.2484117802954     
  0.630000000000000        17.2485934967768     
  0.635000000000000        17.2487676135487     
  0.640000000000000        17.2489344705982     
  0.645000000000000        17.2490943915493     
  0.650000000000000        17.2492476845280     
  0.655000000000000        17.2493946429317     
  0.660000000000000        17.2495355462146     
  0.665000000000000        17.2496706605973     
  0.670000000000000        17.2498002397247     
  0.675000000000000        17.2499245253209     
  0.680000000000000        17.2500437477864     
  0.685000000000000        17.2501581267715     
  0.690000000000000        17.2502678717050     
  0.695000000000000        17.2503731823311     
  0.700000000000000        17.2504742491553     
  0.705000000000000        17.2505712539373     
  0.710000000000000        17.2506643700949     
  0.715000000000000        17.2507537631324     
  0.720000000000000        17.2508395910298     
  0.725000000000000        17.2509220045836     
  0.730000000000000        17.2510011477923     
  0.735000000000000        17.2510771581665     
  0.740000000000000        17.2511501670398     
  0.745000000000000        17.2512202998800     
  0.750000000000000        17.2512876765467     
  0.755000000000000        17.2513524115928     
  0.760000000000000        17.2514146144783     
  0.765000000000000        17.2514743898361     
  0.770000000000000        17.2515318377081     
  0.775000000000000        17.2515870537315     
  0.780000000000000        17.2516401293696     
  0.785000000000000        17.2516911521069     
  0.790000000000000        17.2517402056089     
  0.795000000000000        17.2517873699348     
  0.800000000000000        17.2518327216710     
  0.805000000000000        17.2518763341279     
  0.810000000000000        17.2519182774401     
  0.815000000000000        17.2519586187693     
  0.820000000000000        17.2519974223950     
  0.825000000000000        17.2520347498732     
  0.830000000000000        17.2520706601396     
  0.835000000000000        17.2521052096372     
  0.840000000000000        17.2521384524347     
  0.845000000000000        17.2521704403208     
  0.850000000000000        17.2522012229253     
  0.855000000000000        17.2522308477927     
  0.860000000000000        17.2522593604858     
  0.865000000000000        17.2522868046675     
  0.870000000000000        17.2523132221958     
  0.875000000000000        17.2523386532077     
  0.880000000000000        17.2523631311949     
  0.885000000000000        17.2523867035483     
  0.890000000000000        17.2524093952020     
  0.895000000000000        17.2524312503136     
  0.900000000000000        17.2524522960158     
  0.905000000000000        17.2524725634432     
  0.910000000000000        17.2524920826227     
  0.915000000000000        17.2525108822943     
  0.920000000000000        17.2525289900554     
  0.925000000000000        17.2525464323794     
  0.930000000000000        17.2525632346685     
  0.935000000000000        17.2525794213171     
  0.940000000000000        17.2525950157308     
  0.945000000000000        17.2526100403941     
  0.950000000000000        17.2526245168754     
  0.955000000000000        17.2526384921380     
  0.960000000000000        17.2526519300344     
  0.965000000000000        17.2526648805051     
  0.970000000000000        17.2526773612055     
  0.975000000000000        17.2526893898520     
  0.980000000000000        17.2527009832452     
  0.985000000000000        17.2527121838670     
  0.990000000000000        17.2527229512698     
  0.995000000000000        17.2527333312678     
   1.00000000000000        17.2527433375843     
