  5.000000000000000E-003   12.4624354088290     
  1.000000000000000E-002   12.8760577640754     
  1.500000000000000E-002   13.2424869749070     
  2.000000000000000E-002   13.5584863570747     
  2.500000000000000E-002   13.8426914469055     
  3.000000000000000E-002   14.0867495837719     
  3.500000000000000E-002   14.2997464374663     
  4.000000000000000E-002   14.4928868282103     
  4.500000000000000E-002   14.6611433931212     
  5.000000000000000E-002   14.8076383415665     
  5.500000000000000E-002   14.9368959701078     
  6.000000000000000E-002   15.0564465505889     
  6.500000000000000E-002   15.1561091458994     
  7.000000000000001E-002   15.2575345410907     
  7.500000000000000E-002   15.3466906252460     
  8.000000000000000E-002   15.4227747459117     
  8.500000000000001E-002   15.4948538268724     
  9.000000000000000E-002   15.5531771674804     
  9.500000000000000E-002   15.6069538044094     
  0.100000000000000        15.6577201263847     
  0.105000000000000        15.6992409180856     
  0.110000000000000        15.7421053077864     
  0.115000000000000        15.7798353393460     
  0.120000000000000        15.8174674225979     
  0.125000000000000        15.8461034934358     
  0.130000000000000        15.8725626166889     
  0.135000000000000        15.8959293529502     
  0.140000000000000        15.9166162594304     
  0.145000000000000        15.9441246674623     
  0.150000000000000        15.9654734592978     
  0.155000000000000        15.9883931030541     
  0.160000000000000        16.0065619339214     
  0.165000000000000        16.0270122545483     
  0.170000000000000        16.0452389277473     
  0.175000000000000        16.0558290142263     
  0.180000000000000        16.0664173493212     
  0.185000000000000        16.0782754372783     
  0.190000000000000        16.0898295417433     
  0.195000000000000        16.0980432313284     
  0.200000000000000        16.1093249286776     
  0.205000000000000        16.1166338088608     
  0.210000000000000        16.1269448495850     
  0.215000000000000        16.1329522997967     
  0.220000000000000        16.1387445273307     
  0.225000000000000        16.1455825872729     
  0.230000000000000        16.1505582066570     
  0.235000000000000        16.1551722872408     
  0.240000000000000        16.1594151260500     
  0.245000000000000        16.1633915136468     
  0.250000000000000        16.1670859152211     
  0.255000000000000        16.1705203752231     
  0.260000000000000        16.1737150427555     
  0.265000000000000        16.1766883504612     
  0.270000000000000        16.1792253875732     
  0.275000000000000        16.1818051292340     
  0.280000000000000        16.1842100385387     
  0.285000000000000        16.1864531305873     
  0.290000000000000        16.1885463591341     
  0.295000000000000        16.1905007112090     
  0.300000000000000        16.1923262925129     
  0.305000000000000        16.1954531996365     
  0.310000000000000        16.2000093509046     
  0.315000000000000        16.2015055079285     
  0.320000000000000        16.2029056981992     
  0.325000000000000        16.2042166582251     
  0.330000000000000        16.2090689381096     
  0.335000000000000        16.2102219428450     
  0.340000000000000        16.2113028603112     
  0.345000000000000        16.2123166154062     
  0.350000000000000        16.2132677666195     
  0.355000000000000        16.2139192857954     
  0.360000000000000        16.2147575671876     
  0.365000000000000        16.2155450060171     
  0.370000000000000        16.2162849663336     
  0.375000000000000        16.2169805701857     
  0.380000000000000        16.2176347165047     
  0.385000000000000        16.2182500983826     
  0.390000000000000        16.2188292188999     
  0.395000000000000        16.2193744056360     
  0.400000000000000        16.2198878250304     
  0.405000000000000        16.2203714821331     
  0.410000000000000        16.2208272754791     
  0.415000000000000        16.2212569362090     
  0.420000000000000        16.2216620996920     
  0.425000000000000        16.2220442832949     
  0.430000000000000        16.2224049047856     
  0.435000000000000        16.2227452863909     
  0.440000000000000        16.2230666627088     
  0.445000000000000        16.2233701867195     
  0.450000000000000        16.2236569356354     
  0.455000000000000        16.2239279163116     
  0.460000000000000        16.2241840701614     
  0.465000000000000        16.2244262777592     
  0.470000000000000        16.2246553631030     
  0.475000000000000        16.2248720975134     
  0.480000000000000        16.2250772032589     
  0.485000000000000        16.2252713569444     
  0.490000000000000        16.2254551934078     
  0.495000000000000        16.2256292971291     
  0.500000000000000        16.2257942468663     
  0.505000000000000        16.2259505483688     
  0.510000000000000        16.2260986981362     
  0.515000000000000        16.2262391548329     
  0.520000000000000        16.2263723515270     
  0.525000000000000        16.2264986947287     
  0.530000000000000        16.2266185569262     
  0.535000000000000        16.2267323177087     
  0.540000000000000        16.2268402973653     
  0.545000000000000        16.2269428189477     
  0.550000000000000        16.2270401789735     
  0.555000000000000        16.2271326597311     
  0.560000000000000        16.2272205153317     
  0.565000000000000        16.2273040162350     
  0.570000000000000        16.2273833796896     
  0.575000000000000        16.2274588324743     
  0.580000000000000        16.2275305808224     
  0.585000000000000        16.2275988215665     
  0.590000000000000        16.2276637394704     
  0.595000000000000        16.2277255090907     
  0.600000000000000        16.2277842949704     
  0.605000000000000        16.2278402524468     
  0.610000000000000        16.2278935281369     
  0.615000000000000        16.2279442604873     
  0.620000000000000        16.2279925802132     
  0.625000000000000        16.2280386108124     
  0.630000000000000        16.2280824689988     
  0.635000000000000        16.2281242650613     
  0.640000000000000        16.2281641032704     
  0.645000000000000        16.2282020822105     
  0.650000000000000        16.2282382951693     
  0.655000000000000        16.2282728303484     
  0.660000000000000        16.2283057712485     
  0.665000000000000        16.2283371969030     
  0.670000000000000        16.2283671821178     
  0.675000000000000        16.2283957977351     
  0.680000000000000        16.2284231108694     
  0.685000000000000        16.2284491850813     
  0.690000000000000        16.2284740806129     
  0.695000000000000        16.2284978545695     
  0.700000000000000        16.2285205610664     
  0.705000000000000        16.2285422514380     
  0.710000000000000        16.2285629743547     
  0.715000000000000        16.2285827759948     
  0.720000000000000        16.2286017001796     
  0.725000000000000        16.2286197884690     
  0.730000000000000        16.2286370803403     
  0.735000000000000        16.2286536132681     
  0.740000000000000        16.2286694228208     
  0.745000000000000        16.2286845428128     
  0.750000000000000        16.2286990053205     
  0.755000000000000        16.2287128408784     
  0.760000000000000        16.2287260784517     
  0.765000000000000        16.2287387455946     
  0.770000000000000        16.2287508685174     
  0.775000000000000        16.2287624721142     
  0.780000000000000        16.2287735800838     
  0.785000000000000        16.2287842149652     
  0.790000000000000        16.2287943981856     
  0.795000000000000        16.2288041501588     
  0.800000000000000        16.2288134902887     
  0.805000000000000        16.2288224370823     
  0.810000000000000        16.2288310081017     
  0.815000000000000        16.2288392201368     
  0.820000000000000        16.2288470891309     
  0.825000000000000        16.2288546302955     
  0.830000000000000        16.2288618581133     
  0.835000000000000        16.2288687863759     
  0.840000000000000        16.2288754282478     
  0.845000000000000        16.2288817962513     
  0.850000000000000        16.2288879023705     
  0.855000000000000        16.2288937579857     
  0.860000000000000        16.2288993739693     
  0.865000000000000        16.2289047606761     
  0.870000000000000        16.2289099280086     
  0.875000000000000        16.2289148854115     
  0.880000000000000        16.2289196424397     
  0.885000000000000        16.2289241984967     
  0.890000000000000        16.2289285834407     
  0.895000000000000        16.2289327785880     
  0.900000000000000        16.2289368185526     
  0.905000000000000        16.2289406915767     
  0.910000000000000        16.2289444111132     
  0.915000000000000        16.2289479816076     
  0.920000000000000        16.2289514100396     
  0.925000000000000        16.2289547021445     
  0.930000000000000        16.2289578636864     
  0.935000000000000        16.2289609001012     
  0.940000000000000        16.2289638165934     
  0.945000000000000        16.2289666181508     
  0.950000000000000        16.2289693094942     
  0.955000000000000        16.2289719286550     
  0.960000000000000        16.2289744076425     
  0.965000000000000        16.2325616944827     
  0.970000000000000        16.2325639906936     
  0.975000000000000        16.2325661971172     
  0.980000000000000        16.2325683185265     
  0.985000000000000        16.2325703912232     
  0.990000000000000        16.2325723463206     
  0.995000000000000        16.2325742237023     
   1.00000000000000        16.2325760331245     
