  5.000000000000000E-003   33.5562014263267     
  1.000000000000000E-002   33.6999178646402     
  1.500000000000000E-002   33.8421785089144     
  2.000000000000000E-002   33.9936350901659     
  2.500000000000000E-002   34.1387554785039     
  3.000000000000000E-002   34.2790760973103     
  3.500000000000000E-002   34.4152543621855     
  4.000000000000000E-002   34.5476085637549     
  4.500000000000000E-002   34.6763003278787     
  5.000000000000000E-002   34.8014099315126     
  5.500000000000000E-002   34.9229726784215     
  6.000000000000000E-002   35.0409990349524     
  6.500000000000000E-002   35.1554871480068     
  7.000000000000001E-002   35.2664313258460     
  7.500000000000000E-002   35.3738280631866     
  8.000000000000000E-002   35.4776803516833     
  8.500000000000001E-002   35.5780006581205     
  9.000000000000000E-002   35.6748128047160     
  9.500000000000000E-002   35.7681529298342     
  0.100000000000000        35.8580696883613     
  0.105000000000000        35.9446238433131     
  0.110000000000000        36.0278873930579     
  0.115000000000000        36.1079423679717     
  0.120000000000000        36.1848794155412     
  0.125000000000000        36.2587962758658     
  0.130000000000000        36.3297962309674     
  0.135000000000000        36.3979865927986     
  0.140000000000000        36.4634772781865     
  0.145000000000000        36.5263795034315     
  0.150000000000000        36.5868046189440     
  0.155000000000000        36.6448630935393     
  0.160000000000000        36.7006636503230     
  0.165000000000000        36.7543125497432     
  0.170000000000000        36.8059130114595     
  0.175000000000000        36.8555647636262     
  0.180000000000000        36.9033637069222     
  0.185000000000000        36.9494016797280     
  0.190000000000000        36.9937663110720     
  0.195000000000000        37.0365409483016     
  0.200000000000000        37.0778046473965     
  0.205000000000000        37.1176322147767     
  0.210000000000000        37.1560942906282     
  0.215000000000000        37.1932574648027     
  0.220000000000000        37.2291844177375     
  0.225000000000000        37.2639340795945     
  0.230000000000000        37.2975618020361     
  0.235000000000000        37.3301195379781     
  0.240000000000000        37.3616560252379     
  0.245000000000000        37.3922169710541     
  0.250000000000000        37.4218452347909     
  0.255000000000000        37.4505810069163     
  0.260000000000000        37.4784619825521     
  0.265000000000000        37.5055235285832     
  0.270000000000000        37.5317988434663     
  0.275000000000000        37.5573191090672     
  0.280000000000000        37.5821136343410     
  0.285000000000000        37.6062099906572     
  0.290000000000000        37.6296341387346     
  0.295000000000000        37.6524105473452     
  0.300000000000000        37.6745623039607     
  0.305000000000000        37.6961112176624     
  0.310000000000000        37.7170779145347     
  0.315000000000000        37.7374819259957     
  0.320000000000000        37.7573417704093     
  0.325000000000000        37.7766750283350     
  0.330000000000000        37.7954984118199     
  0.335000000000000        37.8138278281270     
  0.340000000000000        37.8316784383156     
  0.345000000000000        37.8490647109167     
  0.350000000000000        37.8660004712529     
  0.355000000000000        37.8824989465289     
  0.360000000000000        37.8985728071732     
  0.365000000000000        37.9142342046757     
  0.370000000000000        37.9294948061862     
  0.375000000000000        37.9443658261666     
  0.380000000000000        37.9588580553406     
  0.385000000000000        37.9729818871844     
  0.390000000000000        37.9867473421480     
  0.395000000000000        38.0001640898264     
  0.400000000000000        38.0132414692364     
  0.405000000000000        38.0259885074196     
  0.410000000000000        38.0384139364502     
  0.415000000000000        38.0505262090636     
  0.420000000000000        38.0623335130226     
  0.425000000000000        38.0738437842523     
  0.430000000000000        38.0850647189720     
  0.435000000000000        38.0960037849043     
  0.440000000000000        38.1066682315232     
  0.445000000000000        38.1170650995870     
  0.450000000000000        38.1272012299716     
  0.455000000000000        38.1370832718097     
  0.460000000000000        38.1467176900860     
  0.465000000000000        38.1561107726650     
  0.470000000000000        38.1652686369110     
  0.475000000000000        38.1741972358220     
  0.480000000000000        38.1829023637479     
  0.485000000000000        38.1913896618348     
  0.490000000000000        38.1996646230845     
  0.495000000000000        38.2077325971184     
  0.500000000000000        38.2155987947302     
  0.505000000000000        38.2232682921434     
  0.510000000000000        38.2307460350396     
  0.515000000000000        38.2380368424656     
  0.520000000000000        38.2451454104605     
  0.525000000000000        38.2520763155657     
  0.530000000000000        38.2588340182031     
  0.535000000000000        38.2654228658202     
  0.540000000000000        38.2718470960301     
  0.545000000000000        38.2781108395099     
  0.550000000000000        38.2842181228857     
  0.555000000000000        38.2901728714642     
  0.560000000000000        38.2959789118486     
  0.565000000000000        38.3016399745232     
  0.570000000000000        38.3071596963216     
  0.575000000000000        38.3125416228067     
  0.580000000000000        38.3177892105924     
  0.585000000000000        38.3229058296120     
  0.590000000000000        38.3278947652664     
  0.595000000000000        38.3327592205793     
  0.600000000000000        38.3375023182446     
  0.605000000000000        38.3421271026328     
  0.610000000000000        38.3466365417451     
  0.615000000000000        38.3510335291224     
  0.620000000000000        38.3553208856635     
  0.625000000000000        38.3595013614950     
  0.630000000000000        38.3635776376498     
  0.635000000000000        38.3675523278543     
  0.640000000000000        38.3714279801272     
  0.645000000000000        38.3752070784990     
  0.650000000000000        38.3788920445111     
  0.655000000000000        38.3824852388214     
  0.660000000000000        38.3859889627146     
  0.665000000000000        38.3894054595756     
  0.670000000000000        38.3927369162947     
  0.675000000000000        38.3959854647537     
  0.680000000000000        38.3991531831023     
  0.685000000000000        38.4022420971759     
  0.690000000000000        38.4052541817793     
  0.695000000000000        38.4081913619297     
  0.700000000000000        38.4110555141547     
  0.705000000000000        38.4138484676777     
  0.710000000000000        38.4165720056049     
  0.715000000000000        38.4192278660952     
  0.720000000000000        38.4218177434681     
  0.725000000000000        38.4243432893280     
  0.730000000000000        38.4268061136505     
  0.735000000000000        38.4292077857764     
  0.740000000000000        38.4315498354797     
  0.745000000000000        38.4338337539693     
  0.750000000000000        38.4360609948437     
  0.755000000000000        38.4382329750418     
  0.760000000000000        38.4403510757839     
  0.765000000000000        38.4424166434569     
  0.770000000000000        38.4444309905093     
  0.775000000000000        38.4463953963079     
  0.780000000000000        38.4483111079688     
  0.785000000000000        38.4501793411786     
  0.790000000000000        38.4520012809924     
  0.795000000000000        38.4537780826259     
  0.800000000000000        38.4555108721706     
  0.805000000000000        38.4572007473809     
  0.810000000000000        38.4588487783509     
  0.815000000000000        38.4604560082653     
  0.820000000000000        38.4620234540230     
  0.825000000000000        38.4635521069554     
  0.830000000000000        38.4650429334532     
  0.835000000000000        38.4664968756170     
  0.840000000000000        38.4679148518241     
  0.845000000000000        38.4692977573896     
  0.850000000000000        38.4706464651498     
  0.855000000000000        38.4719618259706     
  0.860000000000000        38.4732446693809     
  0.865000000000000        38.4744958040743     
  0.870000000000000        38.4757160184365     
  0.875000000000000        38.4769060810771     
  0.880000000000000        38.4780667413337     
  0.885000000000000        38.4791987297304     
  0.890000000000000        38.4803027584947     
  0.895000000000000        38.4813795220038     
  0.900000000000000        38.4824296972086     
  0.905000000000000        38.4834539441520     
  0.910000000000000        38.4844529063206     
  0.915000000000000        38.4854272110896     
  0.920000000000000        38.4863774701430     
  0.925000000000000        38.4873042798694     
  0.930000000000000        38.4882082217387     
  0.935000000000000        38.4890898626710     
  0.940000000000000        38.4899497554383     
  0.945000000000000        38.4907884389863     
  0.950000000000000        38.4916064388072     
  0.955000000000000        38.4924042672687     
  0.960000000000000        38.4931824239559     
  0.965000000000000        38.4939413959777     
  0.970000000000000        38.4946816582884     
  0.975000000000000        38.4954036740176     
  0.980000000000000        38.4961078947229     
  0.985000000000000        38.4967947607239     
  0.990000000000000        38.4974647013635     
  0.995000000000000        38.4981181352904     
   1.00000000000000        38.4987554707274     
   1.00500000000000        38.4993771057413     
   1.01000000000000        38.4999834284700     
   1.01500000000000        38.5005748174231     
   1.02000000000000        38.5011516416767     
   1.02500000000000        38.5017142611227     
   1.03000000000000        38.5022630267405     
   1.03500000000000        38.5027982807347     
   1.04000000000000        38.5033203568491     
   1.04500000000000        38.5038295805107     
   1.05000000000000        38.5043262690812     
   1.05500000000000        38.5048107320389     
   1.06000000000000        38.5052832711569     
   1.06500000000000        38.5057441807654     
   1.07000000000000        38.5061937478420     
   1.07500000000000        38.5066322522910     
   1.08000000000000        38.5070599670211     
   1.08500000000000        38.5074771582458     
   1.09000000000000        38.5078840855090     
   1.09500000000000        38.5082810019638     
   1.10000000000000        38.5086681544782     
   1.10500000000000        38.5090457838131     
   1.11000000000000        38.5094141247515     
   1.11500000000000        38.5097734062778     
   1.12000000000000        38.5101238516893     
   1.12500000000000        38.5104656787775     
   1.13000000000000        38.5107990999398     
   1.13500000000000        38.5111243222829     
   1.14000000000000        38.5114415478557     
   1.14500000000000        38.5117509736559     
   1.15000000000000        38.5120527918255     
   1.15500000000000        38.5123471897500     
   1.16000000000000        38.5126343502165     
   1.16500000000000        38.5129144514416     
   1.17000000000000        38.5131876672701     
   1.17500000000000        38.5134541672582     
   1.18000000000000        38.5137141167486     
   1.18500000000000        38.5139676770051     
   1.19000000000000        38.5142150053266     
   1.19500000000000        38.5144562551138     
   1.20000000000000        38.5146915759764     
   1.20500000000000        38.5149211138510     
   1.21000000000000        38.5151450110389     
   1.21500000000000        38.5153634063613     
   1.22000000000000        38.5155764352068     
   1.22500000000000        38.5157842296106     
   1.23000000000000        38.5159869183450     
   1.23500000000000        38.5161846270413     
   1.24000000000000        38.5163774782082     
   1.24500000000000        38.5165655913164     
   1.25000000000000        38.5167490829205     
   1.25500000000000        38.5169280666987     
   1.26000000000000        38.5171026535141     
   1.26500000000000        38.5172729514859     
   1.27000000000000        38.5174390661189     
   1.27500000000000        38.5176011002542     
   1.28000000000000        38.5177591542362     
   1.28500000000000        38.5179133259276     
   1.29000000000000        38.5180637107953     
   1.29500000000000        38.5182104019147     
   1.30000000000000        38.5183534901172     
   1.30500000000000        38.5184930639692     
   1.31000000000000        38.5186292098546     
   1.31500000000000        38.5187620120462     
   1.32000000000000        38.5188915527161     
   1.32500000000000        38.5190179120474     
   1.33000000000000        38.5191411682225     
   1.33500000000000        38.5192613975093     
   1.34000000000000        38.5193786743021     
   1.34500000000000        38.5194930711436     
   1.35000000000000        38.5196046588274     
   1.35500000000000        38.5197135063660     
   1.36000000000000        38.5198196811175     
   1.36500000000000        38.5199232487187     
   1.37000000000000        38.5200242732625     
   1.37500000000000        38.5201228172155     
   1.38000000000000        38.5202189415300     
   1.38500000000000        38.5203127056482     
   1.39000000000000        38.5204041675686     
   1.39500000000000        38.5204933838328     
   1.40000000000000        38.5205804096131     
   1.40500000000000        38.5206652987271     
   1.41000000000000        38.5207481036534     
   1.41500000000000        38.5208288756043     
   1.42000000000000        38.5209076644922     
   1.42500000000000        38.5209845190530     
   1.43000000000000        38.5210594867761     
   1.43500000000000        38.5211326140285     
   1.44000000000000        38.5212039459931     
   1.44500000000000        38.5212735267874     
   1.45000000000000        38.5213413993903     
   1.45500000000000        38.5214076057944     
   1.46000000000000        38.5214721868736     
   1.46500000000000        38.5215351825866     
   1.47000000000000        38.5215966318271     
   1.47500000000000        38.5216565726175     
   1.48000000000000        38.5217150419569     
   1.48500000000000        38.5217720760120     
   1.49000000000000        38.5218277100179     
   1.49500000000000        38.5218819783441     
   1.50000000000000        38.5219349145412     
   1.50500000000000        38.5219865513117     
   1.51000000000000        38.5220369205604     
   1.51500000000000        38.5220860534260     
   1.52000000000000        38.5221339802317     
   1.52500000000000        38.5221807306437     
   1.53000000000000        38.5222263334981     
   1.53500000000000        38.5222708169873     
   1.54000000000000        38.5223142086070     
   1.54500000000000        38.5223565351435     
   1.55000000000000        38.5223978227491     
   1.55500000000000        38.5224380969605     
   1.56000000000000        38.5224773826156     
   1.56500000000000        38.5225157040150     
   1.57000000000000        38.5225530848296     
   1.57500000000000        38.5225895481272     
   1.58000000000000        38.5226251164532     
   1.58500000000000        38.5226598117882     
   1.59000000000000        38.5226936555356     
   1.59500000000000        38.5227266686257     
   1.60000000000000        38.5227588714306     
   1.60500000000000        38.5227902838540     
   1.61000000000000        38.5228209252994     
   1.61500000000000        38.5228508146940     
   1.62000000000000        38.5228799704905     
   1.62500000000000        38.5229084107010     
   1.63000000000000        38.5229361528969     
   1.63500000000000        38.5229632142134     
   1.64000000000000        38.5229896113399     
   1.64500000000000        38.5230153606091     
   1.65000000000000        38.5230404779204     
   1.65500000000000        38.5230649787663     
   1.66000000000000        38.5230888783097     
   1.66500000000000        38.5231121912786     
   1.67000000000000        38.5231349320936     
   1.67500000000000        38.5231571147834     
   1.68000000000000        38.5231787530621     
   1.68500000000000        38.5231998602805     
   1.69000000000000        38.5232204494806     
   1.69500000000000        38.5232405333758     
   1.70000000000000        38.5232601243624     
   1.70500000000000        38.5232792345496     
   1.71000000000000        38.5232978757343     
   1.71500000000000        38.5233160594264     
   1.72000000000000        38.5233337968570     
   1.72500000000000        38.5233510989743     
   1.73000000000000        38.5233679764672     
   1.73500000000000        38.5233844397685     
   1.74000000000000        38.5234004990223     
   1.74500000000000        38.5234161641594     
   1.75000000000000        38.5234314448431     
   1.75500000000000        38.5234463505245     
   1.76000000000000        38.5234608903987     
   1.76500000000000        38.5234750734416     
   1.77000000000000        38.5234889084085     
   1.77500000000000        38.5235024038521     
   1.78000000000000        38.5235155681022     
   1.78500000000000        38.5235284092801     
   1.79000000000000        38.5235409353305     
   1.79500000000000        38.5235531539676     
   1.80000000000000        38.5235650727490     
   1.80500000000000        38.5235766990337     
   1.81000000000000        38.5235880399963     
   1.81500000000000        38.5235991026421     
   1.82000000000000        38.5236098937969     
   1.82500000000000        38.5236204201324     
   1.83000000000000        38.5236306881360     
   1.83500000000000        38.5236407041561     
   1.84000000000000        38.5236504743877     
   1.84500000000000        38.5236600048339     
   1.85000000000000        38.5236693014026     
   1.85500000000000        38.5236783698350     
   1.86000000000000        38.5236872157128     
   1.86500000000000        38.5236958445147     
   1.87000000000000        38.5237042615477     
   1.87500000000000        38.5237124720420     
   1.88000000000000        38.5237204810234     
   1.88500000000000        38.5237282934764     
   1.89000000000000        38.5237359142085     
   1.89500000000000        38.5237433479210     
   1.90000000000000        38.5237505992035     
   1.90500000000000        38.5237576725466     
   1.91000000000000        38.5237645722958     
   1.91500000000000        38.5237713027316     
   1.92000000000000        38.5237778679914     
   1.92500000000000        38.5237842721484     
   1.93000000000000        38.5237905191330     
   1.93500000000000        38.5237966128242     
   1.94000000000000        38.5238025569723     
   1.94500000000000        38.5238083552534     
   1.95000000000000        38.5238140112391     
   1.95500000000000        38.5238195284234     
   1.96000000000000        38.5238249102224     
   1.96500000000000        38.5238301599467     
   1.97000000000000        38.5238352808458     
   1.97500000000000        38.5238402760774     
   1.98000000000000        38.5238451487146     
   1.98500000000000        38.5238499017868     
   1.99000000000000        38.5238545382197     
   1.99500000000000        38.5238590608732     
   2.00000000000000        38.5238634725394     
   2.00500000000000        38.5238677759424     
   2.01000000000000        38.5238719737451     
   2.01500000000000        38.5238760685250     
   2.02000000000000        38.5238800628295     
   2.02500000000000        38.5238839591119     
   2.03000000000000        38.5238877597658     
   2.03500000000000        38.5238914671710     
   2.04000000000000        38.5238950835881     
   2.04500000000000        38.5238986112566     
   2.05000000000000        38.5239020523673     
   2.05500000000000        38.5239054090212     
   2.06000000000000        38.5239086833070     
   2.06500000000000        38.5239118772335     
   2.07000000000000        38.5239149927981     
   2.07500000000000        38.5239180318969     
   2.08000000000000        38.5239209964178     
   2.08500000000000        38.5239238881943     
   2.09000000000000        38.5239267090062     
   2.09500000000000        38.5239294605918     
   2.10000000000000        38.5239321446625     
   2.10500000000000        38.5239347628583     
   2.11000000000000        38.5239373168096     
   2.11500000000000        38.5239398080814     
   2.12000000000000        38.5239422382206     
   2.12500000000000        38.5239446087334     
   2.13000000000000        38.5239469210645     
   2.13500000000000        38.5239491766525     
   2.14000000000000        38.5239513768908     
   2.14500000000000        38.5239535231387     
   2.15000000000000        38.5239556167166     
   2.15500000000000        38.5239576589146     
   2.16000000000000        38.5239596510075     
   2.16500000000000        38.5239615942027     
   2.17000000000000        38.5239634897214     
   2.17500000000000        38.5239653387144     
   2.18000000000000        38.5239671423419     
   2.18500000000000        38.5239689017054     
   2.19000000000000        38.5239706179034     
   2.19500000000000        38.5239722919777     
   2.20000000000000        38.5239739249715     
   2.20500000000000        38.5239755179002     
   2.21000000000000        38.5239770717281     
   2.21500000000000        38.5239785874344     
   2.22000000000000        38.5239800659426     
   2.22500000000000        38.5239815081567     
   2.23000000000000        38.5239829149968     
   2.23500000000000        38.5239842873109     
   2.24000000000000        38.5239856259453     
   2.24500000000000        38.5239869317297     
   2.25000000000000        38.5239882054716     
   2.25500000000000        38.5239894479572     
   2.26000000000000        38.5239906599532     
   2.26500000000000        38.5239918422020     
   2.27000000000000        38.5239929954474     
   2.27500000000000        38.5239941203870     
   2.28000000000000        38.5239952177195     
   2.28500000000000        38.5239962881314     
   2.29000000000000        38.5239973322692     
   2.29500000000000        38.5239983507833     
   2.30000000000000        38.5239993443070     
   2.30500000000000        38.5240003134465     
   2.31000000000000        38.5240012588113     
   2.31500000000000        38.5240021809724     
   2.32000000000000        38.5240030805038     
   2.32500000000000        38.5240039579613     
   2.33000000000000        38.5240048138969     
   2.33500000000000        38.5240056488112     
   2.34000000000000        38.5240064632373     
   2.34500000000000        38.5240072576958     
   2.35000000000000        38.5240080326497     
   2.35500000000000        38.5240087885773     
   2.36000000000000        38.5240095259605     
   2.36500000000000        38.5240102452497     
   2.37000000000000        38.5240109468878     
   2.37500000000000        38.5240116313146     
   2.38000000000000        38.5240122989338     
   2.38500000000000        38.5240129501741     
   2.39000000000000        38.5240135854428     
   2.39500000000000        38.5240142051106     
   2.40000000000000        38.5240148095785     
   2.40500000000000        38.5240153992024     
   2.41000000000000        38.5240159743743     
   2.41500000000000        38.5240165354203     
   2.42000000000000        38.5240170827027     
   2.42500000000000        38.5240176165584     
   2.43000000000000        38.5240181372998     
   2.43500000000000        38.5240186452751     
   2.44000000000000        38.5240191407843     
   2.44500000000000        38.5240196241332     
   2.45000000000000        38.5240200956112     
   2.45500000000000        38.5240205555319     
   2.46000000000000        38.5240210041638     
   2.46500000000000        38.5240214417817     
   2.47000000000000        38.5240218686607     
   2.47500000000000        38.5240222850738     
   2.48000000000000        38.5240226912524     
   2.48500000000000        38.5240230874742     
   2.49000000000000        38.5240234739710     
   2.49500000000000        38.5240238509905     
   2.50000000000000        38.5240242187395     
