# time[s]   eps[1/s]   eps_tail[1/s]   eps_shape[1/s]   eps_tail_shape[1/s]
   5.0000000E-01   1.6889989E+00   3.8596467E-01   1.5134298E+00   3.8295997E-01
   7.5000000E-01   5.1421497E-01   1.2189009E-01   3.4783551E-01   1.2186972E-01
   1.0000000E+00   1.4786965E-01   3.6027493E-02   9.0855249E-02   3.6017633E-02
   1.2500000E+00   4.2539646E-02   1.0449584E-02   2.5407581E-02   1.0445668E-02
   1.5000000E+00   1.2263704E-02   3.0196076E-03   7.2642823E-03   3.0183348E-03
   1.7500000E+00   3.5389616E-03   8.7196691E-04   2.0912057E-03   8.7158440E-04
   2.0000000E+00   1.0216131E-03   2.5176529E-04   6.0325600E-04   2.5165342E-04
   2.2500000E+00   2.9495038E-04   7.2691397E-05   1.7413071E-04   7.2658967E-05
   2.5000000E+00   8.5158480E-05   2.0987902E-05   5.0272279E-05   2.0978527E-05
