  5.000000000000000E-003  0.000000000000000E+000
  1.000000000000000E-002  0.000000000000000E+000
  1.500000000000000E-002  0.000000000000000E+000
  2.000000000000000E-002   22.5953755578388     
  2.500000000000000E-002   22.5869479104886     
  3.000000000000000E-002   22.5786541152100     
  3.500000000000000E-002   22.5704133079224     
  4.000000000000000E-002   22.5621902434448     
  4.500000000000000E-002   22.5539671642122     
  5.000000000000000E-002   22.5457345101462     
  5.500000000000000E-002   22.5374872935757     
  6.000000000000000E-002   22.5292235156947     
  6.500000000000000E-002   22.5209434026042     
  7.000000000000001E-002   22.5126489855950     
  7.500000000000000E-002   22.5043438230852     
  8.000000000000000E-002   22.4960327749663     
  8.500000000000001E-002   22.4877217919083     
  9.000000000000000E-002   22.4794177070365     
  9.500000000000000E-002   22.4711280291569     
  0.100000000000000        22.4628607416516     
  0.105000000000000        22.4546241124812     
  0.110000000000000        22.4464265202201     
  0.115000000000000        22.4382762997334     
  0.120000000000000        22.4301816095807     
  0.125000000000000        22.4221503218276     
  0.130000000000000        22.4141899337868     
  0.135000000000000        22.4063075003705     
  0.140000000000000        22.3985095851731     
  0.145000000000000        22.3908022280920     
  0.150000000000000        22.3831909271810     
  0.155000000000000        22.3756806324503     
  0.160000000000000        22.3682757494604     
  0.165000000000000        22.3609801507341     
  0.170000000000000        22.3537971932338     
  0.175000000000000        22.3467297403765     
  0.180000000000000        22.3397801872849     
  0.185000000000000        22.3329504881845     
  0.190000000000000        22.3262421850484     
  0.195000000000000        22.3196564367671     
  0.200000000000000        22.3131940482649     
  0.205000000000000        22.3068554991191     
  0.210000000000000        22.3006409713413     
  0.215000000000000        22.2945503760762     
  0.220000000000000        22.2885833790398     
  0.225000000000000        22.2827394245898     
  0.230000000000000        22.2770177583587     
  0.235000000000000        22.2714174484254     
  0.240000000000000        22.2659374050272     
  0.245000000000000        22.2605763988407     
  0.250000000000000        22.2553330778686     
  0.255000000000000        22.2502059829940     
  0.260000000000000        22.2451935622569     
  0.265000000000000        22.2402941839301     
  0.270000000000000        22.2355061484553     
  0.275000000000000        22.2308276993201     
  0.280000000000000        22.2262570329424     
  0.285000000000000        22.2217923076329     
  0.290000000000000        22.2174316517054     
  0.295000000000000        22.2131731707968     
  0.300000000000000        22.2090149544618     
  0.305000000000000        22.2049550820995     
  0.310000000000000        22.2009916282651     
  0.315000000000000        22.1971226674216     
  0.320000000000000        22.1933462781767     
  0.325000000000000        22.1896605470516     
  0.330000000000000        22.1860635718204     
  0.335000000000000        22.1825534644615     
  0.340000000000000        22.1791283537540     
  0.345000000000000        22.1757863875522     
  0.350000000000000        22.1725257347692     
  0.355000000000000        22.1693445870927     
  0.360000000000000        22.1662411604659     
  0.365000000000000        22.1632136963483     
  0.370000000000000        22.1602604627806     
  0.375000000000000        22.1573797552766     
  0.380000000000000        22.1545698975520     
  0.385000000000000        22.1518292421133     
  0.390000000000000        22.1491561707153     
  0.395000000000000        22.1465490947065     
  0.400000000000000        22.1440064552669     
  0.405000000000000        22.1415267235588     
  0.410000000000000        22.1391084007898     
  0.415000000000000        22.1367500182054     
  0.420000000000000        22.1344501370155     
  0.425000000000000        22.1322073482628     
  0.430000000000000        22.1300202726407     
  0.435000000000000        22.1278875602644     
  0.440000000000000        22.1258078904045     
  0.445000000000000        22.1237799711847     
  0.450000000000000        22.1218025392491     
  0.455000000000000        22.1198743594046     
  0.460000000000000        22.1179942242398     
  0.465000000000000        22.1161609537254     
  0.470000000000000        22.1143733947988     
  0.475000000000000        22.1126304209334     
  0.480000000000000        22.1109309316996     
  0.485000000000000        22.1092738523156     
  0.490000000000000        22.1076581331907     
  0.495000000000000        22.1060827494646     
  0.500000000000000        22.1045467005427     
  0.505000000000000        22.1030490096298     
  0.510000000000000        22.1015887232607     
  0.515000000000000        22.1001649108347     
  0.520000000000000        22.0987766641484     
  0.525000000000000        22.0974230969307     
  0.530000000000000        22.0961033443832     
  0.535000000000000        22.0948165627201     
  0.540000000000000        22.0935619287169     
  0.545000000000000        22.0923386392592     
  0.550000000000000        22.0911459109008     
  0.555000000000000        22.0899829794236     
  0.560000000000000        22.0888490994066     
  0.565000000000000        22.0877435437982     
  0.570000000000000        22.0866656034983     
  0.575000000000000        22.0856145869427     
  0.580000000000000        22.0845898196984     
  0.585000000000000        22.0835906440636     
  0.590000000000000        22.0826164186750     
  0.595000000000000        22.0816665181229     
  0.600000000000000        22.0807403325725     
  0.605000000000000        22.0798372673943     
  0.610000000000000        22.0789567427978     
  0.615000000000000        22.0780981934786     
  0.620000000000000        22.0772610682659     
  0.625000000000000        22.0764448297826     
  0.630000000000000        22.0756489541099     
  0.635000000000000        22.0748729304587     
  0.640000000000000        22.0741162608499     
  0.645000000000000        22.0733784598011     
  0.650000000000000        22.0726590540173     
  0.655000000000000        22.0719575820945     
  0.660000000000000        22.0712735942224     
  0.665000000000000        22.0706066519016     
  0.670000000000000        22.0699563276601     
  0.675000000000000        22.0693222047820     
  0.680000000000000        22.0687038770389     
  0.685000000000000        22.0681009484288     
  0.690000000000000        22.0675130329214     
  0.695000000000000        22.0669397542092     
  0.700000000000000        22.0663807454635     
  0.705000000000000        22.0658356490985     
  0.710000000000000        22.0653041165380     
  0.715000000000000        22.0647858079902     
  0.720000000000000        22.0642803922274     
  0.725000000000000        22.0637875463696     
  0.730000000000000        22.0633069556754     
  0.735000000000000        22.0628383133362     
  0.740000000000000        22.0623813202771     
  0.745000000000000        22.0619356849622     
  0.750000000000000        22.0615011232020     
  0.755000000000000        22.0610773579711     
  0.760000000000000        22.0606641192244     
  0.765000000000000        22.0602611437229     
  0.770000000000000        22.0598681748606     
  0.775000000000000        22.0594849624958     
  0.780000000000000        22.0591112627895     
  0.785000000000000        22.0587468380442     
  0.790000000000000        22.0583914565493     
  0.795000000000000        22.0580448924293     
  0.800000000000000        22.0577069254955     
  0.805000000000000        22.0573773411024     
  0.810000000000000        22.0570559300077     
  0.815000000000000        22.0567424882339     
  0.820000000000000        22.0564368169361     
  0.825000000000000        22.0561387222721     
  0.830000000000000        22.0558480152742     
  0.835000000000000        22.0555645117269     
  0.840000000000000        22.0552880320462     
  0.845000000000000        22.0550184011610     
  0.850000000000000        22.0547554484014     
  0.855000000000000        22.0544990073835     
  0.860000000000000        22.0542489159044     
  0.865000000000000        22.0540050158331     
  0.870000000000000        22.0537671530099     
  0.875000000000000        22.0535351771439     
  0.880000000000000        22.0533089417162     
  0.885000000000000        22.0530883038833     
  0.890000000000000        22.0528731243851     
  0.895000000000000        22.0526632674536     
  0.900000000000000        22.0524586007235     
  0.905000000000000        22.0522589951488     
  0.910000000000000        22.0520643249157     
  0.915000000000000        22.0518744673626     
  0.920000000000000        22.0516893029000     
  0.925000000000000        22.0515087149331     
  0.930000000000000        22.0513325897848     
  0.935000000000000        22.0511608166237     
  0.940000000000000        22.0509932873907     
  0.945000000000000        22.0508298967302     
  0.950000000000000        22.0506705419206     
  0.955000000000000        22.0505151228088     
  0.960000000000000        22.0503635417449     
  0.965000000000000        22.0502157035183     
  0.970000000000000        22.0500715152982     
  0.975000000000000        22.0499308865712     
  0.980000000000000        22.0497937290840     
  0.985000000000000        22.0496599567873     
  0.990000000000000        22.0495294857777     
  0.995000000000000        22.0494022342468     
   1.00000000000000        22.0492781224254     
   1.00500000000000        22.0491570725345     
   1.01000000000000        22.0490390087347     
   1.01500000000000        22.0489238570755     
   1.02000000000000        22.0488115454505     
   1.02500000000000        22.0487020035493     
   1.03000000000000        22.0485951628129     
   1.03500000000000        22.0484909563891     
   1.04000000000000        22.0483893190917     
   1.04500000000000        22.0482901873547     
   1.05000000000000        22.0481934991958     
   1.05500000000000        22.0480991941743     
   1.06000000000000        22.0480072133519     
   1.06500000000000        22.0479174992579     
   1.07000000000000        22.0478299958491     
   1.07500000000000        22.0477446484757     
   1.08000000000000        22.0476614038467     
   1.08500000000000        22.0475802099941     
   1.09000000000000        22.0475010162419     
   1.09500000000000        22.0474237731726     
   1.10000000000000        22.0473484325949     
   1.10500000000000        22.0472749475154     
   1.11000000000000        22.0472032721063     
   1.11500000000000        22.0471333616765     
   1.12000000000000        22.0470651726454     
   1.12500000000000        22.0469986625119     
   1.13000000000000        22.0469337898305     
   1.13500000000000        22.0468705141818     
   1.14000000000000        22.0468087961504     
   1.14500000000000        22.0467485972961     
   1.15000000000000        22.0466898801330     
   1.15500000000000        22.0466326081030     
   1.16000000000000        22.0465767455544     
   1.16500000000000        22.0465222577185     
   1.17000000000000        22.0464691106873     
   1.17500000000000        22.0464172713928     
   1.18000000000000        22.0463667075862     
   1.18500000000000        22.0463173878159     
   1.19000000000000        22.0462692814096     
   1.19500000000000        22.0462223584539     
   1.20000000000000        22.0461765897753     
   1.20500000000000        22.0461319469226     
   1.21000000000000        22.0460884021471     
   1.21500000000000        22.0460459283881     
   1.22000000000000        22.0460044992524     
   1.22500000000000        22.0459640890003     
   1.23000000000000        22.0459246725285     
   1.23500000000000        22.0458862253538     
   1.24000000000000        22.0458487235979     
   1.24500000000000        22.0458121439734     
   1.25000000000000        22.0457764637672     
   1.25500000000000        22.0457416608280     
   1.26000000000000        22.0457077135512     
   1.26500000000000        22.0456746008666     
   1.27000000000000        22.0456423022233     
   1.27500000000000        22.0456107975785     
   1.28000000000000        22.0455800673841     
   1.28500000000000        22.0455500925742     
   1.29000000000000        22.0455208545540     
   1.29500000000000        22.0454923351874     
   1.30000000000000        22.0454645167861     
   1.30500000000000        22.0454373820974     
   1.31000000000000        22.0454109142954     
   1.31500000000000        22.0453850969687     
   1.32000000000000        22.0453599141104     
   1.32500000000000        22.0453353501090     
   1.33000000000000        22.0453113897379     
   1.33500000000000        22.0452880181454     
   1.34000000000000        22.0452652208466     
   1.34500000000000        22.0452429837137     
   1.35000000000000        22.0452212929670     
   1.35500000000000        22.0452001351662     
   1.36000000000000        22.0451794972026     
   1.36500000000000        22.0451593662906     
   1.37000000000000        22.0451397299597     
   1.37500000000000        22.0451205760462     
   1.38000000000000        22.0451018926868     
   1.38500000000000        22.0450836683101     
   1.39000000000000        22.0450658916293     
   1.39500000000000        22.0450485516365     
   1.40000000000000        22.0450316375945     
   1.40500000000000        22.0450151390311     
   1.41000000000000        22.0449990457304     
   1.41500000000000        22.0449833477299     
   1.42000000000000        22.0449680353115     
   1.42500000000000        22.0449530989967     
   1.43000000000000        22.0449385295394     
   1.43500000000000        22.0449243179231     
   1.44000000000000        22.0449104553512     
   1.44500000000000        22.0448969332449     
   1.45000000000000        22.0448837432361     
   1.45500000000000        22.0448708771627     
   1.46000000000000        22.0448583270634     
   1.46500000000000        22.0448460851731     
   1.47000000000000        22.0448341439171     
   1.47500000000000        22.0448224959079     
   1.48000000000000        22.0448111339395     
   1.48500000000000        22.0448000509831     
   1.49000000000000        22.0447892401826     
   1.49500000000000        22.0447786948509     
   1.50000000000000        22.0447684084653     
   1.50500000000000        22.0447583746635     
   1.51000000000000        22.0447485872396     
   1.51500000000000        22.0447390401410     
   1.52000000000000        22.0447297274628     
   1.52500000000000        22.0447206434462     
   1.53000000000000        22.0447117824736     
   1.53500000000000        22.0447031390660     
   1.54000000000000        22.0446947078785     
   1.54500000000000        22.0446864836983     
   1.55000000000000        22.0446784614398     
   1.55500000000000        22.0446706361437     
   1.56000000000000        22.0446630029714     
   1.56500000000000        22.0446555572043     
   1.57000000000000        22.0446482942391     
   1.57500000000000        22.0446412095859     
   1.58000000000000        22.0446342988651     
   1.58500000000000        22.0446275578049     
   1.59000000000000        22.0446209822384     
   1.59500000000000        22.0446145681010     
   1.60000000000000        22.0446083114284     
   1.60500000000000        22.0446022083530     
   1.61000000000000        22.0445962551032     
   1.61500000000000        22.0445904479995     
   1.62000000000000        22.0445847834521     
   1.62500000000000        22.0445792579615     
   1.63000000000000        22.0445738681118     
   1.63500000000000        22.0445686105731     
   1.64000000000000        22.0445634820955     
   1.64500000000000        22.0445584795106     
   1.65000000000000        22.0445535997264     
   1.65500000000000        22.0445488397281     
   1.66000000000000        22.0445441965739     
   1.66500000000000        22.0445396673951     
   1.67000000000000        22.0445352493935     
   1.67500000000000        22.0445309398387     
   1.68000000000000        22.0445267360682     
   1.68500000000000        22.0445226354847     
   1.69000000000000        22.0445186355548     
   1.69500000000000        22.0445147338069     
   1.70000000000000        22.0445109278309     
   1.70500000000000        22.0445072152751     
   1.71000000000000        22.0445035938458     
   1.71500000000000        22.0445000613062     
   1.72000000000000        22.0444966154739     
   1.72500000000000        22.0444932542196     
   1.73000000000000        22.0444899754675     
   1.73500000000000        22.0444867771918     
   1.74000000000000        22.0444836574170     
   1.74500000000000        22.0444806142158     
   1.75000000000000        22.0444776457087     
   1.75500000000000        22.0444747500616     
   1.76000000000000        22.0444719254860     
   1.76500000000000        22.0444691702373     
   1.77000000000000        22.0444664826135     
   1.77500000000000        22.0444638609547     
   1.78000000000000        22.0444613036414     
   1.78500000000000        22.0444588090941     
   1.79000000000000        22.0444563757721     
   1.79500000000000        22.0444540021722     
   1.80000000000000        22.0444516868288     
   1.80500000000000        22.0444494283117     
   1.81000000000000        22.0444472252256     
   1.81500000000000        22.0444450762106     
   1.82000000000000        22.0444429799389     
   1.82500000000000        22.0444409351156     
   1.83000000000000        22.0444389404788     
   1.83500000000000        22.0444369947958     
   1.84000000000000        22.0444350968652     
   1.84500000000000        22.0444332455147     
   1.85000000000000        22.0444314396012     
   1.85500000000000        22.0444296780097     
   1.86000000000000        22.0444279596516     
   1.86500000000000        22.0444262834662     
   1.87000000000000        22.0444246484183     
   1.87500000000000        22.0444230534983     
   1.88000000000000        22.0444214977207     
   1.88500000000000        22.0444199801256     
   1.89000000000000        22.0444184997749     
   1.89500000000000        22.0444170557552     
   1.90000000000000        22.0444156471747     
   1.90500000000000        22.0444142731633     
   1.91000000000000        22.0444129328726     
   1.91500000000000        22.0444116254749     
   1.92000000000000        22.0444103501631     
   1.92500000000000        22.0444091061494     
   1.93000000000000        22.0444078926660     
   1.93500000000000        22.0444067089631     
   1.94000000000000        22.0444055543101     
   1.94500000000000        22.0444044279939     
   1.95000000000000        22.0444033293192     
   1.95500000000000        22.0444022576074     
   1.96000000000000        22.0444012121968     
   1.96500000000000        22.0444001924419     
   1.97000000000000        22.0443991977130     
   1.97500000000000        22.0443982273958     
   1.98000000000000        22.0443972808915     
   1.98500000000000        22.0443963576154     
   1.99000000000000        22.0443954569974     
   1.99500000000000        22.0443945784815     
   2.00000000000000        22.0443937215253     
   2.00500000000000        22.0443928855996     
   2.01000000000000        22.0443920701881     
   2.01500000000000        22.0443912747877     
   2.02000000000000        22.0443904989071     
   2.02500000000000        22.0443897420671     
   2.03000000000000        22.0443890038006     
   2.03500000000000        22.0443882836519     
   2.04000000000000        22.0443875811759     
   2.04500000000000        22.0443868959395     
   2.05000000000000        22.0443862275186     
   2.05500000000000        22.0443855755016     
   2.06000000000000        22.0443849394853     
   2.06500000000000        22.0443843190774     
   2.07000000000000        22.0443837138945     
   2.07500000000000        22.0443831235630     
   2.08000000000000        22.0443825477187     
   2.08500000000000        22.0443819860060     
   2.09000000000000        22.0443814380776     
   2.09500000000000        22.0443809035960     
   2.10000000000000        22.0443803822306     
   2.10500000000000        22.0443798736595     
   2.11000000000000        22.0443793775692     
   2.11500000000000        22.0443788936528     
   2.12000000000000        22.0443784216121     
   2.12500000000000        22.0443779611555     
   2.13000000000000        22.0443775119983     
   2.13500000000000        22.0443770738638     
   2.14000000000000        22.0443766464811     
   2.14500000000000        22.0443762295863     
   2.15000000000000        22.0443758229226     
   2.15500000000000        22.0443754262381     
   2.16000000000000        22.0443750392886     
   2.16500000000000        22.0443746618347     
   2.17000000000000        22.0443742936437     
   2.17500000000000        22.0443739344880     
   2.18000000000000        22.0443735841462     
   2.18500000000000        22.0443732424014     
   2.19000000000000        22.0443729090434     
   2.19500000000000        22.0443725838658     
   2.20000000000000        22.0443722666681     
   2.20500000000000        22.0443719572547     
   2.21000000000000        22.0443716554340     
   2.21500000000000        22.0443713610202     
   2.22000000000000        22.0443710738312     
   2.22500000000000        22.0443707936896     
   2.23000000000000        22.0443705204231     
   2.23500000000000        22.0443702538621     
   2.24000000000000        22.0443699938427     
   2.24500000000000        22.0443697402040     
   2.25000000000000        22.0443694927897     
   2.25500000000000        22.0443692514471     
   2.26000000000000        22.0443690160269     
   2.26500000000000        22.0443687863835     
   2.27000000000000        22.0443685623759     
   2.27500000000000        22.0443683438654     
   2.28000000000000        22.0443681307171     
   2.28500000000000        22.0443679227992     
   2.29000000000000        22.0443677199837     
   2.29500000000000        22.0443675221455     
   2.30000000000000        22.0443673291616     
   2.30500000000000        22.0443671409139     
   2.31000000000000        22.0443669572857     
   2.31500000000000        22.0443667781638     
   2.32000000000000        22.0443666034375     
   2.32500000000000        22.0443664329989     
   2.33000000000000        22.0443662667427     
   2.33500000000000        22.0443661045665     
   2.34000000000000        22.0443659463699     
   2.34500000000000        22.0443657920557     
   2.35000000000000        22.0443656415279     
   2.35500000000000        22.0443654946943     
   2.36000000000000        22.0443653514641     
   2.36500000000000        22.0443652117484     
   2.37000000000000        22.0443650754615     
   2.37500000000000        22.0443649425188     
   2.38000000000000        22.0443648128387     
   2.38500000000000        22.0443646863408     
   2.39000000000000        22.0443645629471     
   2.39500000000000        22.0443644425814     
   2.40000000000000        22.0443643251696     
   2.40500000000000        22.0443642106390     
   2.41000000000000        22.0443640989189     
   2.41500000000000        22.0443639899402     
   2.42000000000000        22.0443638836362     
   2.42500000000000        22.0443637799405     
   2.43000000000000        22.0443636787896     
   2.43500000000000        22.0443635801209     
   2.44000000000000        22.0443634838734     
   2.44500000000000        22.0443633899877     
   2.45000000000000        22.0443632984061     
   2.45500000000000        22.0443632090719     
   2.46000000000000        22.0443631219299     
   2.46500000000000        22.0443630369263     
   2.47000000000000        22.0443629540086     
   2.47500000000000        22.0443628731258     
   2.48000000000000        22.0443627942277     
   2.48500000000000        22.0443627172656     
   2.49000000000000        22.0443626421924     
   2.49500000000000        22.0443625689614     
   2.50000000000000        22.0443624975275     
