  5.000000000000000E-003  0.000000000000000E+000
  1.000000000000000E-002  0.000000000000000E+000
  1.500000000000000E-002  0.000000000000000E+000
  2.000000000000000E-002   24.7266744413670     
  2.500000000000000E-002   24.7125809611787     
  3.000000000000000E-002   24.6986982498717     
  3.500000000000000E-002   24.6848912652717     
  4.000000000000000E-002   24.6711009972756     
  4.500000000000000E-002   24.6572975816694     
  5.000000000000000E-002   24.6434648197656     
  5.500000000000000E-002   24.6295941427536     
  6.000000000000000E-002   24.6156819806159     
  6.500000000000000E-002   24.6017284981601     
  7.000000000000001E-002   24.5877369051043     
  7.500000000000000E-002   24.5737130018015     
  8.000000000000000E-002   24.5596648112228     
  8.500000000000001E-002   24.5456022343049     
  9.000000000000000E-002   24.5315367073941     
  9.500000000000000E-002   24.5174808603058     
  0.100000000000000        24.5034481819022     
  0.105000000000000        24.4894527024029     
  0.110000000000000        24.4755087008649     
  0.115000000000000        24.4616304441144     
  0.120000000000000        24.4478319608921     
  0.125000000000000        24.4341268526188     
  0.130000000000000        24.4205281402446     
  0.135000000000000        24.4070481452086     
  0.140000000000000        24.3936984015652     
  0.145000000000000        24.3804895957824     
  0.150000000000000        24.3674315304904     
  0.155000000000000        24.3545331084667     
  0.160000000000000        24.3418023333318     
  0.165000000000000        24.3292463237082     
  0.170000000000000        24.3168713379427     
  0.175000000000000        24.3046828068537     
  0.180000000000000        24.2926853723314     
  0.185000000000000        24.2808829299579     
  0.190000000000000        24.2692786741322     
  0.195000000000000        24.2578751444678     
  0.200000000000000        24.2466742724719     
  0.205000000000000        24.2356774277380     
  0.210000000000000        24.2248854630520     
  0.215000000000000        24.2142987579730     
  0.220000000000000        24.2039172605672     
  0.225000000000000        24.1937405270838     
  0.230000000000000        24.1837677594310     
  0.235000000000000        24.1739978403924     
  0.240000000000000        24.1644293665570     
  0.245000000000000        24.1550606789938     
  0.250000000000000        24.1458898917144     
  0.255000000000000        24.1369149180047     
  0.260000000000000        24.1281334947072     
  0.265000000000000        24.1195432045631     
  0.270000000000000        24.1111414967087     
  0.275000000000000        24.1029257054440     
  0.280000000000000        24.0948930673802     
  0.285000000000000        24.0870407370717     
  0.290000000000000        24.0793658012433     
  0.295000000000000        24.0718652917088     
  0.300000000000000        24.0645361970837     
  0.305000000000000        24.0573754733833     
  0.310000000000000        24.0503800535894     
  0.315000000000000        24.0435468562775     
  0.320000000000000        24.0368727933699     
  0.325000000000000        24.0303547770989     
  0.330000000000000        24.0239897262355     
  0.335000000000000        24.0177745716555     
  0.340000000000000        24.0117062612943     
  0.345000000000000        24.0057817645457     
  0.350000000000000        23.9999980761561     
  0.355000000000000        23.9943522196519     
  0.360000000000000        23.9888412503526     
  0.365000000000000        23.9834622579983     
  0.370000000000000        23.9782123690284     
  0.375000000000000        23.9730887485505     
  0.380000000000000        23.9680886020187     
  0.385000000000000        23.9632091766566     
  0.390000000000000        23.9584477626418     
  0.395000000000000        23.9538016940851     
  0.400000000000000        23.9492683498099     
  0.405000000000000        23.9448451539689     
  0.410000000000000        23.9405295764965     
  0.415000000000000        23.9363191334268     
  0.420000000000000        23.9322113870837     
  0.425000000000000        23.9282039461590     
  0.430000000000000        23.9242944656899     
  0.435000000000000        23.9204806469444     
  0.440000000000000        23.9167602372293     
  0.445000000000000        23.9131310296240     
  0.450000000000000        23.9095908626515     
  0.455000000000000        23.9061376198940     
  0.460000000000000        23.9027692295585     
  0.465000000000000        23.8994836639985     
  0.470000000000000        23.8962789391997     
  0.475000000000000        23.8931531142285     
  0.480000000000000        23.8901042906571     
  0.485000000000000        23.8871306119617     
  0.490000000000000        23.8842302628996     
  0.495000000000000        23.8814014688700     
  0.500000000000000        23.8786424952613     
  0.505000000000000        23.8759516467855     
  0.510000000000000        23.8733272668028     
  0.515000000000000        23.8707677366431     
  0.520000000000000        23.8682714749196     
  0.525000000000000        23.8658369368391     
  0.530000000000000        23.8634626135151     
  0.535000000000000        23.8611470312737     
  0.540000000000000        23.8588887509708     
  0.545000000000000        23.8566863673023     
  0.550000000000000        23.8545385081256     
  0.555000000000000        23.8524438337797     
  0.560000000000000        23.8504010364160     
  0.565000000000000        23.8484088393306     
  0.570000000000000        23.8464659963089     
  0.575000000000000        23.8445712909703     
  0.580000000000000        23.8427235361281     
  0.585000000000000        23.8409215731534     
  0.590000000000000        23.8391642713490     
  0.595000000000000        23.8374505273320     
  0.600000000000000        23.8357792644260     
  0.605000000000000        23.8341494320635     
  0.610000000000000        23.8325600051945     
  0.615000000000000        23.8310099837118     
  0.620000000000000        23.8294983918779     
  0.625000000000000        23.8280242777688     
  0.630000000000000        23.8265867127251     
  0.635000000000000        23.8251847908111     
  0.640000000000000        23.8238176282885     
  0.645000000000000        23.8224843630989     
  0.650000000000000        23.8211841543509     
  0.655000000000000        23.8199161818285     
  0.660000000000000        23.8186796454959     
  0.665000000000000        23.8174737650262     
  0.670000000000000        23.8162977793271     
  0.675000000000000        23.8151509460859     
  0.680000000000000        23.8140325413194     
  0.685000000000000        23.8129418589341     
  0.690000000000000        23.8118782102966     
  0.695000000000000        23.8108409238139     
  0.700000000000000        23.8098293445198     
  0.705000000000000        23.8088428336758     
  0.710000000000000        23.8078807683735     
  0.715000000000000        23.8069425411532     
  0.720000000000000        23.8060275596277     
  0.725000000000000        23.8051352461129     
  0.730000000000000        23.8042650372705     
  0.735000000000000        23.8034163837556     
  0.740000000000000        23.8025887498756     
  0.745000000000000        23.8017816132555     
  0.750000000000000        23.8009944645074     
  0.755000000000000        23.8002268069155     
  0.760000000000000        23.7994781561206     
  0.765000000000000        23.7987480398184     
  0.770000000000000        23.7980359974601     
  0.775000000000000        23.7973415799618     
  0.780000000000000        23.7966643494227     
  0.785000000000000        23.7960038788470     
  0.790000000000000        23.7953597518743     
  0.795000000000000        23.7947315625162     
  0.800000000000000        23.7941189148983     
  0.805000000000000        23.7935214230098     
  0.810000000000000        23.7929387104588     
  0.815000000000000        23.7923704102316     
  0.820000000000000        23.7918161644610     
  0.825000000000000        23.7912756241994     
  0.830000000000000        23.7907484491939     
  0.835000000000000        23.7902343076728     
  0.840000000000000        23.7897328761327     
  0.845000000000000        23.7892438391312     
  0.850000000000000        23.7887668890904     
  0.855000000000000        23.7883017260944     
  0.860000000000000        23.7878480577038     
  0.865000000000000        23.7874055987649     
  0.870000000000000        23.7869740712307     
  0.875000000000000        23.7865532039818     
  0.880000000000000        23.7861427326541     
  0.885000000000000        23.7857423994691     
  0.890000000000000        23.7853519530709     
  0.895000000000000        23.7849711483643     
  0.900000000000000        23.7845997463578     
  0.905000000000000        23.7842375140144     
  0.910000000000000        23.7838842240981     
  0.915000000000000        23.7835396550316     
  0.920000000000000        23.7832035907550     
  0.925000000000000        23.7828758205869     
  0.930000000000000        23.7825561390894     
  0.935000000000000        23.7822443459384     
  0.940000000000000        23.7819402457944     
  0.945000000000000        23.7816436481796     
  0.950000000000000        23.7813543673534     
  0.955000000000000        23.7810722221974     
  0.960000000000000        23.7807970360972     
  0.965000000000000        23.7805286368303     
  0.970000000000000        23.7802668564584     
  0.975000000000000        23.7800115312164     
  0.980000000000000        23.7797625014114     
  0.985000000000000        23.7795196113203     
  0.990000000000000        23.7792827090883     
  0.995000000000000        23.7790516466358     
   1.00000000000000        23.7788262795602     
   1.00500000000000        23.7786064670474     
   1.01000000000000        23.7783920717814     
   1.01500000000000        23.7781829598538     
   1.02000000000000        23.7779790006834     
   1.02500000000000        23.7777800669296     
   1.03000000000000        23.7775860344134     
   1.03500000000000        23.7773967820364     
   1.04000000000000        23.7772121917085     
   1.04500000000000        23.7770321482651     
   1.05000000000000        23.7768565394017     
   1.05500000000000        23.7766852555990     
   1.06000000000000        23.7765181900517     
   1.06500000000000        23.7763552386059     
   1.07000000000000        23.7761962996880     
   1.07500000000000        23.7760412742426     
   1.08000000000000        23.7758900656702     
   1.08500000000000        23.7757425797640     
   1.09000000000000        23.7755987246526     
   1.09500000000000        23.7754584107402     
   1.10000000000000        23.7753215506498     
   1.10500000000000        23.7751880591699     
   1.11000000000000        23.7750578531985     
   1.11500000000000        23.7749308516896     
   1.12000000000000        23.7748069756071     
   1.12500000000000        23.7746861478679     
   1.13000000000000        23.7745682932997     
   1.13500000000000        23.7744533385870     
   1.14000000000000        23.7743412122325     
   1.14500000000000        23.7742318445039     
   1.15000000000000        23.7741251673966     
   1.15500000000000        23.7740211145865     
   1.16000000000000        23.7739196213904     
   1.16500000000000        23.7738206247245     
   1.17000000000000        23.7737240630641     
   1.17500000000000        23.7736298764056     
   1.18000000000000        23.7735380062301     
   1.18500000000000        23.7734483954621     
   1.19000000000000        23.7733609884390     
   1.19500000000000        23.7732757308725     
   1.20000000000000        23.7731925698156     
   1.20500000000000        23.7731114536300     
   1.21000000000000        23.7730323319509     
   1.21500000000000        23.7729551556602     
   1.22000000000000        23.7728798768500     
   1.22500000000000        23.7728064487968     
   1.23000000000000        23.7727348259310     
   1.23500000000000        23.7726649638069     
   1.24000000000000        23.7725968190762     
   1.24500000000000        23.7725303494613     
   1.25000000000000        23.7724655137265     
   1.25500000000000        23.7724022716547     
   1.26000000000000        23.7723405840200     
   1.26500000000000        23.7722804125666     
   1.27000000000000        23.7722217199794     
   1.27500000000000        23.7721644698657     
   1.28000000000000        23.7721086267299     
   1.28500000000000        23.7720541559509     
   1.29000000000000        23.7720010237630     
   1.29500000000000        23.7719491972315     
   1.30000000000000        23.7718986442351     
   1.30500000000000        23.7718493334425     
   1.31000000000000        23.7718012342967     
   1.31500000000000        23.7717543169928     
   1.32000000000000        23.7717085524602     
   1.32500000000000        23.7716639123457     
   1.33000000000000        23.7716203689943     
   1.33500000000000        23.7715778954319     
   1.34000000000000        23.7715364653495     
   1.34500000000000        23.7714960530865     
   1.35000000000000        23.7714566336143     
   1.35500000000000        23.7714181825202     
   1.36000000000000        23.7713806759934     
   1.36500000000000        23.7713440908093     
   1.37000000000000        23.7713084043157     
   1.37500000000000        23.7712735944174     
   1.38000000000000        23.7712396395641     
   1.38500000000000        23.7712065187357     
   1.39000000000000        23.7711742114286     
   1.39500000000000        23.7711426976461     
   1.40000000000000        23.7711119578822     
   1.40500000000000        23.7710819731125     
   1.41000000000000        23.7710527247781     
   1.41500000000000        23.7710241947800     
   1.42000000000000        23.7709963654627     
   1.42500000000000        23.7709692196062     
   1.43000000000000        23.7709427404126     
   1.43500000000000        23.7709169115003     
   1.44000000000000        23.7708917168877     
   1.44500000000000        23.7708671409886     
   1.45000000000000        23.7708431685989     
   1.45500000000000        23.7708197848893     
   1.46000000000000        23.7707969753949     
   1.46500000000000        23.7707747260071     
   1.47000000000000        23.7707530229630     
   1.47500000000000        23.7707318528401     
   1.48000000000000        23.7707112025451     
   1.48500000000000        23.7706910593067     
   1.49000000000000        23.7706714106674     
   1.49500000000000        23.7706522444767     
   1.50000000000000        23.7706335488823     
   1.50500000000000        23.7706153123238     
   1.51000000000000        23.7705975235247     
   1.51500000000000        23.7705801714869     
   1.52000000000000        23.7705632454802     
   1.52500000000000        23.7705467350408     
   1.53000000000000        23.7705306299606     
   1.53500000000000        23.7705149202835     
   1.54000000000000        23.7704995962970     
   1.54500000000000        23.7704846485284     
   1.55000000000000        23.7704700677366     
   1.55500000000000        23.7704558449096     
   1.56000000000000        23.7704419712545     
   1.56500000000000        23.7704284381968     
   1.57000000000000        23.7704152373711     
   1.57500000000000        23.7704023606184     
   1.58000000000000        23.7703897999797     
   1.58500000000000        23.7703775476921     
   1.59000000000000        23.7703655961834     
   1.59500000000000        23.7703539380671     
   1.60000000000000        23.7703425661389     
   1.60500000000000        23.7703314733702     
   1.61000000000000        23.7703206529069     
   1.61500000000000        23.7703100980621     
   1.62000000000000        23.7702998023124     
   1.62500000000000        23.7702897592975     
   1.63000000000000        23.7702799628099     
   1.63500000000000        23.7702704067980     
   1.64000000000000        23.7702610853556     
   1.64500000000000        23.7702519927244     
   1.65000000000000        23.7702431232854     
   1.65500000000000        23.7702344715594     
   1.66000000000000        23.7702260322001     
   1.66500000000000        23.7702177999939     
   1.67000000000000        23.7702097698554     
   1.67500000000000        23.7702019368224     
   1.68000000000000        23.7701942960561     
   1.68500000000000        23.7701868428362     
   1.69000000000000        23.7701795725580     
   1.69500000000000        23.7701724807301     
   1.70000000000000        23.7701655629720     
   1.70500000000000        23.7701588150097     
   1.71000000000000        23.7701522326747     
   1.71500000000000        23.7701458119016     
   1.72000000000000        23.7701395487238     
   1.72500000000000        23.7701334392718     
   1.73000000000000        23.7701274797727     
   1.73500000000000        23.7701216665444     
   1.74000000000000        23.7701159959970     
   1.74500000000000        23.7701104646274     
   1.75000000000000        23.7701050690196     
   1.75500000000000        23.7700998058404     
   1.76000000000000        23.7700946718389     
   1.76500000000000        23.7700896638445     
   1.77000000000000        23.7700847787638     
   1.77500000000000        23.7700800135797     
   1.78000000000000        23.7700753653492     
   1.78500000000000        23.7700708312012     
   1.79000000000000        23.7700664083355     
   1.79500000000000        23.7700620940201     
   1.80000000000000        23.7700578855912     
   1.80500000000000        23.7700537804494     
   1.81000000000000        23.7700497760587     
   1.81500000000000        23.7700458699473     
   1.82000000000000        23.7700420597022     
   1.82500000000000        23.7700383429695     
   1.83000000000000        23.7700347174559     
   1.83500000000000        23.7700311809209     
   1.84000000000000        23.7700277311806     
   1.84500000000000        23.7700243661049     
   1.85000000000000        23.7700210836156     
   1.85500000000000        23.7700178816862     
   1.86000000000000        23.7700147583383     
   1.86500000000000        23.7700117116439     
   1.87000000000000        23.7700087397215     
   1.87500000000000        23.7700058407361     
   1.88000000000000        23.7700030128964     
   1.88500000000000        23.7700002544579     
   1.89000000000000        23.7699975637155     
   1.89500000000000        23.7699949390089     
   1.90000000000000        23.7699923787170     
   1.90500000000000        23.7699898812588     
   1.91000000000000        23.7699874450919     
   1.91500000000000        23.7699850687121     
   1.92000000000000        23.7699827506524     
   1.92500000000000        23.7699804894808     
   1.93000000000000        23.7699782838017     
   1.93500000000000        23.7699761322526     
   1.94000000000000        23.7699740335052     
   1.94500000000000        23.7699719862635     
   1.95000000000000        23.7699699892639     
   1.95500000000000        23.7699680412727     
   1.96000000000000        23.7699661410873     
   1.96500000000000        23.7699642875347     
   1.97000000000000        23.7699624794698     
   1.97500000000000        23.7699607157767     
   1.98000000000000        23.7699589953664     
   1.98500000000000        23.7699573171767     
   1.99000000000000        23.7699556801709     
   1.99500000000000        23.7699540833388     
   2.00000000000000        23.7699525256941     
   2.00500000000000        23.7699510062754     
   2.01000000000000        23.7699495241441     
   2.01500000000000        23.7699480783856     
   2.02000000000000        23.7699466681071     
   2.02500000000000        23.7699452924373     
   2.03000000000000        23.7699439505277     
   2.03500000000000        23.7699426415495     
   2.04000000000000        23.7699413646939     
   2.04500000000000        23.7699401191738     
   2.05000000000000        23.7699389042183     
   2.05500000000000        23.7699377190790     
   2.06000000000000        23.7699365630232     
   2.06500000000000        23.7699354353381     
   2.07000000000000        23.7699343353266     
   2.07500000000000        23.7699332623094     
   2.08000000000000        23.7699322156249     
   2.08500000000000        23.7699311946267     
   2.09000000000000        23.7699301986834     
   2.09500000000000        23.7699292271814     
   2.10000000000000        23.7699282795203     
   2.10500000000000        23.7699273551146     
   2.11000000000000        23.7699264533944     
   2.11500000000000        23.7699255738023     
   2.12000000000000        23.7699247157959     
   2.12500000000000        23.7699238788452     
   2.13000000000000        23.7699230624330     
   2.13500000000000        23.7699222660560     
   2.14000000000000        23.7699214892220     
   2.14500000000000        23.7699207314516     
   2.15000000000000        23.7699199922775     
   2.15500000000000        23.7699192712421     
   2.16000000000000        23.7699185679015     
   2.16500000000000        23.7699178818205     
   2.17000000000000        23.7699172125764     
   2.17500000000000        23.7699165597551     
   2.18000000000000        23.7699159229545     
   2.18500000000000        23.7699153017802     
   2.19000000000000        23.7699146958503     
   2.19500000000000        23.7699141047893     
   2.20000000000000        23.7699135282332     
   2.20500000000000        23.7699129658261     
   2.21000000000000        23.7699124172200     
   2.21500000000000        23.7699118820768     
   2.22000000000000        23.7699113600659     
   2.22500000000000        23.7699108508650     
   2.23000000000000        23.7699103541602     
   2.23500000000000        23.7699098696439     
   2.24000000000000        23.7699093970179     
   2.24500000000000        23.7699089359899     
   2.25000000000000        23.7699084862756     
   2.25500000000000        23.7699080475976     
   2.26000000000000        23.7699076196844     
   2.26500000000000        23.7699072022715     
   2.27000000000000        23.7699067951024     
   2.27500000000000        23.7699063979252     
   2.28000000000000        23.7699060104947     
   2.28500000000000        23.7699056325713     
   2.29000000000000        23.7699052639222     
   2.29500000000000        23.7699049043201     
   2.30000000000000        23.7699045535415     
   2.30500000000000        23.7699042113716     
   2.31000000000000        23.7699038775984     
   2.31500000000000        23.7699035520161     
   2.32000000000000        23.7699032344234     
   2.32500000000000        23.7699029246243     
   2.33000000000000        23.7699026224274     
   2.33500000000000        23.7699023276466     
   2.34000000000000        23.7699020400992     
   2.34500000000000        23.7699017596087     
   2.35000000000000        23.7699014860008     
   2.35500000000000        23.7699012191074     
   2.36000000000000        23.7699009587637     
   2.36500000000000        23.7699007048083     
   2.37000000000000        23.7699004570854     
   2.37500000000000        23.7699002154409     
   2.38000000000000        23.7698999797268     
   2.38500000000000        23.7698997497967     
   2.39000000000000        23.7698995255092     
   2.39500000000000        23.7698993067255     
   2.40000000000000        23.7698990933108     
   2.40500000000000        23.7698988851333     
   2.41000000000000        23.7698986820643     
   2.41500000000000        23.7698984839781     
   2.42000000000000        23.7698982907538     
   2.42500000000000        23.7698981022703     
   2.43000000000000        23.7698979184126     
   2.43500000000000        23.7698977390665     
   2.44000000000000        23.7698975641213     
   2.44500000000000        23.7698973934691     
   2.45000000000000        23.7698972270051     
   2.45500000000000        23.7698970646260     
   2.46000000000000        23.7698969062314     
   2.46500000000000        23.7698967517238     
   2.47000000000000        23.7698966010078     
   2.47500000000000        23.7698964539904     
   2.48000000000000        23.7698963105806     
   2.48500000000000        23.7698961706897     
   2.49000000000000        23.7698960342322     
   2.49500000000000        23.7698959011232     
   2.50000000000000        23.7698957712806     
