  5.000000000000000E-003  1.840490795272730E+017
  1.000000000000000E-002  3.635816175071559E+017
  1.500000000000000E-002  5.387084489408462E+017
  2.000000000000000E-002  7.095373260222833E+017
  2.500000000000000E-002  8.761740920358705E+017
  3.000000000000000E-002  1.038721608238816E+018
  3.500000000000000E-002  1.197280226834789E+018
  4.000000000000000E-002  1.351947836717447E+018
  4.500000000000000E-002  1.502819924142694E+018
  5.000000000000000E-002  1.649989631646438E+018
  5.500000000000000E-002  1.793547815714347E+018
  6.000000000000000E-002  1.933583102984732E+018
  6.500000000000000E-002  2.070181945043494E+018
  7.000000000000001E-002  2.203428671847802E+018
  7.500000000000000E-002  2.333405543818685E+018
  8.000000000000000E-002  2.460192802643570E+018
  8.500000000000001E-002  2.583868720817574E+018
  9.000000000000000E-002  2.704509649962975E+018
  9.500000000000000E-002  2.822190067956157E+018
  0.100000000000000       2.936982624892547E+018
  0.105000000000000       3.048958187922705E+018
  0.110000000000000       3.158185884988427E+018
  0.115000000000000       3.264733147482432E+018
  0.120000000000000       3.368665751872066E+018
  0.125000000000000       3.470047860297168E+018
  0.130000000000000       3.568942060181305E+018
  0.135000000000000       3.665409402880699E+018
  0.140000000000000       3.759509441377207E+018
  0.145000000000000       3.851300267069653E+018
  0.150000000000000       3.940838545647209E+018
  0.155000000000000       4.028179552107502E+018
  0.160000000000000       4.113377204900398E+018
  0.165000000000000       4.196484099251000E+018
  0.170000000000000       4.277551539649139E+018
  0.175000000000000       4.356629571565080E+018
  0.180000000000000       4.433767012361865E+018
  0.185000000000000       4.509011481468706E+018
  0.190000000000000       4.582409429801721E+018
  0.195000000000000       4.654006168456024E+018
  0.200000000000000       4.723845896712164E+018
  0.205000000000000       4.791971729319949E+018
  0.210000000000000       4.858425723148873E+018
  0.215000000000000       4.923248903137474E+018
  0.220000000000000       4.986481287652026E+018
  0.225000000000000       5.048161913175694E+018
  0.230000000000000       5.108328858419695E+018
  0.235000000000000       5.167019267821625E+018
  0.240000000000000       5.224269374482980E+018
  0.245000000000000       5.280114522515973E+018
  0.250000000000000       5.334589188878323E+018
  0.255000000000000       5.387727004617769E+018
  0.260000000000000       5.439560775659914E+018
  0.265000000000000       5.490122503023271E+018
  0.270000000000000       5.539443402568911E+018
  0.275000000000000       5.587553924267697E+018
  0.280000000000000       5.634483770978669E+018
  0.285000000000000       5.680261916778295E+018
  0.290000000000000       5.724916624832413E+018
  0.295000000000000       5.768475464828889E+018
  0.300000000000000       5.810965329997306E+018
  0.305000000000000       5.852412453686078E+018
  0.310000000000000       5.892842425557934E+018
  0.315000000000000       5.932280207368253E+018
  0.320000000000000       5.970750148372570E+018
  0.325000000000000       6.008276000344415E+018
  0.330000000000000       6.044880932231889E+018
  0.335000000000000       6.080587544451895E+018
  0.340000000000000       6.115417882833324E+018
  0.345000000000000       6.149393452231423E+018
  0.350000000000000       6.182535229773007E+018
  0.355000000000000       6.214863677828662E+018
  0.360000000000000       6.246398756627760E+018
  0.365000000000000       6.277159936567786E+018
  0.370000000000000       6.307166210246836E+018
  0.375000000000000       6.336436104171356E+018
  0.380000000000000       6.364987690204743E+018
  0.385000000000000       6.392838596703565E+018
  0.390000000000000       6.420006019418096E+018
  0.395000000000000       6.446506732084550E+018
  0.400000000000000       6.472357096802488E+018
  0.405000000000000       6.497573074114730E+018
  0.410000000000000       6.522170232872189E+018
  0.415000000000000       6.546163759837882E+018
  0.420000000000000       6.569568469068570E+018
  0.425000000000000       6.592398811054662E+018
  0.430000000000000       6.614668881642202E+018
  0.435000000000000       6.636392430740775E+018
  0.440000000000000       6.657582870804357E+018
  0.445000000000000       6.678253285121508E+018
  0.450000000000000       6.698416435882518E+018
  0.455000000000000       6.718084772065586E+018
  0.460000000000000       6.737270437126307E+018
  0.465000000000000       6.755985276491486E+018
  0.470000000000000       6.774240844867859E+018
  0.475000000000000       6.792048413385603E+018
  0.480000000000000       6.809418976555325E+018
  0.485000000000000       6.826363259055544E+018
  0.490000000000000       6.842891722351657E+018
  0.495000000000000       6.859014571164913E+018
  0.500000000000000       6.874741759768275E+018
  0.505000000000000       6.890082998122484E+018
  0.510000000000000       6.905047757898174E+018
  0.515000000000000       6.919645278296647E+018
  0.520000000000000       6.933884571773167E+018
  0.525000000000000       6.947774429599567E+018
  0.530000000000000       6.961323427279061E+018
  0.535000000000000       6.974539929862849E+018
  0.540000000000000       6.987432097096903E+018
  0.545000000000000       7.000007888477511E+018
  0.550000000000000       7.012275068151363E+018
  0.555000000000000       7.024241209717930E+018
  0.560000000000000       7.035913700900308E+018
  0.565000000000000       7.047299748122998E+018
  0.570000000000000       7.058406380940673E+018
  0.575000000000000       7.069240456391347E+018
  0.580000000000000       7.079808663227366E+018
  0.585000000000000       7.090117526043652E+018
  0.590000000000000       7.100173409318859E+018
  0.595000000000000       7.109982521324839E+018
  0.600000000000000       7.119550917980740E+018
  0.605000000000000       7.128884506572145E+018
  0.610000000000000       7.137989049422925E+018
  0.615000000000000       7.146870167429161E+018
  0.620000000000000       7.155533343544608E+018
  0.625000000000000       7.163983926168221E+018
  0.630000000000000       7.172227132431805E+018
  0.635000000000000       7.180268051437399E+018
  0.640000000000000       7.188111647392883E+018
  0.645000000000000       7.195762762675619E+018
  0.650000000000000       7.203226120826804E+018
  0.655000000000000       7.210506329459919E+018
  0.660000000000000       7.217607883122841E+018
  0.665000000000000       7.224535166050876E+018
  0.670000000000000       7.231292454891779E+018
  0.675000000000000       7.237883921338743E+018
  0.680000000000000       7.244313634701412E+018
  0.685000000000000       7.250585564433956E+018
  0.690000000000000       7.256703582567339E+018
  0.695000000000000       7.262671466113687E+018
  0.700000000000000       7.268492899396025E+018
  0.705000000000000       7.274171476314415E+018
  0.710000000000000       7.279710702575752E+018
  0.715000000000000       7.285113997854802E+018
  0.720000000000000       7.290384697901493E+018
  0.725000000000000       7.295526056608847E+018
  0.730000000000000       7.300541248009131E+018
  0.735000000000000       7.305433368246007E+018
  0.740000000000000       7.310205437492896E+018
  0.745000000000000       7.314860401784406E+018
  0.750000000000000       7.319401134875702E+018
  0.755000000000000       7.323830439988098E+018
  0.760000000000000       7.328151051557249E+018
  0.765000000000000       7.332365636912886E+018
  0.770000000000000       7.336476797921106E+018
  0.775000000000000       7.340487072605669E+018
  0.780000000000000       7.344398936700151E+018
  0.785000000000000       7.348214805187347E+018
  0.790000000000000       7.351937033782949E+018
  0.795000000000000       7.355567920390559E+018
  0.800000000000000       7.359109706527223E+018
  0.805000000000000       7.362564578700884E+018
  0.810000000000000       7.365934669759726E+018
  0.815000000000000       7.369222060212088E+018
  0.820000000000000       7.372428779514391E+018
  0.825000000000000       7.375556807315754E+018
  0.830000000000000       7.378608074685955E+018
  0.835000000000000       7.381584465304117E+018
  0.840000000000000       7.384487816621765E+018
  0.845000000000000       7.387319921012136E+018
  0.850000000000000       7.390082526843059E+018
  0.855000000000000       7.392777339594327E+018
  0.860000000000000       7.395406022887485E+018
  0.865000000000000       7.397970199514194E+018
  0.870000000000000       7.400471452450020E+018
  0.875000000000000       7.402911325822842E+018
  0.880000000000000       7.405291325860283E+018
  0.885000000000000       7.407612921839630E+018
  0.890000000000000       7.409877546971132E+018
  0.895000000000000       7.412086599297514E+018
  0.900000000000000       7.414241442562044E+018
  0.905000000000000       7.416343407029534E+018
  0.910000000000000       7.418393790325203E+018
  0.915000000000000       7.420393858229453E+018
  0.920000000000000       7.422344845468056E+018
  0.925000000000000       7.424247956453545E+018
  0.930000000000000       7.426104366057008E+018
  0.935000000000000       7.427915220304074E+018
  0.940000000000000       7.429681637111756E+018
  0.945000000000000       7.431404706949537E+018
  0.950000000000000       7.433085493535422E+018
  0.955000000000000       7.434725034484753E+018
  0.960000000000000       7.436324341943654E+018
  0.965000000000000       7.437884403226297E+018
  0.970000000000000       7.439406181417199E+018
  0.975000000000000       7.440890615964662E+018
  0.980000000000000       7.442338623265789E+018
  0.985000000000000       7.443751097228398E+018
  0.990000000000000       7.445128909825499E+018
  0.995000000000000       7.446472911626769E+018
   1.00000000000000       7.447783932336367E+018
   1.00500000000000       7.449062781295858E+018
   1.01000000000000       7.450310247983393E+018
   1.01500000000000       7.451527102504015E+018
   1.02000000000000       7.452714096065729E+018
   1.02500000000000       7.453871961445484E+018
   1.03000000000000       7.455001413425841E+018
   1.03500000000000       7.456103149271538E+018
   1.04000000000000       7.457177849108795E+018
   1.04500000000000       7.458226176395905E+018
   1.05000000000000       7.459248778304564E+018
   1.05500000000000       7.460246286110875E+018
   1.06000000000000       7.461219315624912E+018
   1.06500000000000       7.462168467522441E+018
   1.07000000000000       7.463094327752659E+018
   1.07500000000000       7.463997467881089E+018
   1.08000000000000       7.464878445443812E+018
   1.08500000000000       7.465737804302773E+018
   1.09000000000000       7.466576074966803E+018
   1.09500000000000       7.467393774931767E+018
   1.10000000000000       7.468191408990818E+018
   1.10500000000000       7.468969469552519E+018
   1.11000000000000       7.469728436933439E+018
   1.11500000000000       7.470468779682361E+018
   1.12000000000000       7.471190954825769E+018
   1.12500000000000       7.471895408195469E+018
   1.13000000000000       7.472582574666093E+018
   1.13500000000000       7.473252878459439E+018
   1.14000000000000       7.473906733368958E+018
   1.14500000000000       7.474544543045200E+018
   1.15000000000000       7.475166701226546E+018
   1.15500000000000       7.475773591994965E+018
   1.16000000000000       7.476365590004289E+018
   1.16500000000000       7.476943060711860E+018
   1.17000000000000       7.477506360612128E+018
   1.17500000000000       7.478055837450213E+018
   1.18000000000000       7.478591830433926E+018
   1.18500000000000       7.479114670452527E+018
   1.19000000000000       7.479624680271219E+018
   1.19500000000000       7.480122174734135E+018
   1.20000000000000       7.480607460965973E+018
   1.20500000000000       7.481080838542632E+018
   1.21000000000000       7.481542599705560E+018
   1.21500000000000       7.481993029507526E+018
   1.22000000000000       7.482432406015230E+018
   1.22500000000000       7.482861000472170E+018
   1.23000000000000       7.483279077464906E+018
   1.23500000000000       7.483686895083790E+018
   1.24000000000000       7.484084705090485E+018
   1.24500000000000       7.484472753064421E+018
   1.25000000000000       7.484851278559976E+018
   1.25500000000000       7.485220515251529E+018
   1.26000000000000       7.485580691089141E+018
   1.26500000000000       7.485932028414617E+018
   1.27000000000000       7.486274744120493E+018
   1.27500000000000       7.486609049778503E+018
   1.28000000000000       7.486935151765132E+018
   1.28500000000000       7.487253251393561E+018
   1.29000000000000       7.487563545038227E+018
   1.29500000000000       7.487866224253961E+018
   1.30000000000000       7.488161475893448E+018
   1.30500000000000       7.488449482225163E+018
   1.31000000000000       7.488730421046322E+018
   1.31500000000000       7.489004465787163E+018
   1.32000000000000       7.489271785629042E+018
   1.32500000000000       7.489532545593400E+018
   1.33000000000000       7.489786906656658E+018
   1.33500000000000       7.490035025842471E+018
   1.34000000000000       7.490277056325978E+018
   1.34500000000000       7.490513147520190E+018
   1.35000000000000       7.490743445170544E+018
   1.35500000000000       7.490968091448528E+018
   1.36000000000000       7.491187225033196E+018
   1.36500000000000       7.491400981208408E+018
   1.37000000000000       7.491609491926444E+018
   1.37500000000000       7.491812885910926E+018
   1.38000000000000       7.492011288724684E+018
   1.38500000000000       7.492204822844694E+018
   1.39000000000000       7.492393607748429E+018
   1.39500000000000       7.492577759977758E+018
   1.40000000000000       7.492757393221478E+018
   1.40500000000000       7.492932618362519E+018
   1.41000000000000       7.493103543581531E+018
   1.41500000000000       7.493270274391454E+018
   1.42000000000000       7.493432913725298E+018
   1.42500000000000       7.493591561979582E+018
   1.43000000000000       7.493746317099083E+018
   1.43500000000000       7.493897274615544E+018
   1.44000000000000       7.494044527721805E+018
   1.44500000000000       7.494188167318308E+018
   1.45000000000000       7.494328282085247E+018
   1.45500000000000       7.494464958512506E+018
   1.46000000000000       7.494598280983600E+018
   1.46500000000000       7.494728331791544E+018
   1.47000000000000       7.494855191230835E+018
   1.47500000000000       7.494978937609394E+018
   1.48000000000000       7.495099647325667E+018
   1.48500000000000       7.495217394893490E+018
   1.49000000000000       7.495332253003071E+018
   1.49500000000000       7.495444292562028E+018
   1.50000000000000       7.495553582732258E+018
   1.50500000000000       7.495660190984335E+018
   1.51000000000000       7.495764183133526E+018
   1.51500000000000       7.495865623373669E+018
   1.52000000000000       7.495964574326902E+018
   1.52500000000000       7.496061097080071E+018
   1.53000000000000       7.496155251222991E+018
   1.53500000000000       7.496247094877451E+018
   1.54000000000000       7.496336684738533E+018
   1.54500000000000       7.496424076116021E+018
   1.55000000000000       7.496509322963022E+018
   1.55500000000000       7.496592477896872E+018
   1.56000000000000       7.496673592257994E+018
   1.56500000000000       7.496752716119367E+018
   1.57000000000000       7.496829898326581E+018
   1.57500000000000       7.496905186528032E+018
   1.58000000000000       7.496978627196913E+018
   1.58500000000000       7.497050265674984E+018
   1.59000000000000       7.497120146187576E+018
   1.59500000000000       7.497188311870895E+018
   1.60000000000000       7.497254804809602E+018
   1.60500000000000       7.497319666048725E+018
   1.61000000000000       7.497382935629550E+018
   1.61500000000000       7.497444652609489E+018
   1.62000000000000       7.497504855093370E+018
   1.62500000000000       7.497563580240585E+018
   1.63000000000000       7.497620864308671E+018
   1.63500000000000       7.497676742654786E+018
   1.64000000000000       7.497731249781769E+018
   1.64500000000000       7.497784419334035E+018
   1.65000000000000       7.497836284135842E+018
   1.65500000000000       7.497886876204155E+018
   1.66000000000000       7.497936226771874E+018
   1.66500000000000       7.497984366309721E+018
   1.67000000000000       7.498031324526620E+018
   1.67500000000000       7.498077130416545E+018
   1.68000000000000       7.498121812256774E+018
   1.68500000000000       7.498165397631489E+018
   1.69000000000000       7.498207913443715E+018
   1.69500000000000       7.498249385944159E+018
   1.70000000000000       7.498289840731700E+018
   1.70500000000000       7.498329302782020E+018
   1.71000000000000       7.498367796457445E+018
   1.71500000000000       7.498405345519519E+018
   1.72000000000000       7.498441973150546E+018
   1.72500000000000       7.498477701958281E+018
   1.73000000000000       7.498512554003348E+018
   1.73500000000000       7.498546550797369E+018
   1.74000000000000       7.498579713330074E+018
   1.74500000000000       7.498612062073394E+018
   1.75000000000000       7.498643616999279E+018
   1.75500000000000       7.498674397583295E+018
   1.76000000000000       7.498704422828308E+018
   1.76500000000000       7.498733711273767E+018
   1.77000000000000       7.498762280996347E+018
   1.77500000000000       7.498790149634524E+018
   1.78000000000000       7.498817334392313E+018
   1.78500000000000       7.498843852050585E+018
   1.79000000000000       7.498869718982219E+018
   1.79500000000000       7.498894951152548E+018
   1.80000000000000       7.498919564143715E+018
   1.80500000000000       7.498943573140488E+018
   1.81000000000000       7.498966992975323E+018
   1.81500000000000       7.498989838099035E+018
   1.82000000000000       7.499012122614742E+018
   1.82500000000000       7.499033860282681E+018
   1.83000000000000       7.499055064522674E+018
   1.83500000000000       7.499075748421407E+018
   1.84000000000000       7.499095924746244E+018
   1.84500000000000       7.499115605959775E+018
   1.85000000000000       7.499134804206349E+018
   1.85500000000000       7.499153531337307E+018
   1.86000000000000       7.499171798917164E+018
   1.86500000000000       7.499189618219363E+018
   1.87000000000000       7.499207000250255E+018
   1.87500000000000       7.499223955730370E+018
   1.88000000000000       7.499240495136560E+018
   1.88500000000000       7.499256628673838E+018
   1.89000000000000       7.499272366303282E+018
   1.89500000000000       7.499287717740119E+018
   1.90000000000000       7.499302692462676E+018
   1.90500000000000       7.499317299713096E+018
   1.91000000000000       7.499331548509953E+018
   1.91500000000000       7.499345447650385E+018
   1.92000000000000       7.499359005714680E+018
   1.92500000000000       7.499372231070531E+018
   1.93000000000000       7.499385131883703E+018
   1.93500000000000       7.499397716119930E+018
   1.94000000000000       7.499409991542122E+018
   1.94500000000000       7.499421965736492E+018
   1.95000000000000       7.499433646088626E+018
   1.95500000000000       7.499445039811841E+018
   1.96000000000000       7.499456153941832E+018
   1.96500000000000       7.499466995335773E+018
   1.97000000000000       7.499477570688474E+018
   1.97500000000000       7.499487886526990E+018
   1.98000000000000       7.499497949223583E+018
   1.98500000000000       7.499507764984649E+018
   1.99000000000000       7.499517339873663E+018
   1.99500000000000       7.499526679800565E+018
   2.00000000000000       7.499535790530846E+018
   2.00500000000000       7.499544677688521E+018
   2.01000000000000       7.499553346760268E+018
   2.01500000000000       7.499561803099885E+018
   2.02000000000000       7.499570051923536E+018
   2.02500000000000       7.499578098325033E+018
   2.03000000000000       7.499585947277638E+018
   2.03500000000000       7.499593603614337E+018
   2.04000000000000       7.499601072076290E+018
   2.04500000000000       7.499608357259738E+018
   2.05000000000000       7.499615463672271E+018
   2.05500000000000       7.499622395695688E+018
   2.06000000000000       7.499629157613536E+018
   2.06500000000000       7.499635753598307E+018
   2.07000000000000       7.499642187717813E+018
   2.07500000000000       7.499648463951775E+018
   2.08000000000000       7.499654586169692E+018
   2.08500000000000       7.499660558149264E+018
   2.09000000000000       7.499666383583097E+018
   2.09500000000000       7.499672066062523E+018
   2.10000000000000       7.499677609095817E+018
   2.10500000000000       7.499683016108833E+018
   2.11000000000000       7.499688290435571E+018
   2.11500000000000       7.499693435332732E+018
   2.12000000000000       7.499698453978765E+018
   2.12500000000000       7.499703349468602E+018
   2.13000000000000       7.499708124825938E+018
   2.13500000000000       7.499712783000155E+018
   2.14000000000000       7.499717326863664E+018
   2.14500000000000       7.499721759224648E+018
   2.15000000000000       7.499726082818024E+018
   2.15500000000000       7.499730300312456E+018
   2.16000000000000       7.499734414311345E+018
   2.16500000000000       7.499738427358102E+018
   2.17000000000000       7.499742341922510E+018
   2.17500000000000       7.499746160429840E+018
   2.18000000000000       7.499749885230022E+018
   2.18500000000000       7.499753518627761E+018
   2.19000000000000       7.499757062862538E+018
   2.19500000000000       7.499760520123654E+018
   2.20000000000000       7.499763892549156E+018
   2.20500000000000       7.499767182211320E+018
   2.21000000000000       7.499770391154033E+018
   2.21500000000000       7.499773521345623E+018
   2.22000000000000       7.499776574725225E+018
   2.22500000000000       7.499779553179393E+018
   2.23000000000000       7.499782458540536E+018
   2.23500000000000       7.499785292606623E+018
   2.24000000000000       7.499788057127980E+018
   2.24500000000000       7.499790753808198E+018
   2.25000000000000       7.499793384314425E+018
   2.25500000000000       7.499795950268566E+018
   2.26000000000000       7.499798453254487E+018
   2.26500000000000       7.499800894821324E+018
   2.27000000000000       7.499803276472233E+018
   2.27500000000000       7.499805599679364E+018
   2.28000000000000       7.499807865875196E+018
   2.28500000000000       7.499810076460679E+018
   2.29000000000000       7.499812232799461E+018
   2.29500000000000       7.499814336222768E+018
   2.30000000000000       7.499816388028076E+018
   2.30500000000000       7.499818389486108E+018
   2.31000000000000       7.499820341827503E+018
   2.31500000000000       7.499822246260522E+018
   2.32000000000000       7.499824103959115E+018
   2.32500000000000       7.499825916071637E+018
   2.33000000000000       7.499827683714282E+018
   2.33500000000000       7.499829407981328E+018
   2.34000000000000       7.499831089937360E+018
   2.34500000000000       7.499832730614969E+018
   2.35000000000000       7.499834331034023E+018
   2.35500000000000       7.499835892182119E+018
   2.36000000000000       7.499837415016453E+018
   2.36500000000000       7.499838900483594E+018
   2.37000000000000       7.499840349496623E+018
   2.37500000000000       7.499841762952142E+018
   2.38000000000000       7.499843141721654E+018
   2.38500000000000       7.499844486658670E+018
   2.39000000000000       7.499845798592267E+018
   2.39500000000000       7.499847078328828E+018
   2.40000000000000       7.499848326665172E+018
   2.40500000000000       7.499849544364384E+018
   2.41000000000000       7.499850732182566E+018
   2.41500000000000       7.499851890854663E+018
   2.42000000000000       7.499853021092148E+018
   2.42500000000000       7.499854123594310E+018
   2.43000000000000       7.499855199042301E+018
   2.43500000000000       7.499856248098490E+018
   2.44000000000000       7.499857271409924E+018
   2.44500000000000       7.499858269612952E+018
   2.45000000000000       7.499859243319757E+018
   2.45500000000000       7.499860193131071E+018
   2.46000000000000       7.499861119636119E+018
   2.46500000000000       7.499862023404468E+018
   2.47000000000000       7.499862904995217E+018
   2.47500000000000       7.499863764953005E+018
   2.48000000000000       7.499864603805543E+018
   2.48500000000000       7.499865422075432E+018
   2.49000000000000       7.499866220264789E+018
   2.49500000000000       7.499866998868196E+018
   2.50000000000000       7.499867758361902E+018
