  5.000000000000000E-003   118.941441648007        59.7684410196389     
  1.000000000000000E-002   117.949129064273        59.4596619826807     
  1.500000000000000E-002   116.962093569146        59.1480517343757     
  2.000000000000000E-002   115.868304746988        58.7906263970640     
  2.500000000000000E-002   114.800874492175        58.4344020343149     
  3.000000000000000E-002   113.749020292875        58.0762310248284     
  3.500000000000000E-002   112.708059683925        57.7148265068028     
  4.000000000000000E-002   111.675646452450        57.3496112034627     
  4.500000000000000E-002   110.650525384000        56.9803423514283     
  5.000000000000000E-002   109.632043188116        56.6069698908540     
  5.500000000000000E-002   108.619931490507        56.2295778764986     
  6.000000000000000E-002   107.614199027430        55.8483582203258     
  6.500000000000000E-002   106.615070020591        55.4635968244224     
  7.000000000000001E-002   105.622942127462        55.0756636138180     
  7.500000000000000E-002   104.638352411799        54.6850028545018     
  8.000000000000000E-002   103.661946571115        54.2921224446194     
  8.500000000000001E-002   102.694449844645        53.8975820033124     
  9.000000000000000E-002   101.736639476018        53.5019801193589     
  9.500000000000000E-002   100.789319169640        53.1059413265593     
  0.100000000000000        99.8532960905564        52.7101033901188     
  0.105000000000000        98.9293608527032        52.3151054065713     
  0.110000000000000        98.0182707527351        51.9215770945220     
  0.115000000000000        97.1207363102855        51.5301295194949     
  0.120000000000000        96.2374110071048        51.1413473727916     
  0.125000000000000        95.3688839907802        50.7557828219396     
  0.130000000000000        94.5156754267536        50.3739508723221     
  0.135000000000000        93.6782341383631        49.9963261244387     
  0.140000000000000        92.8569371624096        49.6233407777122     
  0.145000000000000        92.0520908582576        49.2553837141571     
  0.150000000000000        91.2639332339247        48.8928004912539     
  0.155000000000000        90.4926371879941        48.5358940783212     
  0.160000000000000        89.7383144049346        48.1849261821731     
  0.165000000000000        89.0010196817457        47.8401190227747     
  0.170000000000000        88.2807555020179        47.5016574367078     
  0.175000000000000        87.5774767091765        47.1696912034941     
  0.180000000000000        86.8910951618360        46.8443375067765     
  0.185000000000000        86.2214842819235        46.5256834579764     
  0.190000000000000        85.5684834293622        46.2137886243781     
  0.195000000000000        84.9319020563034        45.9086875158667     
  0.200000000000000        84.3115236101585        45.6103919957430     
  0.205000000000000        83.7071091668352        45.3188935898489     
  0.210000000000000        83.1184007860811        45.0341656762223     
  0.215000000000000        82.5451245881189        44.7561655434528     
  0.220000000000000        81.9869935570365        44.4848363114843     
  0.225000000000000        81.4437100800207        44.2201087120184     
  0.230000000000000        80.9149682351257        43.9619027293554     
  0.235000000000000        80.4004558416363        43.7101291045800     
  0.240000000000000        79.8998562887872        43.4646907078513     
  0.245000000000000        79.4128501585341        43.2254837847666     
  0.250000000000000        78.9391166588185        42.9923990837162     
  0.255000000000000        78.4783348827030        42.7653228714207     
  0.260000000000000        78.0301849091858        42.5441378443932     
  0.265000000000000        77.5943487596775        42.3287239437510     
  0.270000000000000        77.1705112243473        42.1189590811094     
  0.275000000000000        76.7583605710500        41.9147197826675     
  0.280000000000000        76.3575891487146        41.7158817585578     
  0.285000000000000        75.9678938964258        41.5223204041579     
  0.290000000000000        75.5889767681314        41.3339112394773     
  0.295000000000000        75.2205450824455        41.1505302926052     
  0.300000000000000        74.8623118059845        40.9720544326286     
  0.305000000000000        74.5139957776858        40.7983616569670     
  0.310000000000000        74.1753218814579        40.6293313379018     
  0.315000000000000        73.8460211729827        40.4648444323879     
  0.320000000000000        73.5258309667564        40.3047836592545     
  0.325000000000000        73.2144948879948        40.1490336470765     
  0.330000000000000        72.9117628943363        39.9974810561662     
  0.335000000000000        72.6173912711250        39.8500146774622     
  0.340000000000000        72.3311426040242        39.7065255110570     
  0.345000000000000        72.0527857322355        39.5669068266841     
  0.350000000000000        71.7820956848825        39.4310542082933     
  0.355000000000000        71.5188536036251        39.2988655847753     
  0.360000000000000        71.2628466532923        39.1702412484392     
  0.365000000000000        71.0138679226056        39.0450838627981     
  0.370000000000000        70.7717163170848        38.9232984612274     
  0.375000000000000        70.5361964451967        38.8047924374915     
  0.380000000000000        70.3071184995261        38.6894755294795     
  0.385000000000000        70.0842981337179        38.5772597969038     
  0.390000000000000        69.8675563368283        38.4680595941508     
  0.395000000000000        69.6567193052292        38.3617915386642     
  0.400000000000000        69.4516183137161        38.2583744760029     
  0.405000000000000        69.2520895856327        38.1577294417494     
  0.410000000000000        69.0579741632898        38.0597796211313     
  0.415000000000000        68.8691177788029        37.9644503066788     
  0.420000000000000        68.6853707258899        37.8716688543849     
  0.425000000000000        68.5065877330565        37.7813646387102     
  0.430000000000000        68.3326278382842        37.6934690067307     
  0.435000000000000        68.1633542657666        37.6079152318566     
  0.440000000000000        67.9986343046284        37.5246384671192     
  0.445000000000000        67.8383391899607        37.4435756984432     
  0.450000000000000        67.6823439863023        37.3646656980402     
  0.455000000000000        67.5305274736117        37.2878489780005     
  0.460000000000000        67.3827720358696        37.2130677443117     
  0.465000000000000        67.2389635524067        37.1402658513810     
  0.470000000000000        67.0989912917818        37.0693887571174     
  0.475000000000000        66.9627478086229        37.0003834787797     
  0.480000000000000        66.8301288430908        36.9331985494883     
  0.485000000000000        66.7010332230925        36.8677839755981     
  0.490000000000000        66.5753627692494        36.8040911948887     
  0.495000000000000        66.4530222026241        36.7420730356613     
  0.500000000000000        66.3339190550660        36.6816836767510     
  0.505000000000000        66.2179635821565        36.6228786084060     
  0.510000000000000        66.1050686789178        36.5656145941936     
  0.515000000000000        65.9951497979391        36.5098496338372     
  0.520000000000000        65.8881248699794        36.4555429269239     
  0.525000000000000        65.7839142272220        36.4026548377127     
  0.530000000000000        65.6824405285662        36.3511468607071     
  0.535000000000000        65.5836286877149        36.3009815873601     
  0.540000000000000        65.4874058030760        36.2521226735382     
  0.545000000000000        65.3937010902533        36.2045348080251     
  0.550000000000000        65.3024458164061        36.1581836818364     
  0.555000000000000        65.2135732369287        36.1130359585102     
  0.560000000000000        65.1270185339736        36.0690592451483     
  0.565000000000000        65.0427187571783        36.0262220644749     
  0.570000000000000        64.9606127660039        35.9844938275369     
  0.575000000000000        64.8806411742209        35.9438448073728     
  0.580000000000000        64.8027462960396        35.9042461133985     
  0.585000000000000        64.7268720940084        35.8656696665925     
  0.590000000000000        64.6529641286341        35.8280881754162     
  0.595000000000000        64.5809695095853        35.7914751124869     
  0.600000000000000        64.5108368485751        35.7558046919859     
  0.605000000000000        64.4425162135643        35.7210518476542     
  0.610000000000000        64.3759590847915        35.6871922116570     
  0.615000000000000        64.3111183118405        35.6542020938873     
  0.620000000000000        64.2479480723893        35.6220584620434     
  0.625000000000000        64.1864038321971        35.5907389223339     
  0.630000000000000        64.1264423062777        35.5602217006239     
  0.635000000000000        64.0680214215192        35.5304856243727     
  0.640000000000000        64.0111002804397        35.5015101049958     
  0.645000000000000        63.9556391259023        35.4732751207656     
  0.650000000000000        63.9015993074097        35.4457612003688     
  0.655000000000000        63.8489432479348        35.4189494067663     
  0.660000000000000        63.7976344123565        35.3928213218151     
  0.665000000000000        63.7476372764187        35.3673590310964     
  0.670000000000000        63.6989172970376        35.3425451093890     
  0.675000000000000        63.6514408833674        35.3183626065631     
  0.680000000000000        63.6051753688193        35.2947950338121     
  0.685000000000000        63.5600889839872        35.2718263504335     
  0.690000000000000        63.5161508304625        35.2494409509676     
  0.695000000000000        63.4733308553393        35.2276236526491     
  0.700000000000000        63.4315998267478        35.2063596834241     
  0.705000000000000        63.3909293098652        35.1856346701186     
  0.710000000000000        63.3512916439375        35.1654346271320     
  0.715000000000000        63.3126599199277        35.1457459454316     
  0.720000000000000        63.2750079587515        35.1265553817995     
  0.725000000000000        63.2383102903749        35.1078500485362     
  0.730000000000000        63.2025421333816        35.0896174033707     
  0.735000000000000        63.1676793753520        35.0718452397316     
  0.740000000000000        63.1336985537404        35.0545216773173     
  0.745000000000000        63.1005768372209        35.0376351528555     
  0.750000000000000        63.0682920079148        35.0211744112990     
  0.755000000000000        63.0368224438452        35.0051284971211     
  0.760000000000000        63.0061471021681        34.9894867460139     
  0.765000000000000        62.9762455027533        34.9742387767238     
  0.770000000000000        62.9470977122819        34.9593744831608     
  0.775000000000000        62.9186843289532        34.9448840268026     
  0.780000000000000        62.8909864675026        34.9307578292361     
  0.785000000000000        62.8639857447319        34.9169865649617     
  0.790000000000000        62.8376642655059        34.9035611544247     
  0.795000000000000        62.8120046090885        34.8904727572163     
  0.800000000000000        62.7869898159609        34.8777127654781     
  0.805000000000000        62.7626033750274        34.8652727975556     
  0.810000000000000        62.7388292110917        34.8531446917162     
  0.815000000000000        62.7156516728798        34.8413205002083     
  0.820000000000000        62.6930555213250        34.8297924833701     
  0.825000000000000        62.6710259181124        34.8185531039338     
  0.830000000000000        62.6495484147499        34.8075950215532     
  0.835000000000000        62.6286089418177        34.7969110874343     
  0.840000000000000        62.6081937985027        34.7864943390613     
  0.845000000000000        62.5882896427099        34.7763379952963     
  0.850000000000000        62.5688834809926        34.7664354513175     
  0.855000000000000        62.5499626592816        34.7567802739463     
  0.860000000000000        62.5315148534763        34.7473661969702     
  0.865000000000000        62.5135280605905        34.7381871166821     
  0.870000000000000        62.4959905899689        34.7292370874671     
  0.875000000000000        62.4788910548768        34.7205103175951     
  0.880000000000000        62.4622183642213        34.7120011650607     
  0.885000000000000        62.4459617146382        34.7037041335916     
  0.890000000000000        62.4301105827014        34.6956138687571     
  0.895000000000000        62.4146547173354        34.6877251541385     
  0.900000000000000        62.3995841326637        34.6800329077225     
  0.905000000000000        62.3848891006967        34.6725321782613     
  0.910000000000000        62.3705601445339        34.6652181418063     
  0.915000000000000        62.3565880316478        34.6580860983431     
  0.920000000000000        62.3429637673522        34.6511314685093     
  0.925000000000000        62.3296785884003        34.6443497903645     
  0.930000000000000        62.3167239569079        34.6377367163249     
  0.935000000000000        62.3040915543062        34.6312880101055     
  0.940000000000000        62.2917732755707        34.6249995438347     
  0.945000000000000        62.2797612234701        34.6188672951239     
  0.950000000000000        62.2680477031769        34.6128873443690     
  0.955000000000000        62.2566252168376        34.6070558719979     
  0.960000000000000        62.2454864583669        34.6013691558487     
  0.965000000000000        62.2346243084950        34.5958235686616     
  0.970000000000000        62.2240318296895        34.5904155755103     
  0.975000000000000        62.2137022614943        34.5851417314677     
  0.980000000000000        62.2036290158734        34.5799986792210     
  0.985000000000000        62.1938056725839        34.5749831467550     
  0.990000000000000        62.1842259749242        34.5700919451948     
  0.995000000000000        62.1748838253110        34.5653219665642     
   1.00000000000000        62.1657732812311        34.5606701817423     
   1.00500000000000        62.1568885511951        34.5561336384205     
   1.01000000000000        62.1482239906439        34.5517094590032     
   1.01500000000000        62.1397740983295        34.5473948388197     
   1.02000000000000        62.1315335124393        34.5431870441215     
   1.02500000000000        62.1234970070418        34.5390834102943     
   1.03000000000000        62.1156594884919        34.5350813400590     
   1.03500000000000        62.1080159921709        34.5311783017720     
   1.04000000000000        62.1005616788385        34.5273718276220     
   1.04500000000000        62.0932918316951        34.5236595121111     
   1.05000000000000        62.0862018530724        34.5200390103972     
   1.05500000000000        62.0792872612805        34.5165080366778     
   1.06000000000000        62.0725436878366        34.5130643627822     
   1.06500000000000        62.0659668743296        34.5097058166153     
   1.07000000000000        62.0595526696831        34.5064302807102     
   1.07500000000000        62.0532970274171        34.5032356909019     
   1.08000000000000        62.0471960028642        34.5001200348443     
   1.08500000000000        62.0412457506631        34.4970813508250     
   1.09000000000000        62.0354425221461        34.4941177263423     
   1.09500000000000        62.0297826628395        34.4912272969079     
   1.10000000000000        62.0242626101453        34.4884082448391     
   1.10500000000000        62.0188788909027        34.4856587980284     
   1.11000000000000        62.0136281190594        34.4829772287434     
   1.11500000000000        62.0085069936486        34.4803618526283     
   1.12000000000000        62.0035122963434        34.4778110274255     
   1.12500000000000        61.9986408896028        34.4753231520718     
   1.13000000000000        61.9938897143620        34.4728966654941     
   1.13500000000000        61.9892557883225        34.4705300457348     
   1.14000000000000        61.9847362036889        34.4682218088514     
   1.14500000000000        61.9803281255365        34.4659705080203     
   1.15000000000000        61.9760287897791        34.4637747325413     
   1.15500000000000        61.9718355014841        34.4616331069703     
   1.16000000000000        61.9677456330485        34.4595442902151     
   1.16500000000000        61.9637566225085        34.4575069746182     
   1.17000000000000        61.9598659718691        34.4555198851634     
   1.17500000000000        61.9560712455686        34.4535817786808     
   1.18000000000000        61.9523700687074        34.4516914429154     
   1.18500000000000        61.9487601257234        34.4498476958832     
   1.19000000000000        61.9452391587657        34.4480493850445     
   1.19500000000000        61.9418049662570        34.4462953865528     
   1.20000000000000        61.9384554015274        34.4445846045682     
   1.20500000000000        61.9351883712965        34.4429159704940     
   1.21000000000000        61.9320018345394        34.4412884423738     
   1.21500000000000        61.9288938009214        34.4397010041256     
   1.22000000000000        61.9258623297162        34.4381526649742     
   1.22500000000000        61.9229055284887        34.4366424587732     
   1.23000000000000        61.9200215518437        34.4351694433706     
   1.23500000000000        61.9172086002757        34.4337327000513     
   1.24000000000000        61.9144649190597        34.4323313329351     
   1.24500000000000        61.9117887970116        34.4309644683440     
   1.25000000000000        61.9091785655070        34.4296312543386     
   1.25500000000000        61.9066325973342        34.4283308601084     
   1.26000000000000        61.9041493057667        34.4270624754970     
   1.26500000000000        61.9017271433706        34.4258253103883     
   1.27000000000000        61.8993646011757        34.4246185943303     
   1.27500000000000        61.8970602076541        34.4234415759379     
   1.28000000000000        61.8948125277433        34.4222935224593     
   1.28500000000000        61.8926201620295        34.4211737193327     
   1.29000000000000        61.8904817457534        34.4200814696915     
   1.29500000000000        61.8883959480339        34.4190160939363     
   1.30000000000000        61.8863614709039        34.4179769292958     
   1.30500000000000        61.8843770486395        34.4169633294417     
   1.31000000000000        61.8824414468253        34.4159746640234     
   1.31500000000000        61.8805534616241        34.4150103183093     
   1.32000000000000        61.8787119190315        34.4140696927804     
   1.32500000000000        61.8769156741027        34.4131522027736     
   1.33000000000000        61.8751636102151        34.4122572780650     
   1.33500000000000        61.8734546383978        34.4113843625538     
   1.34000000000000        61.8717876966418        34.4105329139064     
   1.34500000000000        61.8701617491962        34.4097024031799     
   1.35000000000000        61.8685757859143        34.4088923145255     
   1.35500000000000        61.8670288216594        34.4081021448386     
   1.36000000000000        61.8655198956351        34.4073314034684     
   1.36500000000000        61.8640480708239        34.4065796118642     
   1.37000000000000        61.8626124333340        34.4058463033264     
   1.37500000000000        61.8612120918937        34.4051310226735     
   1.38000000000000        61.8598461772483        34.4044333259795     
   1.38500000000000        61.8585138415634        34.4037527802452     
   1.39000000000000        61.8572142580495        34.4030889632333     
   1.39500000000000        61.8559466202638        34.4024414630721     
   1.40000000000000        61.8547101417458        34.4018098781093     
   1.40500000000000        61.8535040553423        34.4011938165474     
   1.41000000000000        61.8523276129588        34.4005928963156     
   1.41500000000000        61.8511800849054        34.4000067447536     
   1.42000000000000        61.8500607595259        34.3994349983840     
   1.42500000000000        61.8489689426742        34.3988773027013     
   1.43000000000000        61.8479039574474        34.3983333119782     
   1.43500000000000        61.8468651435191        34.3978026889763     
   1.44000000000000        61.8458518569389        34.3972851047940     
   1.44500000000000        61.8448634695968        34.3967802386463     
   1.45000000000000        61.8438993688956        34.3962877776356     
   1.45500000000000        61.8429589573250        34.3958074166131     
   1.46000000000000        61.8420416521471        34.3953388579190     
   1.46500000000000        61.8411468849145        34.3948818112465     
   1.47000000000000        61.8402741012849        34.3944359934411     
   1.47500000000000        61.8394227605427        34.3940011283611     
   1.48000000000000        61.8385923352952        34.3935769466102     
   1.48500000000000        61.8377823111361        34.3931631854736     
   1.49000000000000        61.8369921863662        34.3927595886991     
   1.49500000000000        61.8362214716205        34.3923659063326     
   1.50000000000000        61.8354696896115        34.3919818946053     
   1.50500000000000        61.8347363747933        34.3916073157288     
   1.51000000000000        61.8340210731405        34.3912419378043     
   1.51500000000000        61.8333233417101        34.3908855345997     
   1.52000000000000        61.8326427485639        34.3905378854747     
   1.52500000000000        61.8319788723457        34.3901987752482     
   1.53000000000000        61.8313313021235        34.3898679939987     
   1.53500000000000        61.8306996370248        34.3895453369824     
   1.54000000000000        61.8300834861011        34.3892306045230     
   1.54500000000000        61.8294824679740        34.3889236018075     
   1.55000000000000        61.8288962107299        34.3886241388762     
   1.55500000000000        61.8283243515204        34.3883320304121     
   1.56000000000000        61.8277665365158        34.3880470956618     
   1.56500000000000        61.8272224205315        34.3877691583321     
   1.57000000000000        61.8266916669049        34.3874980464617     
   1.57500000000000        61.8261739472508        34.3872335923027     
   1.58000000000000        61.8256689412709        34.3869756322664     
   1.58500000000000        61.8251763365530        34.3867240067848     
   1.59000000000000        61.8246958283570        34.3864785601834     
   1.59500000000000        61.8242271194655        34.3862391406656     
   1.60000000000000        61.8237699199204        34.3860056001107     
   1.60500000000000        61.8233239469741        34.3857777941057     
   1.61000000000000        61.8228889247777        34.3855555817506     
   1.61500000000000        61.8224645842383        34.3853388255952     
   1.62000000000000        61.8220506630033        34.3851273916309     
   1.62500000000000        61.8216469050211        34.3849211490689     
   1.63000000000000        61.8212530606786        34.3847199704162     
   1.63500000000000        61.8208688863729        34.3845237312407     
   1.64000000000000        61.8204941446014        34.3843323102150     
   1.64500000000000        61.8201286036167        34.3841455889816     
   1.65000000000000        61.8197720374318        34.3839634521073     
   1.65500000000000        61.8194242255651        34.3837857869578     
   1.66000000000000        61.8190849529988        34.3836124837243     
   1.66500000000000        61.8187540100110        34.3834434352630     
   1.67000000000000        61.8184311919580        34.3832785370555     
   1.67500000000000        61.8181162993055        34.3831176871719     
   1.68000000000000        61.8178091373886        34.3829607861876     
   1.68500000000000        61.8175095163361        34.3828077371095     
   1.69000000000000        61.8172172509368        34.3826584453365     
   1.69500000000000        61.8169321605569        34.3825128186015     
   1.70000000000000        61.8166540689641        34.3823707668805     
   1.70500000000000        61.8163828042733        34.3822322023819     
   1.71000000000000        61.8161181988632        34.3820970394838     
   1.71500000000000        61.8158600891752        34.3819651946389     
   1.72000000000000        61.8156083156671        34.3818365863534     
   1.72500000000000        61.8153627227794        34.3817111351663     
   1.73000000000000        61.8151231587019        34.3815887635343     
   1.73500000000000        61.8148894754199        34.3814693958596     
   1.74000000000000        61.8146615285034        34.3813529583523     
   1.74500000000000        61.8144391771251        34.3812393790882     
   1.75000000000000        61.8142222838590        34.3811285878622     
   1.75500000000000        61.8140107146816        34.3810205162250     
   1.76000000000000        61.8138043388775        34.3809150974015     
   1.76500000000000        61.8136030289250        34.3808122662519     
   1.77000000000000        61.8134066604386        34.3807119592381     
   1.77500000000000        61.8132151120942        34.3806141143940     
   1.78000000000000        61.8130282655330        34.3805186712592     
   1.78500000000000        61.8128460053170        34.3804255708629     
   1.79000000000000        61.8126682188319        34.3803347556911     
   1.79500000000000        61.8124947962643        34.3802461696389     
   1.80000000000000        61.8123256304552        34.3801597579766     
   1.80500000000000        61.8121606168755        34.3800754673093     
   1.81000000000000        61.8119996536294        34.3799932455876     
   1.81500000000000        61.8118426412469        34.3799130420020     
   1.82000000000000        61.8116894827088        34.3798348069907     
   1.82500000000000        61.8115400834745        34.3797584922707     
   1.83000000000000        61.8113943511973        34.3796840506607     
   1.83500000000000        61.8112521958548        34.3796114361821     
   1.84000000000000        61.8111135296456        34.3795406039928     
   1.84500000000000        61.8109782669144        34.3794715103210     
   1.85000000000000        61.8108463241308        34.3794041125147     
   1.85500000000000        61.8107176197478        34.3793383689179     
   1.86000000000000        61.8105920742982        34.3792742389286     
   1.86500000000000        61.8104696102283        34.3792116829424     
   1.87000000000000        61.8103501519119        34.3791506623165     
   1.87500000000000        61.8102336255144        34.3790911393548     
   1.88000000000000        61.8101199591324        34.3790330773038     
   1.88500000000000        61.8100090824924        34.3789764402895     
   1.89000000000000        61.8099009271593        34.3789211933468     
   1.89500000000000        61.8097954263268        34.3788673023476     
   1.90000000000000        61.8096925148223        34.3788147340007     
   1.90500000000000        61.8095921290890        34.3787634558498     
   1.91000000000000        61.8094942071202        34.3787134362070     
   1.91500000000000        61.8093986884613        34.3786646442059     
   1.92000000000000        61.8093055140944        34.3786170496869     
   1.92500000000000        61.8092146264997        34.3785706232824     
   1.93000000000000        61.8091259695210        34.3785253362908     
   1.93500000000000        61.8090394884228        34.3784811607681     
   1.94000000000000        61.8089551297846        34.3784380694180     
   1.94500000000000        61.8088728415347        34.3783960356473     
   1.95000000000000        61.8087925728247        34.3783550334755     
   1.95500000000000        61.8087142740996        34.3783150375914     
   1.96000000000000        61.8086378970078        34.3782760233031     
   1.96500000000000        61.8085633943703        34.3782379665026     
   1.97000000000000        61.8084907201861        34.3782008436982     
   1.97500000000000        61.8084198295850        34.3781646319673     
   1.98000000000000        61.8083506787868        34.3781293089398     
   1.98500000000000        61.8082832250704        34.3780948528059     
   1.99000000000000        61.8082174268053        34.3780612422959     
   1.99500000000000        61.8081532433470        34.3780284566459     
   2.00000000000000        61.8080906350683        34.3779964756142     
   2.00500000000000        61.8080295632952        34.3779652794455     
   2.01000000000000        61.8079699903334        34.3779348488899     
   2.01500000000000        61.8079118793914        34.3779051651445     
   2.02000000000000        61.8078551945671        34.3778762098818     
   2.02500000000000        61.8077999008879        34.3778479652308     
   2.03000000000000        61.8077459642061        34.3778204137406     
   2.03500000000000        61.8076933511819        34.3777935384008     
   2.04000000000000        61.8076420293858        34.3777673226304     
   2.04500000000000        61.8075919670505        34.3777417502034     
   2.05000000000000        61.8075431333323        34.3777168053760     
   2.05500000000000        61.8074954980401        34.3776924727093     
   2.06000000000000        61.8074490317956        34.3776687372088     
   2.06500000000000        61.8074037058745        34.3776455841922     
   2.07000000000000        61.8073594922866        34.3776229993782     
   2.07500000000000        61.8073163637658        34.3776009688228     
   2.08000000000000        61.8072742936746        34.3775794789265     
   2.08500000000000        61.8072332559926        34.3775585163980     
   2.09000000000000        61.8071932254397        34.3775380683230     
   2.09500000000000        61.8071541772682        34.3775181220567     
   2.10000000000000        61.8071160873581        34.3774986652862     
   2.10500000000000        61.8070789322190        34.3774796860023     
   2.11000000000000        61.8070426888845        34.3774611724818     
   2.11500000000000        61.8070073350006        34.3774431132993     
   2.12000000000000        61.8069728487317        34.3774254973065     
   2.12500000000000        61.8069392087621        34.3774083136178     
   2.13000000000000        61.8069063943558        34.3773915516306     
   2.13500000000000        61.8068743852285        34.3773752009894     
   2.14000000000000        61.8068431616196        34.3773592516011     
   2.14500000000000        61.8068127042833        34.3773436936367     
   2.15000000000000        61.8067829943572        34.3773285174556     
   2.15500000000000        61.8067540135500        34.3773137137152     
   2.16000000000000        61.8067257439309        34.3772992732635     
   2.16500000000000        61.8066981680784        34.3772851871886     
   2.17000000000000        61.8066712689338        34.3772714467890     
   2.17500000000000        61.8066450299200        34.3772580435858     
   2.18000000000000        61.8066194347954        34.3772449692929     
   2.18500000000000        61.8065944678124        34.3772322158611     
   2.19000000000000        61.8065701135063        34.3772197753963     
   2.19500000000000        61.8065463568722        34.3772076402240     
   2.20000000000000        61.8065231832508        34.3771958028627     
   2.20500000000000        61.8065005782967        34.3771842559876     
   2.21000000000000        61.8064785280824        34.3771729924733     
   2.21500000000000        61.8064570189847        34.3771620053734     
   2.22000000000000        61.8064360377160        34.3771512878920     
   2.22500000000000        61.8064155713516        34.3771408334231     
   2.23000000000000        61.8063956072102        34.3771306355057     
   2.23500000000000        61.8063761330090        34.3771206878544     
   2.24000000000000        61.8063571366990        34.3771109843128     
   2.24500000000000        61.8063386065671        34.3771015189004     
   2.25000000000000        61.8063205311800        34.3770922857782     
   2.25500000000000        61.8063028993551        34.3770832792329     
   2.26000000000000        61.8062857001925        34.3770744936958     
   2.26500000000000        61.8062689231231        34.3770659237665     
   2.27000000000000        61.8062525577658        34.3770575641503     
   2.27500000000000        61.8062365940136        34.3770494096748     
   2.28000000000000        61.8062210220022        34.3770414553039     
   2.28500000000000        61.8062058321322        34.3770336961402     
   2.29000000000000        61.8061910150374        34.3770261273909     
   2.29500000000000        61.8061765615130        34.3770187443552     
   2.30000000000000        61.8061624627065        34.3770115425171     
   2.30500000000000        61.8061487098797        34.3770045174071     
   2.31000000000000        61.8061352945557        34.3769976647029     
   2.31500000000000        61.8061222084425        34.3769909801602     
   2.32000000000000        61.8061094434533        34.3769844596508     
   2.32500000000000        61.8060969917128        34.3769780991526     
   2.33000000000000        61.8060848455456        34.3769718947521     
   2.33500000000000        61.8060729974283        34.3769658425871     
   2.34000000000000        61.8060614400841        34.3769599389538     
   2.34500000000000        61.8060501663335        34.3769541801941     
   2.35000000000000        61.8060391692531        34.3769485627555     
   2.35500000000000        61.8060284420453        34.3769430831653     
   2.36000000000000        61.8060179780630        34.3769377380368     
   2.36500000000000        61.8060077708842        34.3769325240882     
   2.37000000000000        61.8059978141634        34.3769274380753     
   2.37500000000000        61.8059881018042        34.3769224768906     
   2.38000000000000        61.8059786277664        34.3769176374346     
   2.38500000000000        61.8059693862258        34.3769129167440     
   2.39000000000000        61.8059603714688        34.3769083119032     
   2.39500000000000        61.8059515779358        34.3769038200589     
   2.40000000000000        61.8059430001972        34.3768994384492     
   2.40500000000000        61.8059346329513        34.3768951643546     
   2.41000000000000        61.8059264710172        34.3768909951461     
   2.41500000000000        61.8059185094121        34.3768869282622     
   2.42000000000000        61.8059107431485        34.3768829611622     
   2.42500000000000        61.8059031674875        34.3768790914274     
   2.43000000000000        61.8058957777210        34.3768753166402     
   2.43500000000000        61.8058885692922        34.3768716344907     
   2.44000000000000        61.8058815377536        34.3768680426982     
   2.44500000000000        61.8058746787848        34.3768645390566     
   2.45000000000000        61.8058679881288        34.3768611213848     
   2.45500000000000        61.8058614616539        34.3768577875864     
   2.46000000000000        61.8058550953366        34.3768545355968     
   2.46500000000000        61.8058488852473        34.3768513634073     
   2.47000000000000        61.8058428275596        34.3768482690667     
   2.47500000000000        61.8058369185179        34.3768452506620     
   2.48000000000000        61.8058311544670        34.3768423063094     
   2.48500000000000        61.8058255318872        34.3768394342299     
   2.49000000000000        61.8058200472816        34.3768366326279     
   2.49500000000000        61.8058146972635        34.3768338997792     
   2.50000000000000        61.8058094785219        34.3768312339755     
