  5.000000000000000E-003  0.000000000000000E+000  0.000000000000000E+000
  0.000000000000000E+000
  1.000000000000000E-002  0.000000000000000E+000  0.000000000000000E+000
  0.000000000000000E+000
  1.500000000000000E-002  0.000000000000000E+000  0.000000000000000E+000
  0.000000000000000E+000
  2.000000000000000E-002  9.381902654329742E-005 -2.308928591928324E-004
  3.247118857361293E-004
  2.500000000000000E-002  1.199835828936074E-004 -3.724365959818541E-004
  4.924201788754572E-004
  3.000000000000000E-002  1.453892547936167E-004 -5.360524050043165E-004
  6.814416597979395E-004
  3.500000000000000E-002  1.693643611985253E-004 -7.178460347537425E-004
  8.872103959522628E-004
  4.000000000000000E-002  1.916876906587567E-004 -9.142318256976843E-004
  1.105919516356430E-003
  4.500000000000000E-002  2.123202483614674E-004 -1.121960464310897E-003
  1.334280712672373E-003
  5.000000000000000E-002  2.312953863995070E-004 -1.338086269266047E-003
  1.569381655665554E-003
  5.500000000000000E-002  2.486740995267310E-004 -1.559929446705116E-003
  1.808603546231832E-003
  6.000000000000000E-002  2.645254634207479E-004 -1.785045544381260E-003
  2.049571007802010E-003
  6.500000000000000E-002  2.789190443473590E-004 -2.011203605483497E-003
  2.290122649830857E-003
  7.000000000000001E-002  2.919230425418035E-004 -2.236371902741230E-003
  2.528294945283026E-003
  7.500000000000000E-002  3.036044375348726E-004 -2.458709929610827E-003
  2.762314367145695E-003
  8.000000000000000E-002  3.140305258330091E-004 -2.676564018453601E-003
  2.990594544286610E-003
  8.500000000000001E-002  3.232696804740325E-004 -2.888465416907866E-003
  3.211735097381889E-003
  9.000000000000000E-002  3.313920276280718E-004 -3.093128825876109E-003
  3.424520853504188E-003
  9.500000000000000E-002  3.384691350891405E-004 -3.289450613896966E-003
  3.627919748986093E-003
  0.100000000000000       3.445735505694999E-004 -3.476505368855384E-003
  3.821078919424878E-003
  0.105000000000000       3.497779897173343E-004 -3.653540681797641E-003
  4.003318671514968E-003
  0.110000000000000       3.541539763597209E-004 -3.819970214893385E-003
  4.174124191253106E-003
  0.115000000000000       3.577709309042864E-004 -3.975364468733616E-003
  4.333135399637878E-003
  0.120000000000000       3.606950448779647E-004 -4.119440035197683E-003
  4.480135080075642E-003
  0.125000000000000       3.629887921562788E-004 -4.252047610696983E-003
  4.615036402853261E-003
  0.130000000000000       3.647098760461557E-004 -4.373158927437483E-003
  4.737868803483679E-003
  0.135000000000000       3.659112721898730E-004 -4.482853270604768E-003
  4.848764542794623E-003
  0.140000000000000       3.666408992696341E-004 -4.581303825853200E-003
  4.947944725122819E-003
  0.145000000000000       3.669419818589717E-004 -4.668764034668504E-003
  5.035706016527487E-003
  0.150000000000000       3.668524758021264E-004 -4.745555005368550E-003
  5.112407481170685E-003
  0.155000000000000       3.664064141895799E-004 -4.812052810966836E-003
  5.178459225156403E-003
  0.160000000000000       3.656334819349164E-004 -4.868677304875008E-003
  5.234310786809889E-003
  0.165000000000000       3.645602873807280E-004 -4.915881459318278E-003
  5.280441746699012E-003
  0.170000000000000       3.632094973339033E-004 -4.954142437262090E-003
  5.317351934596001E-003
  0.175000000000000       3.616016668297120E-004 -4.983952675958475E-003
  5.345554342788194E-003
  0.180000000000000       3.597545936286900E-004 -5.005813109624265E-003
  5.365567703252945E-003
  0.185000000000000       3.576843559048321E-004 -5.020226505337322E-003
  5.377910861242141E-003
  0.190000000000000       3.554055966201429E-004 -5.027692193402917E-003
  5.383097790023030E-003
  0.195000000000000       3.529310797145744E-004 -5.028701877257498E-003
  5.381632956972066E-003
  0.200000000000000       3.502731622148030E-004 -5.023735561265512E-003
  5.374008723480290E-003
  0.205000000000000       3.474425485246481E-004 -5.013259211623238E-003
  5.360701760147904E-003
  0.210000000000000       3.444507131806551E-004 -4.997721449529328E-003
  5.342172162709995E-003
  0.215000000000000       3.413067055669108E-004 -4.977553406265762E-003
  5.318860111832694E-003
  0.220000000000000       3.380203940402921E-004 -4.953165874858564E-003
  5.291186268898842E-003
  0.225000000000000       3.346012385785149E-004 -4.924949623223635E-003
  5.259550861802129E-003
  0.230000000000000       3.310578816615089E-004 -4.893274402758964E-003
  5.224332284420488E-003
  0.235000000000000       3.273989912603743E-004 -4.858489156631562E-003
  5.185888147891939E-003
  0.240000000000000       3.236333650550550E-004 -4.820921613225930E-003
  5.144554978280976E-003
  0.245000000000000       3.197690911698413E-004 -4.780879483667961E-003
  5.100648574837805E-003
  0.250000000000000       3.158148797085303E-004 -4.738649726013944E-003
  5.054464605722463E-003
  0.255000000000000       3.117778532221221E-004 -4.694500555438423E-003
  5.006278408660574E-003
  0.260000000000000       3.076660556211423E-004 -4.648680730216569E-003
  4.956346785837696E-003
  0.265000000000000       3.034877414471706E-004 -4.601421210713634E-003
  4.904908952160792E-003
  0.270000000000000       2.992498138024112E-004 -4.552935939879141E-003
  4.852185753681549E-003
  0.275000000000000       2.949593205719715E-004 -4.503422309559015E-003
  4.798381630130967E-003
  0.280000000000000       2.906235454536577E-004 -4.453062321282140E-003
  4.743685866735771E-003
  0.285000000000000       2.862491775090232E-004 -4.402023146989318E-003
  4.688272324498356E-003
  0.290000000000000       2.818426447531976E-004 -4.350458211656966E-003
  4.632300856410151E-003
  0.295000000000000       2.774102931723074E-004 -4.298508285091171E-003
  4.575918578263463E-003
  0.300000000000000       2.729582915392993E-004 -4.246301626378115E-003
  4.519259917917391E-003
  0.305000000000000       2.684926190007796E-004 -4.193955378253071E-003
  4.462447997253881E-003
  0.310000000000000       2.640182618754053E-004 -4.141575822093410E-003
  4.405594083968818E-003
  0.315000000000000       2.595408807986013E-004 -4.089259917747983E-003
  4.348800798546602E-003
  0.320000000000000       2.550651607381772E-004 -4.037094999331175E-003
  4.292160160069343E-003
  0.325000000000000       2.505961304367612E-004 -3.985160055447440E-003
  4.235756185884208E-003
  0.330000000000000       2.461386082893117E-004 -3.933526168332225E-003
  4.179664776621523E-003
  0.335000000000000       2.416961333147079E-004 -3.882257304540419E-003
  4.123953437855137E-003
  0.340000000000000       2.372724516220076E-004 -3.831410613709027E-003
  4.068683065331041E-003
  0.345000000000000       2.328724244054206E-004 -3.781036579649391E-003
  4.013909004054821E-003
  0.350000000000000       2.284986285332573E-004 -3.731180810934058E-003
  3.959679439467309E-003
  0.355000000000000       2.241546157681068E-004 -3.681883126737460E-003
  3.906037742505578E-003
  0.360000000000000       2.198434523216873E-004 -3.633178288654114E-003
  3.853021740975762E-003
  0.365000000000000       2.155678328006586E-004 -3.585097099415421E-003
  3.800664932216105E-003
  0.370000000000000       2.113302681558070E-004 -3.537666088170243E-003
  3.748996356326035E-003
  0.375000000000000       2.071331002399419E-004 -3.490907974497574E-003
  3.698041074737484E-003
  0.380000000000000       2.029790046152340E-004 -3.444841958640226E-003
  3.647820963255468E-003
  0.385000000000000       1.988688140844122E-004 -3.399484575264557E-003
  3.598353389348974E-003
  0.390000000000000       1.948059375315133E-004 -3.354848813507620E-003
  3.549654751039109E-003
  0.395000000000000       1.907904153091298E-004 -3.310945840432366E-003
  3.501736255741487E-003
  0.400000000000000       1.868245400368927E-004 -3.267783622017694E-003
  3.454608162054582E-003
  0.405000000000000       1.829096260861214E-004 -3.225368563733534E-003
  3.408278189819631E-003
  0.410000000000000       1.790470566081850E-004 -3.183704830646657E-003
  3.362751887254842E-003
  0.415000000000000       1.752367802773824E-004 -3.142795074948913E-003
  3.318031855226260E-003
  0.420000000000000       1.714807514612102E-004 -3.102640039705390E-003
  3.274120791166559E-003
  0.425000000000000       1.677795027563815E-004 -3.063239120027556E-003
  3.231018622783920E-003
  0.430000000000000       1.641329847087975E-004 -3.024590522521607E-003
  3.188723507230390E-003
  0.435000000000000       1.605426017337272E-004 -2.986691125754715E-003
  3.147233727488431E-003
  0.440000000000000       1.570077128903678E-004 -2.949536845778188E-003
  3.106544558668578E-003
  0.445000000000000       1.535299409013629E-004 -2.913122478145223E-003
  3.066652419046596E-003
  0.450000000000000       1.501087652551134E-004 -2.877442227176183E-003
  3.027550992431309E-003
  0.455000000000000       1.467441342109379E-004 -2.842489543892997E-003
  2.989233678103945E-003
  0.460000000000000       1.434364383268704E-004 -2.808256971503600E-003
  2.951693409830453E-003
  0.465000000000000       1.401853898450324E-004 -2.774736434785154E-003
  2.914921824630204E-003
  0.470000000000000       1.369914316786553E-004 -2.741919714946143E-003
  2.878911146624825E-003
  0.475000000000000       1.338540281980876E-004 -2.709797799862032E-003
  2.843651828060092E-003
  0.480000000000000       1.307725918021972E-004 -2.678361478205544E-003
  2.809134070007740E-003
  0.485000000000000       1.277476778214400E-004 -2.647601100136466E-003
  2.775348777957898E-003
  0.490000000000000       1.247780770074812E-004 -2.617506881017935E-003
  2.742284958025446E-003
  0.495000000000000       1.218638456378086E-004 -2.588068734661673E-003
  2.709932580299506E-003
  0.500000000000000       1.190050741512888E-004 -2.559275892433440E-003
  2.678280966584722E-003
  0.505000000000000       1.162004427964114E-004 -2.531118366722788E-003
  2.647318809519166E-003
  0.510000000000000       1.134498260725206E-004 -2.503585385970203E-003
  2.617035212042692E-003
  0.515000000000000       1.107527269392608E-004 -2.476666160877193E-003
  2.587418887816446E-003
  0.520000000000000       1.081086653407519E-004 -2.450350130949970E-003
  2.558458796290742E-003
  0.525000000000000       1.055167039273182E-004 -2.424626058214530E-003
  2.530142762141842E-003
  0.530000000000000       1.029768902781482E-004 -2.399483436073726E-003
  2.502460326351891E-003
  0.535000000000000       1.004877817925604E-004 -2.374911365697311E-003
  2.475399147489898E-003
  0.540000000000000       9.804965665697503E-005 -2.350899138440197E-003
  2.448948795097175E-003
  0.545000000000000       9.566105378109286E-005 -2.327435820782136E-003
  2.423096874563214E-003
  0.550000000000000       9.332148826570458E-005 -2.304510767068849E-003
  2.397832255334546E-003
  0.555000000000000       9.103061634135943E-005 -2.282113218445995E-003
  2.373143834787337E-003
  0.560000000000000       8.878711783330959E-005 -2.260233051471515E-003
  2.349020169304818E-003
  0.565000000000000       8.659029240553988E-005 -2.238859403975640E-003
  2.325449696381159E-003
  0.570000000000000       8.444029379344663E-005 -2.217981896243991E-003
  2.302422190037437E-003
  0.575000000000000       8.233594766626453E-005 -2.197590390885311E-003
  2.279926338551571E-003
  0.580000000000000       8.027694750416531E-005 -2.177674676452837E-003
  2.257951623956943E-003
  0.585000000000000       7.826105176630924E-005 -2.158225014678992E-003
  2.236486066445290E-003
  0.590000000000000       7.628933802798246E-005 -2.139231198066309E-003
  2.215520536094264E-003
  0.595000000000000       7.435991342655527E-005 -2.120683718223517E-003
  2.195043631650076E-003
  0.600000000000000       7.247218224498682E-005 -2.102572689282755E-003
  2.175044871527722E-003
  0.605000000000000       7.062615828950254E-005 -2.084888994948086E-003
  2.155515153237635E-003
  0.610000000000000       6.882024987660698E-005 -2.067623036690321E-003
  2.136443286566929E-003
  0.615000000000000       6.705423856680016E-005 -2.050765725695801E-003
  2.117819964262560E-003
  0.620000000000000       6.532698221122740E-005 -2.034308241373926E-003
  2.099635223585144E-003
  0.625000000000000       6.363870841257013E-005 -2.018241398503998E-003
  2.081880106916563E-003
  0.630000000000000       6.198754740800484E-005 -2.002556643384724E-003
  2.064544190792763E-003
  0.635000000000000       6.037346875696541E-005 -1.987245525644071E-003
  2.047618994401020E-003
  0.640000000000000       5.879487672949520E-005 -1.972299541381085E-003
  2.031094418110551E-003
  0.645000000000000       5.725255761407807E-005 -1.957710403867125E-003
  2.014962961481236E-003
  0.650000000000000       5.574461608569503E-005 -1.943469912543564E-003
  1.999214528629271E-003
  0.655000000000000       5.427070076426283E-005 -1.929570572911276E-003
  1.983841273675578E-003
  0.660000000000000       5.283029532707031E-005 -1.916004184838028E-003
  1.968834480165084E-003
  0.665000000000000       5.142323856852600E-005 -1.902763187422255E-003
  1.954186425990773E-003
  0.670000000000000       5.004723335302351E-005 -1.889840210987233E-003
  1.939887444340255E-003
  0.675000000000000       4.870378704286007E-005 -1.877227677099178E-003
  1.925931464142041E-003
  0.680000000000000       4.739003741288009E-005 -1.864918769753511E-003
  1.912308807166385E-003
  0.685000000000000       4.610717899679251E-005 -1.852906202734720E-003
  1.899013381731482E-003
  0.690000000000000       4.485323677304579E-005 -1.841183141117268E-003
  1.886036377890305E-003
  0.695000000000000       4.362844947929848E-005 -1.829742922705149E-003
  1.873371372184420E-003
  0.700000000000000       4.243188715592300E-005 -1.818578756427209E-003
  1.861010643583086E-003
  0.705000000000000       4.126329331588827E-005 -1.807684269021586E-003
  1.848947562337459E-003
  0.710000000000000       4.012192339161692E-005 -1.797053211342398E-003
  1.837175134734050E-003
  0.715000000000000       3.900665910412712E-005 -1.786679213078253E-003
  1.825685872182421E-003
  0.720000000000000       3.791808892862875E-005 -1.776556358921586E-003
  1.814474447850209E-003
  0.725000000000000       3.685421615527289E-005 -1.766678584214398E-003
  1.803532800369695E-003
  0.730000000000000       3.581588310867409E-005 -1.757040227864235E-003
  1.792856110972934E-003
  0.735000000000000       3.480055999809171E-005 -1.747635871559054E-003
  1.782436431557168E-003
  0.740000000000000       3.380990149095991E-005 -1.738459348125511E-003
  1.772269249616441E-003
  0.745000000000000       3.284252928046982E-005 -1.729505657769660E-003
  1.762348187050145E-003
  0.750000000000000       3.189791744862074E-005 -1.720769339857724E-003
  1.752667257306316E-003
  0.755000000000000       3.097534158027227E-005 -1.712245447808477E-003
  1.743220789388757E-003
  0.760000000000000       3.007458385344053E-005 -1.703928700982142E-003
  1.734003284835599E-003
  0.765000000000000       2.919614074250612E-005 -1.695814060996055E-003
  1.725010201738555E-003
  0.770000000000000       2.833723477545224E-005 -1.687896969780068E-003
  1.716234204555517E-003
  0.775000000000000       2.749888373103937E-005 -1.680172434383849E-003
  1.707671318114864E-003
  0.780000000000000       2.667980589636659E-005 -1.672636070759588E-003
  1.699315876655972E-003
  0.785000000000000       2.588092658123751E-005 -1.665283268191423E-003
  1.691164194772619E-003
  0.790000000000000       2.510136512905547E-005 -1.658109565645429E-003
  1.683210930774479E-003
  0.795000000000000       2.434001349075244E-005 -1.651110674086122E-003
  1.675450687576868E-003
  0.800000000000000       2.359655403880900E-005 -1.644282494633841E-003
  1.667879048672661E-003
  0.805000000000000       2.287044783765559E-005 -1.637620752999032E-003
  1.660491200836661E-003
  0.810000000000000       2.216265343638239E-005 -1.631121562305082E-003
  1.653284215741443E-003
  0.815000000000000       2.147048480677935E-005 -1.624781051063601E-003
  1.646251535870387E-003
  0.820000000000000       2.079544449545603E-005 -1.618595236214447E-003
  1.639390680709897E-003
  0.825000000000000       2.013668476475538E-005 -1.612560385272421E-003
  1.632697070037188E-003
  0.830000000000000       1.949407271177031E-005 -1.606672881462883E-003
  1.626166954174631E-003
  0.835000000000000       1.886707368661337E-005 -1.600929116367826E-003
  1.619796190054406E-003
  0.840000000000000       1.825437417073631E-005 -1.595325906975777E-003
  1.613580281146528E-003
  0.845000000000000       1.765633826110014E-005 -1.589859503657097E-003
  1.607515841918187E-003
  0.850000000000000       1.707305341886581E-005 -1.584526636394934E-003
  1.601599689813739E-003
  0.855000000000000       1.650261250155679E-005 -1.579324291759621E-003
  1.595826904261214E-003
  0.860000000000000       1.594691787909465E-005 -1.574249007565870E-003
  1.590195925444989E-003
  0.865000000000000       1.540517320383235E-005 -1.569297910958143E-003
  1.584703084161983E-003
  0.870000000000000       1.487529470868501E-005 -1.564467916605271E-003
  1.579343211313957E-003
  0.875000000000000       1.435918997399556E-005 -1.559755987697574E-003
  1.574115177671585E-003
  0.880000000000000       1.385435057963973E-005 -1.555159428421332E-003
  1.569013779000988E-003
  0.885000000000000       1.336326544312694E-005 -1.550675278787186E-003
  1.564038544230317E-003
  0.890000000000000       1.288233292716568E-005 -1.546300858217398E-003
  1.559183191144576E-003
  0.895000000000000       1.241364032749698E-005 -1.542033748856978E-003
  1.554447389184497E-003
  0.900000000000000       1.195665536352180E-005 -1.537870888334485E-003
  1.549827543697994E-003
  0.905000000000000       1.151078446596922E-005 -1.533809851127777E-003
  1.545320635593756E-003
  0.910000000000000       1.107538761169488E-005 -1.529848251956490E-003
  1.540923639568192E-003
  0.915000000000000       1.065097346346344E-005 -1.525983923596708E-003
  1.536634897060214E-003
  0.920000000000000       1.023658471547105E-005 -1.522214074143961E-003
  1.532450658859444E-003
  0.925000000000000       9.831353360037975E-006 -1.518536696734712E-003
  1.528368050094760E-003
  0.930000000000000       9.436976502971539E-006 -1.514949197421167E-003
  1.524386173924091E-003
  0.935000000000000       9.051303665928347E-006 -1.511449795870483E-003
  1.520501099536428E-003
  0.940000000000000       8.676324738295295E-006 -1.508035951631401E-003
  1.516712276369695E-003
  0.945000000000000       8.309675832833676E-006 -1.504705832505273E-003
  1.513015508338078E-003
  0.950000000000000       7.951837733333425E-006 -1.501457361425920E-003
  1.509409199159257E-003
  0.955000000000000       7.602741114491490E-006 -1.498288478285392E-003
  1.505891219399911E-003
  0.960000000000000       7.262084577942858E-006 -1.495197301639721E-003
  1.502459386217665E-003
  0.965000000000000       6.929208287510900E-006 -1.492181918736665E-003
  1.499111127024169E-003
  0.970000000000000       6.605079313143836E-006 -1.489240397866094E-003
  1.495845477179216E-003
  0.975000000000000       6.289008815332923E-006 -1.486371008548596E-003
  1.492660017363914E-003
  0.980000000000000       5.979750907890276E-006 -1.483571973992862E-003
  1.489551724900756E-003
  0.985000000000000       5.679196452906315E-006 -1.480841518166970E-003
  1.486520714619906E-003
  0.990000000000000       5.385552628199034E-006 -1.478177899675618E-003
  1.483563452303817E-003
  0.995000000000000       5.098141805506905E-006 -1.475579808198339E-003
  1.480677950003806E-003
   1.00000000000000       4.818431366599739E-006 -1.473045449090588E-003
  1.477863880457204E-003
   1.00500000000000       4.545487039662445E-006 -1.470573052049810E-003
  1.475118539089486E-003
   1.01000000000000       4.279949047413325E-006 -1.468161357064607E-003
  1.472441306111974E-003
   1.01500000000000       4.020169414148933E-006 -1.465808856004725E-003
  1.469829025418851E-003
   1.02000000000000       3.765998760548782E-006 -1.463514024873960E-003
  1.467280023634521E-003
   1.02500000000000       3.519300696649548E-006 -1.461275401543404E-003
  1.464794702240044E-003
   1.03000000000000       3.277703027426537E-006 -1.459091966324463E-003
  1.462369669351862E-003
   1.03500000000000       3.042209519844312E-006 -1.456961684805245E-003
  1.460003894325089E-003
   1.04000000000000       2.813041134212249E-006 -1.454883919017843E-003
  1.457696960152096E-003
   1.04500000000000       2.588342287370447E-006 -1.452857198088963E-003
  1.455445540376339E-003
   1.05000000000000       2.370815846224694E-006 -1.450879791048828E-003
  1.453250606895040E-003
   1.05500000000000       2.157031174968879E-006 -1.448951247414409E-003
  1.451108278589337E-003
   1.06000000000000       1.949403703174583E-006 -1.447070028528582E-003
  1.449019432231764E-003
   1.06500000000000       1.746061633161309E-006 -1.445234844980561E-003
  1.446980906613714E-003
   1.07000000000000       1.548382964080072E-006 -1.443444794552063E-003
  1.444993177516133E-003
   1.07500000000000       1.355566460519538E-006 -1.441698459610622E-003
  1.443054026071116E-003
   1.08000000000000       1.166996687833301E-006 -1.439995166971807E-003
  1.441162163659614E-003
   1.08500000000000       9.831777540058381E-007 -1.438333607783767E-003
  1.439316785537764E-003
   1.09000000000000       8.031601360334603E-007 -1.436712839100923E-003
  1.437515999236956E-003
   1.09500000000000       6.282189814123023E-007 -1.435131837096291E-003
  1.435760056077676E-003
   1.10000000000000       4.580514612181585E-007 -1.433589637403057E-003
  1.434047688864285E-003
   1.10500000000000       2.911502141668369E-007 -1.432085124984455E-003
  1.432376275198578E-003
   1.11000000000000       1.287289314354106E-007 -1.430617808888730E-003
  1.430746537820124E-003
   1.11500000000000      -2.914228174728861E-008 -1.429186184269464E-003
  1.429157041987691E-003
   1.12000000000000      -1.839132638586224E-007 -1.427789869205160E-003
  1.427605955941245E-003
   1.12500000000000      -3.352080496889982E-007 -1.426427785669376E-003
  1.426092577619684E-003
   1.13000000000000      -4.824317718561936E-007 -1.425099257521535E-003
  1.424616825749681E-003
   1.13500000000000      -6.258241613756510E-007 -1.423803249963085E-003
  1.423177425801710E-003
   1.14000000000000      -7.658256163015143E-007 -1.422539033385438E-003
  1.421773207769109E-003
   1.14500000000000      -9.024139228994791E-007 -1.421305795640380E-003
  1.420403381717436E-003
   1.15000000000000      -1.035774775239382E-006 -1.420102828373259E-003
  1.419067053598017E-003
   1.15500000000000      -1.165557740854286E-006 -1.418929499130603E-003
  1.417763941389754E-003
   1.16000000000000      -1.291699955817011E-006 -1.417784759637808E-003
  1.416493059682015E-003
   1.16500000000000      -1.416029649712357E-006 -1.416668261169533E-003
  1.415252231519775E-003
   1.17000000000000      -1.536609206227149E-006 -1.415579303610217E-003
  1.414042694404011E-003
   1.17500000000000      -1.654674079781143E-006 -1.414516830235608E-003
  1.412862156155814E-003
   1.18000000000000      -1.769556964206819E-006 -1.413480549315533E-003
  1.411710992351311E-003
   1.18500000000000      -1.881071716162726E-006 -1.412469657962989E-003
  1.410588586246835E-003
   1.19000000000000      -1.990258863716198E-006 -1.411483473400379E-003
  1.409493214536697E-003
   1.19500000000000      -2.097047692239683E-006 -1.410521664029907E-003
  1.408424616337633E-003
   1.20000000000000      -2.200542207000713E-006 -1.409583322491888E-003
  1.407382780284885E-003
   1.20500000000000      -2.302237363728588E-006 -1.408668175678654E-003
  1.406365938314929E-003
   1.21000000000000      -2.401013904724790E-006 -1.407775341869450E-003
  1.405374327964701E-003
   1.21500000000000      -2.497752784782388E-006 -1.406904415027025E-003
  1.404406662242241E-003
   1.22000000000000      -2.591696106284059E-006 -1.406055060332094E-003
  1.403463364225740E-003
   1.22500000000000      -2.684049157062405E-006 -1.405226448949919E-003
  1.402542399792832E-003
   1.23000000000000      -2.773917769227307E-006 -1.404418151541953E-003
  1.401644233772738E-003
   1.23500000000000      -2.861198267394575E-006 -1.403629727892563E-003
  1.400768529625193E-003
   1.24000000000000      -2.945682106093916E-006 -1.402860503252787E-003
  1.399914821146696E-003
   1.24500000000000      -3.029092128748210E-006 -1.402110165896112E-003
  1.399081073767362E-003
   1.25000000000000      -3.110747857190882E-006 -1.401378371303693E-003
  1.398267623446528E-003
   1.25500000000000      -3.189816504820643E-006 -1.400664779979136E-003
  1.397474963474327E-003
   1.26000000000000      -3.267214164263682E-006 -1.399968352078924E-003
  1.396701137914608E-003
   1.26500000000000      -3.342463914022101E-006 -1.399289066962872E-003
  1.395946603048849E-003
   1.27000000000000      -3.415379389443664E-006 -1.398626484169112E-003
  1.395211104779635E-003
   1.27500000000000      -3.487598651757708E-006 -1.397980133668144E-003
  1.394492535016396E-003
   1.28000000000000      -3.557020385407156E-006 -1.397349635092866E-003
  1.393792614707435E-003
   1.28500000000000      -3.625488498082050E-006 -1.396734708973084E-003
  1.393109220474961E-003
   1.29000000000000      -3.692339027279669E-006 -1.396134843748212E-003
  1.392442504720863E-003
   1.29500000000000      -3.757049424348921E-006 -1.395549649484577E-003
  1.391792600060209E-003
   1.30000000000000      -3.819964197201377E-006 -1.394978930618616E-003
  1.391158966421414E-003
   1.30500000000000      -3.881628817077000E-006 -1.394422189034846E-003
  1.390540560217742E-003
   1.31000000000000      -3.942580678651351E-006 -1.393879025652869E-003
  1.389936444974212E-003
   1.31500000000000      -4.001527773901013E-006 -1.393349278809185E-003
  1.389347751035326E-003
   1.32000000000000      -4.058806771632795E-006 -1.392832487398947E-003
  1.388773680627298E-003
   1.32500000000000      -4.113955335839152E-006 -1.392328341739301E-003
  1.388214386403456E-003
   1.33000000000000      -4.168694279723281E-006 -1.391836510780577E-003
  1.387667816500810E-003
   1.33500000000000      -4.221780615158427E-006 -1.391356959895791E-003
  1.387135179280703E-003
   1.34000000000000      -4.274377340525241E-006 -1.390889115603833E-003
  1.386614738263327E-003
   1.34500000000000      -4.325011303986444E-006 -1.390432707468712E-003
  1.386107696164709E-003
   1.35000000000000      -4.373790737312077E-006 -1.389987490602085E-003
  1.385613699864791E-003
   1.35500000000000      -4.422335742749547E-006 -1.389553249618113E-003
  1.385130913875384E-003
   1.36000000000000      -4.469652962516863E-006 -1.389129670358100E-003
  1.384660017395573E-003
   1.36500000000000      -4.514847073253815E-006 -1.388716389257394E-003
  1.384201542184146E-003
   1.37000000000000      -4.559626533749382E-006 -1.388313267675189E-003
  1.383753641141426E-003
   1.37500000000000      -4.603044354945732E-006 -1.387920111763815E-003
  1.383317067408860E-003
   1.38000000000000      -4.646481790396963E-006 -1.387536519489410E-003
  1.382890037699014E-003
   1.38500000000000      -4.687410817710754E-006 -1.387162488499166E-003
  1.382475077681476E-003
   1.39000000000000      -4.727588952795712E-006 -1.386797533477247E-003
  1.382069944524443E-003
   1.39500000000000      -4.767491691635346E-006 -1.386441650831085E-003
  1.381674159139430E-003
   1.40000000000000      -4.806019952883831E-006 -1.386094189662556E-003
  1.381288169709654E-003
   1.40500000000000      -4.843285172961984E-006 -1.385755485648117E-003
  1.380912200475105E-003
   1.41000000000000      -4.880189394242810E-006 -1.385425109055709E-003
  1.380544919661443E-003
   1.41500000000000      -4.916571127263705E-006 -1.385102891642673E-003
  1.380186320515386E-003
   1.42000000000000      -4.951007954002646E-006 -1.384788403015271E-003
  1.379837395061207E-003
   1.42500000000000      -4.984976315691602E-006 -1.384481787942145E-003
  1.379496811626431E-003
   1.43000000000000      -5.018334488428213E-006 -1.384182703608355E-003
  1.379164369119920E-003
   1.43500000000000      -5.050429642226331E-006 -1.383890888571703E-003
  1.378840458929472E-003
   1.44000000000000      -5.081999848254268E-006 -1.383606228227958E-003
  1.378524228379687E-003
   1.44500000000000      -5.113463160174726E-006 -1.383328667026214E-003
  1.378215203866033E-003
   1.45000000000000      -5.142670461796370E-006 -1.383057780830543E-003
  1.377915110368765E-003
   1.45500000000000      -5.172651371171611E-006 -1.382793574022452E-003
  1.377620922651221E-003
   1.46000000000000      -5.201093376884003E-006 -1.382535708167390E-003
  1.377334614790480E-003
   1.46500000000000      -5.229000529861537E-006 -1.382284354253886E-003
  1.377055353723991E-003
   1.47000000000000      -5.256038104004077E-006 -1.382039293321041E-003
  1.376783255217014E-003
   1.47500000000000      -5.283090229138950E-006 -1.381800115160296E-003
  1.376517024931139E-003
   1.48000000000000      -5.308747318361263E-006 -1.381566785368785E-003
  1.376258038050407E-003
   1.48500000000000      -5.334004087892725E-006 -1.381339179104904E-003
  1.376005175017032E-003
   1.49000000000000      -5.358118097721406E-006 -1.381117164580507E-003
  1.375759046482779E-003
   1.49500000000000      -5.382385901112726E-006 -1.380900481772040E-003
  1.375518095870941E-003
   1.50000000000000      -5.405903250615090E-006 -1.380689265304576E-003
  1.375283362053907E-003
   1.50500000000000      -5.428675424063050E-006 -1.380483276727168E-003
  1.375054601303096E-003
   1.51000000000000      -5.451180934412137E-006 -1.380282174040110E-003
  1.374830993105745E-003
   1.51500000000000      -5.472296819632030E-006 -1.380086014790336E-003
  1.374613717970668E-003
   1.52000000000000      -5.493738375017637E-006 -1.379894932254552E-003
  1.374401193879555E-003
   1.52500000000000      -5.514559855186676E-006 -1.379708394562805E-003
  1.374193834707598E-003
   1.53000000000000      -5.535382376187902E-006 -1.379526344695761E-003
  1.373990962319561E-003
   1.53500000000000      -5.554413502216814E-006 -1.379348736561788E-003
  1.373794323059539E-003
   1.54000000000000      -5.574038504472008E-006 -1.379175541481191E-003
  1.373601502976730E-003
   1.54500000000000      -5.593025235163041E-006 -1.379006701342683E-003
  1.373413676107514E-003
   1.55000000000000      -5.610528871695076E-006 -1.378841922485549E-003
  1.373231393613872E-003
   1.55500000000000      -5.628442555891674E-006 -1.378681200430853E-003
  1.373052757874953E-003
   1.56000000000000      -5.645944714480198E-006 -1.378524537112106E-003
  1.372878592397580E-003
   1.56500000000000      -5.663402402544351E-006 -1.378371552305305E-003
  1.372708149902726E-003
   1.57000000000000      -5.679885963102528E-006 -1.378222311020286E-003
  1.372542425057140E-003
   1.57500000000000      -5.695790612817989E-006 -1.378076750063442E-003
  1.372380959450602E-003
   1.58000000000000      -5.711399143141307E-006 -1.377934953205554E-003
  1.372223554062419E-003
   1.58500000000000      -5.727267041487805E-006 -1.377796473817270E-003
  1.372069206775764E-003
   1.59000000000000      -5.742215771104408E-006 -1.377661382669841E-003
  1.371919166898712E-003
   1.59500000000000      -5.756429589459460E-006 -1.377529634294106E-003
  1.371773204704612E-003
   1.60000000000000      -5.770644447702486E-006 -1.377401039134837E-003
  1.371630394687146E-003
   1.60500000000000      -5.784574141119767E-006 -1.377275658843928E-003
  1.371491084702772E-003
   1.61000000000000      -5.798494182260839E-006 -1.377153335878312E-003
  1.371354841696025E-003
   1.61500000000000      -5.811365067410788E-006 -1.377034163066726E-003
  1.371222797999338E-003
   1.62000000000000      -5.824172002929624E-006 -1.376917718657587E-003
  1.371093546654649E-003
   1.62500000000000      -5.836961084205164E-006 -1.376804281106338E-003
  1.370967320022058E-003
   1.63000000000000      -5.848881624452347E-006 -1.376693484386272E-003
  1.370844602761814E-003
   1.63500000000000      -5.861566572499331E-006 -1.376585480582780E-003
  1.370723914010305E-003
   1.64000000000000      -5.873567446762171E-006 -1.376480237458436E-003
  1.370606670011685E-003
   1.64500000000000      -5.884728805984514E-006 -1.376377453244033E-003
  1.370492724438027E-003
   1.65000000000000      -5.895989359053854E-006 -1.376277194169674E-003
  1.370381204810621E-003
   1.65500000000000      -5.906585536048977E-006 -1.376179549398692E-003
  1.370272963862649E-003
   1.66000000000000      -5.917753210904647E-006 -1.376084239310249E-003
  1.370166486099336E-003
   1.66500000000000      -5.927233256291513E-006 -1.375991034671307E-003
  1.370063801415048E-003
   1.67000000000000      -5.937736886806507E-006 -1.375900249946653E-003
  1.369962513059843E-003
   1.67500000000000      -5.947619898813917E-006 -1.375811726321031E-003
  1.369864106422226E-003
   1.68000000000000      -5.957370354754144E-006 -1.375725353748498E-003
  1.369767983393737E-003
   1.68500000000000      -5.965980372349696E-006 -1.375641086067154E-003
  1.369675105694788E-003
   1.69000000000000      -5.975461572324146E-006 -1.375558908295346E-003
  1.369583446723040E-003
   1.69500000000000      -5.984203721564625E-006 -1.375478668787157E-003
  1.369494465065573E-003
   1.70000000000000      -5.992865843642592E-006 -1.375400505832636E-003
  1.369407639989008E-003
   1.70500000000000      -6.001576050438261E-006 -1.375324325349212E-003
  1.369322749298697E-003
   1.71000000000000      -6.009396324161114E-006 -1.375249917172257E-003
  1.369240520848081E-003
   1.71500000000000      -6.018124187959946E-006 -1.375177370461337E-003
  1.369159246273405E-003
   1.72000000000000      -6.025408470258162E-006 -1.375106478301637E-003
  1.369081069831408E-003
   1.72500000000000      -6.033280464839792E-006 -1.375037454947892E-003
  1.369004174483009E-003
   1.73000000000000      -6.040544977251941E-006 -1.374970104753862E-003
  1.368929559776593E-003
   1.73500000000000      -6.048267514626273E-006 -1.374904422069256E-003
  1.368856154554628E-003
   1.74000000000000      -6.055039915499273E-006 -1.374840365597016E-003
  1.368785325681477E-003
   1.74500000000000      -6.062490586573913E-006 -1.374777872603554E-003
  1.368715382017001E-003
   1.75000000000000      -6.068653680431980E-006 -1.374716828079422E-003
  1.368648174398986E-003
   1.75500000000000      -6.075224608133692E-006 -1.374657358941549E-003
  1.368582134333377E-003
   1.76000000000000      -6.082336482842994E-006 -1.374599391234128E-003
  1.368517054751332E-003
   1.76500000000000      -6.088173352920057E-006 -1.374542650924790E-003
  1.368454477571909E-003
   1.77000000000000      -6.093879503997019E-006 -1.374487455344393E-003
  1.368393575840374E-003
   1.77500000000000      -6.100029787867407E-006 -1.374433646457687E-003
  1.368333616669835E-003
   1.78000000000000      -6.106592791758282E-006 -1.374381072108905E-003
  1.368274479317137E-003
   1.78500000000000      -6.112315809307526E-006 -1.374329897429333E-003
  1.368217581620002E-003
   1.79000000000000      -6.117132475856070E-006 -1.374279858981265E-003
  1.368162726505391E-003
   1.79500000000000      -6.123224486711333E-006 -1.374231141032925E-003
  1.368107916546197E-003
   1.80000000000000      -6.128331552226405E-006 -1.374183466755968E-003
  1.368055135203740E-003
   1.80500000000000      -6.133566270689065E-006 -1.374137172943059E-003
  1.368003606672355E-003
   1.81000000000000      -6.138082147009780E-006 -1.374091866307170E-003
  1.367953784160166E-003
   1.81500000000000      -6.143293393916232E-006 -1.374047623278239E-003
  1.367904329884314E-003
   1.82000000000000      -6.148315839417993E-006 -1.374004692165283E-003
  1.367856376325858E-003
   1.82500000000000      -6.153089366575385E-006 -1.373962718314448E-003
  1.367809628947856E-003
   1.83000000000000      -6.157401348487596E-006 -1.373921601361021E-003
  1.367764200012544E-003
   1.83500000000000      -6.161279128603211E-006 -1.373881645670344E-003
  1.367720366541714E-003
   1.84000000000000      -6.166241802621064E-006 -1.373842684637771E-003
  1.367676442835160E-003
   1.84500000000000      -6.170272936458839E-006 -1.373804694092175E-003
  1.367634421155688E-003
   1.85000000000000      -6.174677026572131E-006 -1.373767524660370E-003
  1.367592847633830E-003
   1.85500000000000      -6.178471911952966E-006 -1.373731335761166E-003
  1.367552863849231E-003
   1.86000000000000      -6.182038915464394E-006 -1.373696032850872E-003
  1.367513993935415E-003
   1.86500000000000      -6.186317068458666E-006 -1.373661606187849E-003
  1.367475289119391E-003
   1.87000000000000      -6.189841762912387E-006 -1.373627910570505E-003
  1.367438068807604E-003
   1.87500000000000      -6.193505890281878E-006 -1.373595196315464E-003
  1.367401690425201E-003
   1.88000000000000      -6.197169759591370E-006 -1.373563269612131E-003
  1.367366099852523E-003
   1.88500000000000      -6.200236462639690E-006 -1.373532109979964E-003
  1.367331873517340E-003
   1.89000000000000      -6.203689508546982E-006 -1.373501714273588E-003
  1.367298024765052E-003
   1.89500000000000      -6.207415616807878E-006 -1.373472028217692E-003
  1.367264612600865E-003
   1.90000000000000      -6.210641497534454E-006 -1.373443116441337E-003
  1.367232474943806E-003
   1.90500000000000      -6.213919365613682E-006 -1.373414817935306E-003
  1.367200898569682E-003
   1.91000000000000      -6.217131789786126E-006 -1.373387396534615E-003
  1.367170264744807E-003
   1.91500000000000      -6.219999067227646E-006 -1.373360469481860E-003
  1.367140470414621E-003
   1.92000000000000      -6.222196583210291E-006 -1.373334197527597E-003
  1.367112000944396E-003
   1.92500000000000      -6.224741381625969E-006 -1.373308589911925E-003
  1.367083848530318E-003
   1.93000000000000      -6.228137463123979E-006 -1.373283687203362E-003
  1.367055549740206E-003
   1.93500000000000      -6.230254047360448E-006 -1.373259234254354E-003
  1.367028980206979E-003
   1.94000000000000      -6.233029873609122E-006 -1.373235701749580E-003
  1.367002671875978E-003
   1.94500000000000      -6.236135158543008E-006 -1.373212488126568E-003
  1.366976352967975E-003
   1.95000000000000      -6.237982290231881E-006 -1.373189963059143E-003
  1.366951980768941E-003
   1.95500000000000      -6.241228229911954E-006 -1.373168036435391E-003
  1.366926808205469E-003
   1.96000000000000      -6.243567792050860E-006 -1.373146463166390E-003
  1.366902895374300E-003
   1.96500000000000      -6.245211268758939E-006 -1.373125508109054E-003
  1.366880296840329E-003
   1.97000000000000      -6.247599218572174E-006 -1.373105070106009E-003
  1.366857470887447E-003
   1.97500000000000      -6.249887702040672E-006 -1.373085175938689E-003
  1.366835288236632E-003
   1.98000000000000      -6.252010384157397E-006 -1.373065681463843E-003
  1.366813671079645E-003
   1.98500000000000      -6.254194789563969E-006 -1.373046776421844E-003
  1.366792581632290E-003
   1.99000000000000      -6.256099211435902E-006 -1.373028235419759E-003
  1.366772136208308E-003
   1.99500000000000      -6.258301153988017E-006 -1.373010170813774E-003
  1.366751869659771E-003
   2.00000000000000      -6.260372816163226E-006 -1.372992521812909E-003
  1.366732148996731E-003
   2.00500000000000      -6.262254514130028E-006 -1.372975380159671E-003
  1.366713125645523E-003
   2.01000000000000      -6.264595344120315E-006 -1.372958700649390E-003
  1.366694105305292E-003
   2.01500000000000      -6.265956661619532E-006 -1.372942275648598E-003
  1.366676318986978E-003
   2.02000000000000      -6.267274028888795E-006 -1.372926336525080E-003
  1.366659062496224E-003
   2.02500000000000      -6.269261974094952E-006 -1.372910860054214E-003
  1.366641598080146E-003
   2.03000000000000      -6.271266661697212E-006 -1.372895611086305E-003
  1.366624344424586E-003
   2.03500000000000      -6.273110049263078E-006 -1.372880916445676E-003
  1.366607806396423E-003
   2.04000000000000      -6.274324167131610E-006 -1.372866228518298E-003
  1.366591904351212E-003
   2.04500000000000      -6.276076546630264E-006 -1.372852294512923E-003
  1.366576217966275E-003
   2.05000000000000      -6.277913393931782E-006 -1.372838613313707E-003
  1.366560699919751E-003
   2.05500000000000      -6.278979150943897E-006 -1.372825331251619E-003
  1.366546352100660E-003
   2.06000000000000      -6.280779706722896E-006 -1.372812198501493E-003
  1.366531418794822E-003
   2.06500000000000      -6.282137995837883E-006 -1.372799453739366E-003
  1.366517315743493E-003
   2.07000000000000      -6.283269763456503E-006 -1.372787068921120E-003
  1.366503799157689E-003
   2.07500000000000      -6.284411579970423E-006 -1.372774883506585E-003
  1.366490471926591E-003
   2.08000000000000      -6.286065203644302E-006 -1.372762987207568E-003
  1.366476922003872E-003
   2.08500000000000      -6.287224205986671E-006 -1.372751500001870E-003
  1.366464275795926E-003
   2.09000000000000      -6.287899007493640E-006 -1.372740126173780E-003
  1.366452227166293E-003
   2.09500000000000      -6.289861114423590E-006 -1.372729175391923E-003
  1.366439314277457E-003
   2.10000000000000      -6.290654860476325E-006 -1.372718500111061E-003
  1.366427845250570E-003
   2.10500000000000      -6.292205503954772E-006 -1.372708008171575E-003
  1.366415802667586E-003
   2.11000000000000      -6.292889468917323E-006 -1.372697829227574E-003
  1.366404939758659E-003
   2.11500000000000      -6.294141629741065E-006 -1.372687959967497E-003
  1.366393818337758E-003
   2.12000000000000      -6.295263099684447E-006 -1.372678193506149E-003
  1.366382930406472E-003
   2.12500000000000      -6.296478023661371E-006 -1.372668665909015E-003
  1.366372187885376E-003
   2.13000000000000      -6.297714496260836E-006 -1.372659524137971E-003
  1.366361809641722E-003
   2.13500000000000      -6.298156544004089E-006 -1.372650491931808E-003
  1.366352335387768E-003
   2.14000000000000      -6.299304541405033E-006 -1.372641817865379E-003
  1.366342513323999E-003
   2.14500000000000      -6.300600308723265E-006 -1.372633220412034E-003
  1.366332620103276E-003
   2.15000000000000      -6.301352667329543E-006 -1.372624770363121E-003
  1.366323417695792E-003
   2.15500000000000      -6.301770751145445E-006 -1.372616684638950E-003
  1.366314913887796E-003
   2.16000000000000      -6.303180961221003E-006 -1.372608702984195E-003
  1.366305522022956E-003
   2.16500000000000      -6.303504057623918E-006 -1.372600881784027E-003
  1.366297377726378E-003
   2.17000000000000      -6.304139588539696E-006 -1.372593372617423E-003
  1.366289233028884E-003
   2.17500000000000      -6.305342130869816E-006 -1.372585936526598E-003
  1.366280594395727E-003
   2.18000000000000      -6.306323110521479E-006 -1.372578786976595E-003
  1.366272463866077E-003
   2.18500000000000      -6.306673335225285E-006 -1.372571778156626E-003
  1.366265104821389E-003
   2.19000000000000      -6.308058352304797E-006 -1.372564928477256E-003
  1.366256870124930E-003
   2.19500000000000      -6.308437133235398E-006 -1.372558341364181E-003
  1.366249904230942E-003
   2.20000000000000      -6.308848594164739E-006 -1.372551723437787E-003
  1.366242874843639E-003
   2.20500000000000      -6.309868448630070E-006 -1.372545486046991E-003
  1.366235617598359E-003
   2.21000000000000      -6.310309881769482E-006 -1.372539135320761E-003
  1.366228825438982E-003
   2.21500000000000      -6.311283169358502E-006 -1.372533022839966E-003
  1.366221739670593E-003
   2.22000000000000      -6.312463576533225E-006 -1.372527232661907E-003
  1.366214769085356E-003
   2.22500000000000      -6.312497898403598E-006 -1.372521464544159E-003
  1.366208966645702E-003
   2.23000000000000      -6.313344852200502E-006 -1.372515876417244E-003
  1.366202531565047E-003
   2.23500000000000      -6.314336816840239E-006 -1.372510429115767E-003
  1.366196092298946E-003
   2.24000000000000      -6.314378773996034E-006 -1.372505054520712E-003
  1.366190675746709E-003
   2.24500000000000      -6.314661252873178E-006 -1.372499830643388E-003
  1.366185169390498E-003
   2.25000000000000      -6.315358931152084E-006 -1.372494687537932E-003
  1.366179328606792E-003
   2.25500000000000      -6.316527872728364E-006 -1.372489748213952E-003
  1.366173220341238E-003
   2.26000000000000      -6.316740530518172E-006 -1.372485039564197E-003
  1.366168299033683E-003
   2.26500000000000      -6.316961163656702E-006 -1.372480280200559E-003
  1.366163319036896E-003
   2.27000000000000      -6.317984642866612E-006 -1.372475598079919E-003
  1.366157613437051E-003
   2.27500000000000      -6.318442004243697E-006 -1.372471069506948E-003
  1.366152627502716E-003
   2.28000000000000      -6.319017996073669E-006 -1.372466752496105E-003
  1.366147734500080E-003
   2.28500000000000      -6.319570507414780E-006 -1.372462482322539E-003
  1.366142911815125E-003
   2.29000000000000      -6.319860312621540E-006 -1.372458292004725E-003
  1.366138431692118E-003
   2.29500000000000      -6.320186357197341E-006 -1.372454319525650E-003
  1.366134133168436E-003
   2.30000000000000      -6.320538856804478E-006 -1.372450404569168E-003
  1.366129865712416E-003
   2.30500000000000      -6.320990856806942E-006 -1.372446503909630E-003
  1.366125513052810E-003
   2.31000000000000      -6.321630772707516E-006 -1.372442650326365E-003
  1.366121019553626E-003
   2.31500000000000      -6.321384086797164E-006 -1.372438962953196E-003
  1.366117578866398E-003
   2.32000000000000      -6.322524978314113E-006 -1.372435396068162E-003
  1.366112871089881E-003
   2.32500000000000      -6.322178219919822E-006 -1.372431878606459E-003
  1.366109700386550E-003
   2.33000000000000      -6.323254223903377E-006 -1.372428434527719E-003
  1.366105180303832E-003
   2.33500000000000      -6.323441937231458E-006 -1.372425183517512E-003
  1.366101741580287E-003
   2.34000000000000      -6.323607189373133E-006 -1.372421933060983E-003
  1.366098325871627E-003
   2.34500000000000      -6.324505607219201E-006 -1.372418771579031E-003
  1.366094265971806E-003
   2.35000000000000      -6.325000306848932E-006 -1.372415654821162E-003
  1.366090654514322E-003
   2.35500000000000      -6.324669944651519E-006 -1.372412572608000E-003
  1.366087902663355E-003
   2.36000000000000      -6.325200046761006E-006 -1.372409652281985E-003
  1.366084452235204E-003
   2.36500000000000      -6.325487390121257E-006 -1.372406731315817E-003
  1.366081243925718E-003
   2.37000000000000      -6.325567767640847E-006 -1.372404023833763E-003
  1.366078456066134E-003
   2.37500000000000      -6.326545228620838E-006 -1.372401262147057E-003
  1.366074716918424E-003
   2.38000000000000      -6.326808932109737E-006 -1.372398730247631E-003
  1.366071921315494E-003
   2.38500000000000      -6.326795341825049E-006 -1.372396077165781E-003
  1.366069281823950E-003
   2.39000000000000      -6.326573898419775E-006 -1.372393388898483E-003
  1.366066815000070E-003
   2.39500000000000      -6.326746205621452E-006 -1.372391038663534E-003
  1.366064292457911E-003
   2.40000000000000      -6.327120190931082E-006 -1.372388483172617E-003
  1.366061362981698E-003
   2.40500000000000      -6.327986570517692E-006 -1.372386258069518E-003
  1.366058271498974E-003
   2.41000000000000      -6.327946183840178E-006 -1.372384006856125E-003
  1.366056060672288E-003
   2.41500000000000      -6.328541626921813E-006 -1.372381692548170E-003
  1.366053150921235E-003
   2.42000000000000      -6.328733018891718E-006 -1.372379470878925E-003
  1.366050737860010E-003
   2.42500000000000      -6.328931046885310E-006 -1.372377302915605E-003
  1.366048371868715E-003
   2.43000000000000      -6.329015974584225E-006 -1.372375222793565E-003
  1.366046206818993E-003
   2.43500000000000      -6.328828985777217E-006 -1.372373180048194E-003
  1.366044351062412E-003
   2.44000000000000      -6.329219928492419E-006 -1.372371373946288E-003
  1.366042154017790E-003
   2.44500000000000      -6.329769601190083E-006 -1.372369305115995E-003
  1.366039535514785E-003
   2.45000000000000      -6.329951024392214E-006 -1.372367463480929E-003
  1.366037512456582E-003
   2.45500000000000      -6.330437402994182E-006 -1.372365680831620E-003
  1.366035243428635E-003
   2.46000000000000      -6.329823649666221E-006 -1.372363842340055E-003
  1.366034018690448E-003
   2.46500000000000      -6.330068331223075E-006 -1.372362135985350E-003
  1.366032067654121E-003
   2.47000000000000      -6.330872570215083E-006 -1.372360416208332E-003
  1.366029543638087E-003
   2.47500000000000      -6.330992173344916E-006 -1.372358645203775E-003
  1.366027653030392E-003
   2.48000000000000      -6.331018213564869E-006 -1.372357192274963E-003
  1.366026174061370E-003
   2.48500000000000      -6.330987216465807E-006 -1.372355627341518E-003
  1.366024640124997E-003
   2.49000000000000      -6.330981256473315E-006 -1.372354024769183E-003
  1.366023043512746E-003
   2.49500000000000      -6.330906883663182E-006 -1.372352348759071E-003
  1.366021441875404E-003
   2.50000000000000      -6.331230080742005E-006 -1.372351038371905E-003
  1.366019808291132E-003
