  5.000000000000000E-003 -1.195896113675086E-002
  1.000000000000000E-002 -2.367619778654723E-002
  1.500000000000000E-002 -3.515998713690143E-002
  2.000000000000000E-002 -4.916623572756264E-002
  2.500000000000000E-002 -6.087190178986914E-002
  3.000000000000000E-002 -7.236139265269025E-002
  3.500000000000000E-002 -8.364211793939336E-002
  4.000000000000000E-002 -9.471888774941585E-002
  4.500000000000000E-002 -0.105593593490892     
  5.000000000000000E-002 -0.116264917458057     
  5.500000000000000E-002 -0.126728238757677     
  6.000000000000000E-002 -0.136975818597998     
  6.500000000000000E-002 -0.146997258451738     
  7.000000000000001E-002 -0.156780172923089     
  7.500000000000000E-002 -0.166310989478556     
  8.000000000000000E-002 -0.175575783032194     
  8.500000000000001E-002 -0.184561063464138     
  9.000000000000000E-002 -0.193254457765220     
  9.500000000000000E-002 -0.201645250247314     
  0.100000000000000      -0.209724768133875     
  0.105000000000000      -0.217486615384323     
  0.110000000000000      -0.224926770366132     
  0.115000000000000      -0.232043569783757     
  0.120000000000000      -0.238837602733222     
  0.125000000000000      -0.245311540147703     
  0.130000000000000      -0.251469920485990     
  0.135000000000000      -0.257318912158499     
  0.140000000000000      -0.262866066006722     
  0.145000000000000      -0.268120071259307     
  0.150000000000000      -0.273090521686096     
  0.155000000000000      -0.277787700139987     
  0.160000000000000      -0.282222381373441     
  0.165000000000000      -0.286405659045760     
  0.170000000000000      -0.290348792846120     
  0.175000000000000      -0.294063080228338     
  0.180000000000000      -0.297559745691314     
  0.185000000000000      -0.300849851944014     
  0.190000000000000      -0.303944226119404     
  0.195000000000000      -0.306853402226305     
  0.200000000000000      -0.309587577493498     
  0.205000000000000      -0.312156578401403     
  0.210000000000000      -0.314569839682909     
  0.215000000000000      -0.316836386958874     
  0.220000000000000      -0.318964832699788     
  0.225000000000000      -0.320963371201846     
  0.230000000000000      -0.322839783018044     
  0.235000000000000      -0.324601441068496     
  0.240000000000000      -0.326255320025437     
  0.245000000000000      -0.327808007394857     
  0.250000000000000      -0.329265717949958     
  0.255000000000000      -0.330634306179722     
  0.260000000000000      -0.331919284212060     
  0.265000000000000      -0.333125835112303     
  0.270000000000000      -0.334258829307937     
  0.275000000000000      -0.335322841461111     
  0.280000000000000      -0.336322165064722     
  0.285000000000000      -0.337260827898499     
  0.290000000000000      -0.338142607262875     
  0.295000000000000      -0.338971044207114     
  0.300000000000000      -0.339749457398440     
  0.305000000000000      -0.340480956319532     
  0.310000000000000      -0.341168453765032     
  0.315000000000000      -0.341814678803454     
  0.320000000000000      -0.342422186694450     
  0.325000000000000      -0.342993371297133     
  0.330000000000000      -0.343530474084918     
  0.335000000000000      -0.344035593989434     
  0.340000000000000      -0.344510697389059     
  0.345000000000000      -0.344957626112537     
  0.350000000000000      -0.345378103875358     
  0.355000000000000      -0.345773747184986     
  0.360000000000000      -0.346146069072178     
  0.365000000000000      -0.346496487688996     
  0.370000000000000      -0.346826331721789     
  0.375000000000000      -0.347136846429494     
  0.380000000000000      -0.347429199133005     
  0.385000000000000      -0.347704483171658     
  0.390000000000000      -0.347963725723158     
  0.395000000000000      -0.348207886840261     
  0.400000000000000      -0.348437870358833     
  0.405000000000000      -0.348654521429521     
  0.410000000000000      -0.348858634513741     
  0.415000000000000      -0.349050953813872     
  0.420000000000000      -0.349232179592357     
  0.425000000000000      -0.349402967180844     
  0.430000000000000      -0.349563932888522     
  0.435000000000000      -0.349715655755578     
  0.440000000000000      -0.349858678175185     
  0.445000000000000      -0.349993511796834     
  0.450000000000000      -0.350120634766344     
  0.455000000000000      -0.350240498335481     
  0.460000000000000      -0.350353525840931     
  0.465000000000000      -0.350460115024864     
  0.470000000000000      -0.350560640398024     
  0.475000000000000      -0.350655453216511     
  0.480000000000000      -0.350744884492411     
  0.485000000000000      -0.350829245707380     
  0.490000000000000      -0.350908828704333     
  0.495000000000000      -0.350983909670136     
  0.500000000000000      -0.351054747367650     
  0.505000000000000      -0.351121585142983     
  0.510000000000000      -0.351184653173651     
  0.515000000000000      -0.351244167013763     
  0.520000000000000      -0.351300330192633     
  0.525000000000000      -0.351353333988823     
  0.530000000000000      -0.351403359070998     
  0.535000000000000      -0.351450574586769     
  0.540000000000000      -0.351495141358256     
  0.545000000000000      -0.351537209036797     
  0.550000000000000      -0.351576920307576     
  0.555000000000000      -0.351614408645388     
  0.560000000000000      -0.351649799767681     
  0.565000000000000      -0.351683212810229     
  0.570000000000000      -0.351714759804667     
  0.575000000000000      -0.351744545693218     
  0.580000000000000      -0.351772670449599     
  0.585000000000000      -0.351799226806846     
  0.590000000000000      -0.351824304865437     
  0.595000000000000      -0.351847986045366     
  0.600000000000000      -0.351870350216136     
  0.605000000000000      -0.351891471120374     
  0.610000000000000      -0.351911418193341     
  0.615000000000000      -0.351930257978579     
  0.620000000000000      -0.351948052030472     
  0.625000000000000      -0.351964859742290     
  0.630000000000000      -0.351980735268101     
  0.635000000000000      -0.351995731939324     
  0.640000000000000      -0.352009897928580     
  0.645000000000000      -0.352023280963060     
  0.650000000000000      -0.352035923333767     
  0.655000000000000      -0.352047867529169     
  0.660000000000000      -0.352059152072997     
  0.665000000000000      -0.352069814074054     
  0.670000000000000      -0.352079887327301     
  0.675000000000000      -0.352089406450373     
  0.680000000000000      -0.352098399957000     
  0.685000000000000      -0.352106899580241     
  0.690000000000000      -0.352114930638170     
  0.695000000000000      -0.352122520886800     
  0.700000000000000      -0.352129693746003     
  0.705000000000000      -0.352136473078233     
  0.710000000000000      -0.352142880309726     
  0.715000000000000      -0.352148936132996     
  0.720000000000000      -0.352154660667859     
  0.725000000000000      -0.352160071107184     
  0.730000000000000      -0.352165186351380     
  0.735000000000000      -0.352170020917978     
  0.740000000000000      -0.352174592723417     
  0.745000000000000      -0.352178914167520     
  0.750000000000000      -0.352183000315439     
  0.755000000000000      -0.352186863611798     
  0.760000000000000      -0.352190516802749     
  0.765000000000000      -0.352193971634098     
  0.770000000000000      -0.352197237715614     
  0.775000000000000      -0.352200327478446     
  0.780000000000000      -0.352203248960040     
  0.785000000000000      -0.352206012983176     
  0.790000000000000      -0.352208626920639     
  0.795000000000000      -0.352211099487525     
  0.800000000000000      -0.352213438555732     
  0.805000000000000      -0.352215651396574     
  0.810000000000000      -0.352217745532593     
  0.815000000000000      -0.352219725881923     
  0.820000000000000      -0.352221600935243     
  0.825000000000000      -0.352223374703191     
  0.830000000000000      -0.352225053706342     
  0.835000000000000      -0.352226642613077     
  0.840000000000000      -0.352228146273537     
  0.845000000000000      -0.352229570037840     
  0.850000000000000      -0.352230917905627     
  0.855000000000000      -0.352232193393720     
  0.860000000000000      -0.352233402209639     
  0.865000000000000      -0.352234546253581     
  0.870000000000000      -0.352235629258579     
  0.875000000000000      -0.352236656005663     
  0.880000000000000      -0.352237627274798     
  0.885000000000000      -0.352238548951817     
  0.890000000000000      -0.352239420237704     
  0.895000000000000      -0.352240247408151     
  0.900000000000000      -0.352241030552823     
  0.905000000000000      -0.352241772860860     
  0.910000000000000      -0.352242476241982     
  0.915000000000000      -0.352243143366278     
  0.920000000000000      -0.352243775426570     
  0.925000000000000      -0.352244374617096     
  0.930000000000000      -0.352244943621763     
  0.935000000000000      -0.352245482202299     
  0.940000000000000      -0.352245994359956     
  0.945000000000000      -0.352246478884434     
  0.950000000000000      -0.352246939402622     
  0.955000000000000      -0.352247376130999     
  0.960000000000000      -0.352247790704312     
  0.965000000000000      -0.352248183995652     
  0.970000000000000      -0.352248557941953     
  0.975000000000000      -0.352248912576423     
  0.980000000000000      -0.352249249148273     
  0.985000000000000      -0.352249569701177     
  0.990000000000000      -0.352249873290897     
  0.995000000000000      -0.352250161883040     
   1.00000000000000      -0.352250436735420     
   1.00500000000000      -0.352250697462413     
   1.01000000000000      -0.352250945838254     
   1.01500000000000      -0.352251181238585     
   1.02000000000000      -0.352251405404407     
   1.02500000000000      -0.352251619316924     
   1.03000000000000      -0.352251821669424     
   1.03500000000000      -0.352252015196635     
   1.04000000000000      -0.352252199087727     
   1.04500000000000      -0.352252373663212     
   1.05000000000000      -0.352252541174736     
   1.05500000000000      -0.352252698908359     
   1.06000000000000      -0.352252850896525     
   1.06500000000000      -0.352252994348089     
   1.07000000000000      -0.352253132171669     
   1.07500000000000      -0.352253262890479     
   1.08000000000000      -0.352253387573808     
   1.08500000000000      -0.352253506715603     
   1.09000000000000      -0.352253619949969     
   1.09500000000000      -0.352253728707180     
   1.10000000000000      -0.352253832150218     
   1.10500000000000      -0.352253930514216     
   1.11000000000000      -0.352254025078456     
   1.11500000000000      -0.352254115245761     
   1.12000000000000      -0.352254200916165     
   1.12500000000000      -0.352254283151791     
   1.13000000000000      -0.352254361862102     
   1.13500000000000      -0.352254437074370     
   1.14000000000000      -0.352254508839868     
   1.14500000000000      -0.352254577632965     
   1.15000000000000      -0.352254643360861     
   1.15500000000000      -0.352254706474162     
   1.16000000000000      -0.352254766904609     
   1.16500000000000      -0.352254824068459     
   1.17000000000000      -0.352254879893099     
   1.17500000000000      -0.352254932540459     
   1.18000000000000      -0.352254983580499     
   1.18500000000000      -0.352255032441123     
   1.19000000000000      -0.352255078927618     
   1.19500000000000      -0.352255123715536     
   1.20000000000000      -0.352255167010106     
   1.20500000000000      -0.352255207852819     
   1.21000000000000      -0.352255247851516     
   1.21500000000000      -0.352255285600746     
   1.22000000000000      -0.352255322442674     
   1.22500000000000      -0.352255357199020     
   1.23000000000000      -0.352255391204836     
   1.23500000000000      -0.352255423732387     
   1.24000000000000      -0.352255455197762     
   1.24500000000000      -0.352255484735634     
   1.25000000000000      -0.352255513726908     
   1.25500000000000      -0.352255541730992     
   1.26000000000000      -0.352255568361105     
   1.26500000000000      -0.352255594316149     
   1.27000000000000      -0.352255619272760     
   1.27500000000000      -0.352255642751270     
   1.28000000000000      -0.352255666413996     
   1.28500000000000      -0.352255688126216     
   1.29000000000000      -0.352255709756729     
   1.29500000000000      -0.352255730597608     
   1.30000000000000      -0.352255750548337     
   1.30500000000000      -0.352255769713616     
   1.31000000000000      -0.352255788025894     
   1.31500000000000      -0.352255806299856     
   1.32000000000000      -0.352255823596301     
   1.32500000000000      -0.352255840650460     
   1.33000000000000      -0.352255856330583     
   1.33500000000000      -0.352255872276792     
   1.34000000000000      -0.352255886954936     
   1.34500000000000      -0.352255902023621     
   1.35000000000000      -0.352255916204880     
   1.35500000000000      -0.352255929478100     
   1.36000000000000      -0.352255942864227     
   1.36500000000000      -0.352255956002900     
   1.37000000000000      -0.352255967958880     
   1.37500000000000      -0.352255980233248     
   1.38000000000000      -0.352255991298762     
   1.38500000000000      -0.352256003338879     
   1.39000000000000      -0.352256013807409     
   1.39500000000000      -0.352256024244962     
   1.40000000000000      -0.352256034695504     
   1.40500000000000      -0.352256044616675     
   1.41000000000000      -0.352256054015476     
   1.41500000000000      -0.352256063238074     
   1.42000000000000      -0.352256072763765     
   1.42500000000000      -0.352256081144204     
   1.43000000000000      -0.352256089719163     
   1.43500000000000      -0.352256098103722     
   1.44000000000000      -0.352256105943553     
   1.44500000000000      -0.352256113493166     
   1.45000000000000      -0.352256121730938     
   1.45500000000000      -0.352256128141017     
   1.46000000000000      -0.352256135949171     
   1.46500000000000      -0.352256142473078     
   1.47000000000000      -0.352256149399484     
   1.47500000000000      -0.352256155544768     
   1.48000000000000      -0.352256162306858     
   1.48500000000000      -0.352256168168135     
   1.49000000000000      -0.352256174441531     
   1.49500000000000      -0.352256179838706     
   1.50000000000000      -0.352256185670847     
   1.50500000000000      -0.352256191143902     
   1.51000000000000      -0.352256196355597     
   1.51500000000000      -0.352256201892655     
   1.52000000000000      -0.352256206445085     
   1.52500000000000      -0.352256211560418     
   1.53000000000000      -0.352256216039893     
   1.53500000000000      -0.352256221284973     
   1.54000000000000      -0.352256225115250     
   1.54500000000000      -0.352256229816773     
   1.55000000000000      -0.352256234366844     
   1.55500000000000      -0.352256238039906     
   1.56000000000000      -0.352256242260253     
   1.56500000000000      -0.352256245957617     
   1.57000000000000      -0.352256250080129     
   1.57500000000000      -0.352256253748306     
   1.58000000000000      -0.352256257339601     
   1.58500000000000      -0.352256260616476     
   1.59000000000000      -0.352256264357252     
   1.59500000000000      -0.352256267713091     
   1.60000000000000      -0.352256270816104     
   1.60500000000000      -0.352256274008302     
   1.61000000000000      -0.352256276949210     
   1.61500000000000      -0.352256280263973     
   1.62000000000000      -0.352256282983428     
   1.62500000000000      -0.352256285769887     
   1.63000000000000      -0.352256288796112     
   1.63500000000000      -0.352256290958467     
   1.64000000000000      -0.352256293958108     
   1.64500000000000      -0.352256296592334     
   1.65000000000000      -0.352256298898312     
   1.65500000000000      -0.352256301557076     
   1.66000000000000      -0.352256303503810     
   1.66500000000000      -0.352256306548303     
   1.67000000000000      -0.352256307988299     
   1.67500000000000      -0.352256310645042     
   1.68000000000000      -0.352256312546190     
   1.68500000000000      -0.352256315073953     
   1.69000000000000      -0.352256316488800     
   1.69500000000000      -0.352256318912053     
   1.70000000000000      -0.352256320593009     
   1.70500000000000      -0.352256322457944     
   1.71000000000000      -0.352256324559788     
   1.71500000000000      -0.352256325790434     
   1.72000000000000      -0.352256328240216     
   1.72500000000000      -0.352256329340562     
   1.73000000000000      -0.352256331377801     
   1.73500000000000      -0.352256332579119     
   1.74000000000000      -0.352256334608943     
   1.74500000000000      -0.352256335618406     
   1.75000000000000      -0.352256337752128     
   1.75500000000000      -0.352256338713432     
   1.76000000000000      -0.352256340050810     
   1.76500000000000      -0.352256341907041     
   1.77000000000000      -0.352256343040128     
   1.77500000000000      -0.352256344198109     
   1.78000000000000      -0.352256345318144     
   1.78500000000000      -0.352256346898708     
   1.79000000000000      -0.352256348283553     
   1.79500000000000      -0.352256348844892     
   1.80000000000000      -0.352256350586632     
   1.80500000000000      -0.352256351363712     
   1.81000000000000      -0.352256352842412     
   1.81500000000000      -0.352256353442390     
   1.82000000000000      -0.352256354679710     
   1.82500000000000      -0.352256355684062     
   1.83000000000000      -0.352256356827621     
   1.83500000000000      -0.352256357848378     
   1.84000000000000      -0.352256358299166     
   1.84500000000000      -0.352256359737753     
   1.85000000000000      -0.352256360253322     
   1.85500000000000      -0.352256361468659     
   1.86000000000000      -0.352256362239916     
   1.86500000000000      -0.352256362784036     
   1.87000000000000      -0.352256363976892     
   1.87500000000000      -0.352256364504100     
   1.88000000000000      -0.352256365373702     
   1.88500000000000      -0.352256366262675     
   1.89000000000000      -0.352256366762750     
   1.89500000000000      -0.352256367436787     
   1.90000000000000      -0.352256368311247     
   1.90500000000000      -0.352256368870570     
   1.91000000000000      -0.352256369568988     
   1.91500000000000      -0.352256370320511     
   1.92000000000000      -0.352256371147761     
   1.92500000000000      -0.352256371515517     
   1.93000000000000      -0.352256371854336     
   1.93500000000000      -0.352256373021781     
   1.94000000000000      -0.352256373056130     
   1.94500000000000      -0.352256373694578     
   1.95000000000000      -0.352256374663718     
   1.95500000000000      -0.352256374449158     
   1.96000000000000      -0.352256375603317     
   1.96500000000000      -0.352256376099303     
   1.97000000000000      -0.352256376279614     
   1.97500000000000      -0.352256376892655     
   1.98000000000000      -0.352256377368707     
   1.98500000000000      -0.352256377759463     
   1.99000000000000      -0.352256378327232     
   1.99500000000000      -0.352256378569492     
   2.00000000000000      -0.352256379112524     
   2.00500000000000      -0.352256379521911     
   2.01000000000000      -0.352256379723397     
   2.01500000000000      -0.352256380582544     
   2.02000000000000      -0.352256380761556     
   2.02500000000000      -0.352256380932709     
   2.03000000000000      -0.352256381376837     
   2.03500000000000      -0.352256381720212     
   2.04000000000000      -0.352256382335353     
   2.04500000000000      -0.352256382304467     
   2.05000000000000      -0.352256382746280     
   2.05500000000000      -0.352256383306502     
   2.06000000000000      -0.352256383241679     
   2.06500000000000      -0.352256383846036     
   2.07000000000000      -0.352256384100775     
   2.07500000000000      -0.352256384399537     
   2.08000000000000      -0.352256384461959     
   2.08500000000000      -0.352256385003044     
   2.09000000000000      -0.352256385359455     
   2.09500000000000      -0.352256385054248     
   2.10000000000000      -0.352256385991031     
   2.10500000000000      -0.352256385666774     
   2.11000000000000      -0.352256386459844     
   2.11500000000000      -0.352256386255298     
   2.12000000000000      -0.352256386709453     
   2.12500000000000      -0.352256386789130     
   2.13000000000000      -0.352256387054607     
   2.13500000000000      -0.352256387559147     
   2.14000000000000      -0.352256387358762     
   2.14500000000000      -0.352256387670840     
   2.15000000000000      -0.352256388029611     
   2.15500000000000      -0.352256388283236     
   2.16000000000000      -0.352256388052891     
   2.16500000000000      -0.352256388825608     
   2.17000000000000      -0.352256388643353     
   2.17500000000000      -0.352256388738842     
   2.18000000000000      -0.352256389013940     
   2.18500000000000      -0.352256389389416     
   2.19000000000000      -0.352256389046980     
   2.19500000000000      -0.352256389800262     
   2.20000000000000      -0.352256389715382     
   2.20500000000000      -0.352256389688432     
   2.21000000000000      -0.352256390161443     
   2.21500000000000      -0.352256389945650     
   2.22000000000000      -0.352256390137017     
   2.22500000000000      -0.352256390718140     
   2.23000000000000      -0.352256390335303     
   2.23500000000000      -0.352256390608594     
   2.24000000000000      -0.352256391055225     
   2.24500000000000      -0.352256390954188     
   2.25000000000000      -0.352256390992279     
   2.25500000000000      -0.352256390955965     
   2.26000000000000      -0.352256391494546     
   2.26500000000000      -0.352256391452473     
   2.27000000000000      -0.352256391290324     
   2.27500000000000      -0.352256391727454     
   2.28000000000000      -0.352256391646240     
   2.28500000000000      -0.352256391827108     
   2.29000000000000      -0.352256392004643     
   2.29500000000000      -0.352256392031292     
   2.30000000000000      -0.352256392163362     
   2.30500000000000      -0.352256392190390     
   2.31000000000000      -0.352256392231004     
   2.31500000000000      -0.352256392676770     
   2.32000000000000      -0.352256392070049     
   2.32500000000000      -0.352256393016006     
   2.33000000000000      -0.352256392185575     
   2.33500000000000      -0.352256392977068     
   2.34000000000000      -0.352256392786770     
   2.34500000000000      -0.352256392664405     
   2.35000000000000      -0.352256392976990     
   2.35500000000000      -0.352256393279242     
   2.36000000000000      -0.352256392921723     
   2.36500000000000      -0.352256393251799     
   2.37000000000000      -0.352256393278313     
   2.37500000000000      -0.352256393014911     
   2.38000000000000      -0.352256393478599     
   2.38500000000000      -0.352256393507282     
   2.39000000000000      -0.352256393647678     
   2.39500000000000      -0.352256393519031     
   2.40000000000000      -0.352256393570752     
   2.40500000000000      -0.352256393433300     
   2.41000000000000      -0.352256393910329     
   2.41500000000000      -0.352256393556016     
   2.42000000000000      -0.352256393923656     
   2.42500000000000      -0.352256393844163     
   2.43000000000000      -0.352256393992555     
   2.43500000000000      -0.352256394101630     
   2.44000000000000      -0.352256393882744     
   2.44500000000000      -0.352256393996860     
   2.45000000000000      -0.352256394139998     
   2.45500000000000      -0.352256394021828     
   2.46000000000000      -0.352256394569020     
   2.46500000000000      -0.352256394066015     
   2.47000000000000      -0.352256394106676     
   2.47500000000000      -0.352256394407261     
   2.48000000000000      -0.352256394376799     
   2.48500000000000      -0.352256394467427     
   2.49000000000000      -0.352256394477259     
   2.49500000000000      -0.352256394547116     
   2.50000000000000      -0.352256394404354     
