  5.000000000000000E-003 -9.777475820050226E-003
  1.000000000000000E-002 -1.941106835524951E-002
  1.500000000000000E-002 -2.890577517019638E-002
  2.000000000000000E-002 -4.111790942154758E-002
  2.500000000000000E-002 -5.105242119357534E-002
  3.000000000000000E-002 -6.085756938441590E-002
  3.500000000000000E-002 -7.053715242413297E-002
  4.000000000000000E-002 -8.009291122805362E-002
  4.500000000000000E-002 -8.952392975602409E-002
  5.000000000000000E-002 -9.882622097695910E-002
  5.500000000000000E-002 -0.107992574228814     
  6.000000000000000E-002 -0.117012707763342     
  6.500000000000000E-002 -0.125873707925084     
  7.000000000000001E-002 -0.134560691359111     
  7.500000000000000E-002 -0.143057599218606     
  8.000000000000000E-002 -0.151348030817203     
  8.500000000000001E-002 -0.159416032570100     
  9.000000000000000E-002 -0.167246784086388     
  9.500000000000000E-002 -0.174827143469228     
  0.100000000000000      -0.182146039282477     
  0.105000000000000      -0.189194711275810     
  0.110000000000000      -0.195966814729003     
  0.115000000000000      -0.202458411337789     
  0.120000000000000      -0.208667869516387     
  0.125000000000000      -0.214595699943012     
  0.130000000000000      -0.220244345924087     
  0.135000000000000      -0.225617950476485     
  0.140000000000000      -0.230722112154527     
  0.145000000000000      -0.235563643929065     
  0.150000000000000      -0.240150340529291     
  0.155000000000000      -0.244490764987024     
  0.160000000000000      -0.248594051143631     
  0.165000000000000      -0.252469731160794     
  0.170000000000000      -0.256127580662076     
  0.175000000000000      -0.259577490405784     
  0.180000000000000      -0.262829352944606     
  0.185000000000000      -0.265892972284779     
  0.190000000000000      -0.268777987787821     
  0.195000000000000      -0.271493813356272     
  0.200000000000000      -0.274049592245292     
  0.205000000000000      -0.276454158944561     
  0.210000000000000      -0.278716017425574     
  0.215000000000000      -0.280843317810323     
  0.220000000000000      -0.282843852314084     
  0.225000000000000      -0.284725046320240     
  0.230000000000000      -0.286493959417618     
  0.235000000000000      -0.288157289704970     
  0.240000000000000      -0.289721380531740     
  0.245000000000000      -0.291192228347378     
  0.250000000000000      -0.292575495838997     
  0.255000000000000      -0.293876520130685     
  0.260000000000000      -0.295100330713504     
  0.265000000000000      -0.296251660132301     
  0.270000000000000      -0.297334956892488     
  0.275000000000000      -0.298354401843630     
  0.280000000000000      -0.299313921179226     
  0.285000000000000      -0.300217199375472     
  0.290000000000000      -0.301067693215191     
  0.295000000000000      -0.301868644735398     
  0.300000000000000      -0.302623093550435     
  0.305000000000000      -0.303333888847468     
  0.310000000000000      -0.304003699781360     
  0.315000000000000      -0.304635029013827     
  0.320000000000000      -0.305230219861394     
  0.325000000000000      -0.305791469077631     
  0.330000000000000      -0.306320834332223     
  0.335000000000000      -0.306820242177763     
  0.340000000000000      -0.307291498630530     
  0.345000000000000      -0.307736297255950     
  0.350000000000000      -0.308156221757394     
  0.355000000000000      -0.308552759121410     
  0.360000000000000      -0.308927301480252     
  0.365000000000000      -0.309281154200960     
  0.370000000000000      -0.309615540903725     
  0.375000000000000      -0.309931609003248     
  0.380000000000000      -0.310230435205654     
  0.385000000000000      -0.310513026969925     
  0.390000000000000      -0.310780334037507     
  0.395000000000000      -0.311033241558076     
  0.400000000000000      -0.311272585756381     
  0.405000000000000      -0.311499148335476     
  0.410000000000000      -0.311713664882135     
  0.415000000000000      -0.311916823718904     
  0.420000000000000      -0.312109275179275     
  0.425000000000000      -0.312291627090533     
  0.430000000000000      -0.312464451198856     
  0.435000000000000      -0.312628286713910     
  0.440000000000000      -0.312783637302754     
  0.445000000000000      -0.312930980932137     
  0.450000000000000      -0.313070762743470     
  0.455000000000000      -0.313203403915048     
  0.460000000000000      -0.313329300501198     
  0.465000000000000      -0.313448824482971     
  0.470000000000000      -0.313562327414010     
  0.475000000000000      -0.313670138544786     
  0.480000000000000      -0.313772568604935     
  0.485000000000000      -0.313869911589831     
  0.490000000000000      -0.313962441724821     
  0.495000000000000      -0.314050420217799     
  0.500000000000000      -0.314134092250301     
  0.505000000000000      -0.314213687558449     
  0.510000000000000      -0.314289424943408     
  0.515000000000000      -0.314361509382558     
  0.520000000000000      -0.314430134883254     
  0.525000000000000      -0.314495483628084     
  0.530000000000000      -0.314557729160230     
  0.535000000000000      -0.314617032778162     
  0.540000000000000      -0.314673549948476     
  0.545000000000000      -0.314727423957447     
  0.550000000000000      -0.314778792759022     
  0.555000000000000      -0.314827785840444     
  0.560000000000000      -0.314874524592959     
  0.565000000000000      -0.314919124858870     
  0.570000000000000      -0.314961696794501     
  0.575000000000000      -0.315002342603352     
  0.580000000000000      -0.315041160749021     
  0.585000000000000      -0.315078241022039     
  0.590000000000000      -0.315113674075339     
  0.595000000000000      -0.315147539434028     
  0.600000000000000      -0.315179916513191     
  0.605000000000000      -0.315210879598467     
  0.610000000000000      -0.315240497254499     
  0.615000000000000      -0.315268836795158     
  0.620000000000000      -0.315295959831753     
  0.625000000000000      -0.315321927325293     
  0.630000000000000      -0.315346793180279     
  0.635000000000000      -0.315370612399816     
  0.640000000000000      -0.315393433432982     
  0.645000000000000      -0.315415306779636     
  0.650000000000000      -0.315436274967050     
  0.655000000000000      -0.315456382376924     
  0.660000000000000      -0.315475669300833     
  0.665000000000000      -0.315494175105958     
  0.670000000000000      -0.315511933797679     
  0.675000000000000      -0.315528983972182     
  0.680000000000000      -0.315545353980013     
  0.685000000000000      -0.315561079294286     
  0.690000000000000      -0.315576186027746     
  0.695000000000000      -0.315590704841626     
  0.700000000000000      -0.315604660983051     
  0.705000000000000      -0.315618080825949     
  0.710000000000000      -0.315630987847930     
  0.715000000000000      -0.315643404409113     
  0.720000000000000      -0.315655354000798     
  0.725000000000000      -0.315666854647325     
  0.730000000000000      -0.315677928872766     
  0.735000000000000      -0.315688591531313     
  0.740000000000000      -0.315698864830228     
  0.745000000000000      -0.315708762677663     
  0.750000000000000      -0.315718302315541     
  0.755000000000000      -0.315727498242298     
  0.760000000000000      -0.315736365668955     
  0.765000000000000      -0.315744919504496     
  0.770000000000000      -0.315753169350311     
  0.775000000000000      -0.315761131202052     
  0.780000000000000      -0.315768814508771     
  0.785000000000000      -0.315776233529912     
  0.790000000000000      -0.315783397354489     
  0.795000000000000      -0.315790316113870     
  0.800000000000000      -0.315796999870638     
  0.805000000000000      -0.315803457794310     
  0.810000000000000      -0.315809700775585     
  0.815000000000000      -0.315815733514753     
  0.820000000000000      -0.315821568262407     
  0.825000000000000      -0.315827210551466     
  0.830000000000000      -0.315832669034564     
  0.835000000000000      -0.315837950110065     
  0.840000000000000      -0.315843059562030     
  0.845000000000000      -0.315848005210954     
  0.850000000000000      -0.315852793312910     
  0.855000000000000      -0.315857427620543     
  0.860000000000000      -0.315861917710982     
  0.865000000000000      -0.315866266786616     
  0.870000000000000      -0.315870478499680     
  0.875000000000000      -0.315874561418184     
  0.880000000000000      -0.315878515844551     
  0.885000000000000      -0.315882351898075     
  0.890000000000000      -0.315886067170357     
  0.895000000000000      -0.315889671750546     
  0.900000000000000      -0.315893166957708     
  0.905000000000000      -0.315896557164468     
  0.910000000000000      -0.315899845357011     
  0.915000000000000      -0.315903036370825     
  0.920000000000000      -0.315906132078388     
  0.925000000000000      -0.315909135452947     
  0.930000000000000      -0.315912052364343     
  0.935000000000000      -0.315914882067726     
  0.940000000000000      -0.315917631941907     
  0.945000000000000      -0.315920300013845     
  0.950000000000000      -0.315922891765031     
  0.955000000000000      -0.315925408782758     
  0.960000000000000      -0.315927853786610     
  0.965000000000000      -0.315930228357218     
  0.970000000000000      -0.315932536675443     
  0.975000000000000      -0.315934779437791     
  0.980000000000000      -0.315936957909599     
  0.985000000000000      -0.315939077221805     
  0.990000000000000      -0.315941135903808     
  0.995000000000000      -0.315943136457788     
   1.00000000000000      -0.315945082704279     
   1.00500000000000      -0.315946974483612     
   1.01000000000000      -0.315948815316922     
   1.01500000000000      -0.315950604056227     
   1.02000000000000      -0.315952343338061     
   1.02500000000000      -0.315954036987731     
   1.03000000000000      -0.315955682472937     
   1.03500000000000      -0.315957284359996     
   1.04000000000000      -0.315958843157911     
   1.04500000000000      -0.315960358245088     
   1.05000000000000      -0.315961835410363     
   1.05500000000000      -0.315963269604952     
   1.06000000000000      -0.315964667978647     
   1.06500000000000      -0.315966026844522     
   1.07000000000000      -0.315967351275415     
   1.07500000000000      -0.315968639827544     
   1.08000000000000      -0.315969893793423     
   1.08500000000000      -0.315971114926118     
   1.09000000000000      -0.315972302706056     
   1.09500000000000      -0.315973460547652     
   1.10000000000000      -0.315974588062574     
   1.10500000000000      -0.315975684712254     
   1.11000000000000      -0.315976753684972     
   1.11500000000000      -0.315977795091891     
   1.12000000000000      -0.315978808130104     
   1.12500000000000      -0.315979794829755     
   1.13000000000000      -0.315980756368147     
   1.13500000000000      -0.315981693091678     
   1.14000000000000      -0.315982605292912     
   1.14500000000000      -0.315983494013615     
   1.15000000000000      -0.315984359570081     
   1.15500000000000      -0.315985203319158     
   1.16000000000000      -0.315986025789122     
   1.16500000000000      -0.315986825181573     
   1.17000000000000      -0.315987605804315     
   1.17500000000000      -0.315988365124860     
   1.18000000000000      -0.315989105897307     
   1.18500000000000      -0.315989828173187     
   1.19000000000000      -0.315990531248779     
   1.19500000000000      -0.315991216328593     
   1.20000000000000      -0.315991884915879     
   1.20500000000000      -0.315992535097827     
   1.21000000000000      -0.315993169922834     
   1.21500000000000      -0.315993787616216     
   1.22000000000000      -0.315994390651169     
   1.22500000000000      -0.315994977060541     
   1.23000000000000      -0.315995549438343     
   1.23500000000000      -0.315996107565091     
   1.24000000000000      -0.315996652407710     
   1.24500000000000      -0.315997181807189     
   1.25000000000000      -0.315997698144272     
   1.25500000000000      -0.315998202169564     
   1.26000000000000      -0.315998692882867     
   1.26500000000000      -0.315999171816399     
   1.27000000000000      -0.315999639165602     
   1.27500000000000      -0.316000093133120     
   1.28000000000000      -0.316000537745956     
   1.28500000000000      -0.316000969392716     
   1.29000000000000      -0.316001390858724     
   1.29500000000000      -0.316001802214258     
   1.30000000000000      -0.316002203360799     
   1.30500000000000      -0.316002594086924     
   1.31000000000000      -0.316002974083238     
   1.31500000000000      -0.316003345675439     
   1.32000000000000      -0.316003707861808     
   1.32500000000000      -0.316004062059120     
   1.33000000000000      -0.316004405716342     
   1.33500000000000      -0.316004741909309     
   1.34000000000000      -0.316005068199811     
   1.34500000000000      -0.316005387880094     
   1.35000000000000      -0.316005699829878     
   1.35500000000000      -0.316006002638093     
   1.36000000000000      -0.316006298501768     
   1.36500000000000      -0.316006588118436     
   1.37000000000000      -0.316006869124644     
   1.37500000000000      -0.316007144095872     
   1.38000000000000      -0.316007410367945     
   1.38500000000000      -0.316007672764814     
   1.39000000000000      -0.316007927220676     
   1.39500000000000      -0.316008174972798     
   1.40000000000000      -0.316008417267816     
   1.40500000000000      -0.316008653703871     
   1.41000000000000      -0.316008883509496     
   1.41500000000000      -0.316009107378241     
   1.42000000000000      -0.316009327275431     
   1.42500000000000      -0.316009540554330     
   1.43000000000000      -0.316009748755078     
   1.43500000000000      -0.316009952315868     
   1.44000000000000      -0.316010150285661     
   1.44500000000000      -0.316010342667642     
   1.45000000000000      -0.316010532613768     
   1.45500000000000      -0.316010714875480     
   1.46000000000000      -0.316010894946769     
   1.46500000000000      -0.316011069406847     
   1.47000000000000      -0.316011240312848     
   1.47500000000000      -0.316011405756109     
   1.48000000000000      -0.316011568607134     
   1.48500000000000      -0.316011726522863     
   1.49000000000000      -0.316011881629051     
   1.49500000000000      -0.316012031472318     
   1.50000000000000      -0.316012178373142     
   1.50500000000000      -0.316012321614984     
   1.51000000000000      -0.316012460918210     
   1.51500000000000      -0.316012598089104     
   1.52000000000000      -0.316012730230776     
   1.52500000000000      -0.316012859891463     
   1.53000000000000      -0.316012985352854     
   1.53500000000000      -0.316013109856710     
   1.54000000000000      -0.316013229005826     
   1.54500000000000      -0.316013346338707     
   1.55000000000000      -0.316013461741115     
   1.55500000000000      -0.316013572758634     
   1.56000000000000      -0.316013681638130     
   1.56500000000000      -0.316013787050525     
   1.57000000000000      -0.316013890930700     
   1.57500000000000      -0.316013992078419     
   1.58000000000000      -0.316014090678267     
   1.58500000000000      -0.316014185998604     
   1.59000000000000      -0.316014280032107     
   1.59500000000000      -0.316014371833721     
   1.60000000000000      -0.316014460866286     
   1.60500000000000      -0.316014547818684     
   1.61000000000000      -0.316014632134901     
   1.61500000000000      -0.316014715543528     
   1.62000000000000      -0.316014796117662     
   1.62500000000000      -0.316014874583769     
   1.63000000000000      -0.316014951948366     
   1.63500000000000      -0.316015025623297     
   1.64000000000000      -0.316015098721123     
   1.64500000000000      -0.316015170270628     
   1.65000000000000      -0.316015239447197     
   1.65500000000000      -0.316015307712274     
   1.66000000000000      -0.316015372851522     
   1.66500000000000      -0.316015438880821     
   1.67000000000000      -0.316015500574624     
   1.67500000000000      -0.316015562332932     
   1.68000000000000      -0.316015621795537     
   1.68500000000000      -0.316015681345310     
   1.69000000000000      -0.316015737335372     
   1.69500000000000      -0.316015793468476     
   1.70000000000000      -0.316015847429927     
   1.70500000000000      -0.316015900039688     
   1.71000000000000      -0.316015952285824     
   1.71500000000000      -0.316016001373731     
   1.72000000000000      -0.316016051680864     
   1.72500000000000      -0.316016098741238     
   1.73000000000000      -0.316016146003062     
   1.73500000000000      -0.316016190714953     
   1.74000000000000      -0.316016235914283     
   1.74500000000000      -0.316016278218490     
   1.75000000000000      -0.316016321692530     
   1.75500000000000      -0.316016362463781     
   1.76000000000000      -0.316016401932962     
   1.76500000000000      -0.316016442043593     
   1.77000000000000      -0.316016480504336     
   1.77500000000000      -0.316016517500543     
   1.78000000000000      -0.316016553021578     
   1.78500000000000      -0.316016588819943     
   1.79000000000000      -0.316016624336873     
   1.79500000000000      -0.316016656838930     
   1.80000000000000      -0.316016690523426     
   1.80500000000000      -0.316016722255136     
   1.81000000000000      -0.316016754472015     
   1.81500000000000      -0.316016784282618     
   1.82000000000000      -0.316016814085310     
   1.82500000000000      -0.316016843056491     
   1.83000000000000      -0.316016871809713     
   1.83500000000000      -0.316016900104806     
   1.84000000000000      -0.316016926011462     
   1.84500000000000      -0.316016953057260     
   1.85000000000000      -0.316016978088611     
   1.85500000000000      -0.316017003715778     
   1.86000000000000      -0.316017028431268     
   1.86500000000000      -0.316017051555266     
   1.87000000000000      -0.316017075383921     
   1.87500000000000      -0.316017097813574     
   1.88000000000000      -0.316017119916579     
   1.88500000000000      -0.316017142044286     
   1.89000000000000      -0.316017162806537     
   1.89500000000000      -0.316017182883531     
   1.90000000000000      -0.316017203089219     
   1.90500000000000      -0.316017222375927     
   1.91000000000000      -0.316017241338561     
   1.91500000000000      -0.316017260150179     
   1.92000000000000      -0.316017279181405     
   1.92500000000000      -0.316017296925150     
   1.93000000000000      -0.316017313314530     
   1.93500000000000      -0.316017331293743     
   1.94000000000000      -0.316017347074609     
   1.94500000000000      -0.316017362642923     
   1.95000000000000      -0.316017379344910     
   1.95500000000000      -0.316017393081062     
   1.96000000000000      -0.316017408617880     
   1.96500000000000      -0.316017423792345     
   1.97000000000000      -0.316017437525536     
   1.97500000000000      -0.316017451392649     
   1.98000000000000      -0.316017464892137     
   1.98500000000000      -0.316017477894555     
   1.99000000000000      -0.316017490972089     
   1.99500000000000      -0.316017503093545     
   2.00000000000000      -0.316017515282315     
   2.00500000000000      -0.316017527201679     
   2.01000000000000      -0.316017538140923     
   2.01500000000000      -0.316017550346157     
   2.02000000000000      -0.316017561639309     
   2.02500000000000      -0.316017571959280     
   2.03000000000000      -0.316017582208799     
   2.03500000000000      -0.316017592262856     
   2.04000000000000      -0.316017602873477     
   2.04500000000000      -0.316017612099334     
   2.05000000000000      -0.316017621413823     
   2.05500000000000      -0.316017631348451     
   2.06000000000000      -0.316017639670439     
   2.06500000000000      -0.316017648845703     
   2.07000000000000      -0.316017657663430     
   2.07500000000000      -0.316017666263333     
   2.08000000000000      -0.316017673898977     
   2.08500000000000      -0.316017682278504     
   2.09000000000000      -0.316017690710661     
   2.09500000000000      -0.316017697034798     
   2.10000000000000      -0.316017705510286     
   2.10500000000000      -0.316017711794908     
   2.11000000000000      -0.316017719837528     
   2.11500000000000      -0.316017726142722     
   2.12000000000000      -0.316017733021209     
   2.12500000000000      -0.316017739272926     
   2.13000000000000      -0.316017745499837     
   2.13500000000000      -0.316017752560481     
   2.14000000000000      -0.316017758081996     
   2.14500000000000      -0.316017763767729     
   2.15000000000000      -0.316017769880082     
   2.15500000000000      -0.316017776061927     
   2.16000000000000      -0.316017780636992     
   2.16500000000000      -0.316017787104816     
   2.17000000000000      -0.316017792192575     
   2.17500000000000      -0.316017796835747     
   2.18000000000000      -0.316017801751608     
   2.18500000000000      -0.316017807232180     
   2.19000000000000      -0.316017810874192     
   2.19500000000000      -0.316017816441528     
   2.20000000000000      -0.316017821011647     
   2.20500000000000      -0.316017824947600     
   2.21000000000000      -0.316017829783524     
   2.21500000000000      -0.316017833324200     
   2.22000000000000      -0.316017836951864     
   2.22500000000000      -0.316017841953440     
   2.23000000000000      -0.316017845122492     
   2.23500000000000      -0.316017848681755     
   2.24000000000000      -0.316017853232615     
   2.24500000000000      -0.316017856907578     
   2.25000000000000      -0.316017860210937     
   2.25500000000000      -0.316017862886239     
   2.26000000000000      -0.316017866983604     
   2.26500000000000      -0.316017870382952     
   2.27000000000000      -0.316017872799695     
   2.27500000000000      -0.316017876269073     
   2.28000000000000      -0.316017879036376     
   2.28500000000000      -0.316017881996617     
   2.29000000000000      -0.316017885118601     
   2.29500000000000      -0.316017888005077     
   2.30000000000000      -0.316017890865892     
   2.30500000000000      -0.316017893457217     
   2.31000000000000      -0.316017895796213     
   2.31500000000000      -0.316017899339743     
   2.32000000000000      -0.316017900420144     
   2.32500000000000      -0.316017904412643     
   2.33000000000000      -0.316017905202958     
   2.33500000000000      -0.316017908391434     
   2.34000000000000      -0.316017910562118     
   2.34500000000000      -0.316017912035906     
   2.35000000000000      -0.316017914262244     
   2.35500000000000      -0.316017917223730     
   2.36000000000000      -0.316017918640898     
   2.36500000000000      -0.316017920908271     
   2.37000000000000      -0.316017923045746     
   2.37500000000000      -0.316017923948585     
   2.38000000000000      -0.316017926227627     
   2.38500000000000      -0.316017928279824     
   2.39000000000000      -0.316017930607228     
   2.39500000000000      -0.316017932240207     
   2.40000000000000      -0.316017933791414     
   2.40500000000000      -0.316017934640530     
   2.41000000000000      -0.316017936942189     
   2.41500000000000      -0.316017937743523     
   2.42000000000000      -0.316017939616955     
   2.42500000000000      -0.316017941000596     
   2.43000000000000      -0.316017942675974     
   2.43500000000000      -0.316017944544343     
   2.44000000000000      -0.316017945504090     
   2.44500000000000      -0.316017946557825     
   2.45000000000000      -0.316017947989395     
   2.45500000000000      -0.316017948828423     
   2.46000000000000      -0.316017951355238     
   2.46500000000000      -0.316017951983920     
   2.47000000000000      -0.316017952554250     
   2.47500000000000      -0.316017954023926     
   2.48000000000000      -0.316017955242311     
   2.48500000000000      -0.316017956586902     
   2.49000000000000      -0.316017957795968     
   2.49500000000000      -0.316017959102775     
   2.50000000000000      -0.316017959794980     
