  5.000000000000000E-003 -2.181485316700639E-003
  1.000000000000000E-002 -4.265129431297719E-003
  1.500000000000000E-002 -6.254211966705054E-003
  2.000000000000000E-002 -8.142145332558356E-003
  2.500000000000000E-002 -9.939464179187401E-003
  3.000000000000000E-002 -1.164921252306796E-002
  3.500000000000000E-002 -1.327432987645891E-002
  4.000000000000000E-002 -1.481766421202099E-002
  4.500000000000000E-002 -1.628198398322949E-002
  5.000000000000000E-002 -1.766999186749769E-002
  5.500000000000000E-002 -1.898433862838945E-002
  6.000000000000000E-002 -2.022763629807716E-002
  6.500000000000000E-002 -2.140246957100113E-002
  7.000000000000001E-002 -2.251140460651975E-002
  7.500000000000000E-002 -2.355699469748482E-002
  8.000000000000000E-002 -2.454178274082342E-002
  8.500000000000001E-002 -2.546830057451178E-002
  9.000000000000000E-002 -2.633906570646053E-002
  9.500000000000000E-002 -2.715657591317527E-002
  0.100000000000000      -2.792330240196673E-002
  0.105000000000000      -2.864168209822962E-002
  0.110000000000000      -2.931410961348825E-002
  0.115000000000000      -2.994292937687246E-002
  0.120000000000000      -3.053042826171297E-002
  0.125000000000000      -3.107882899684656E-002
  0.130000000000000      -3.159028443794894E-002
  0.135000000000000      -3.206687295420399E-002
  0.140000000000000      -3.251059475146477E-002
  0.145000000000000      -3.292336931210174E-002
  0.150000000000000      -3.330703363260656E-002
  0.155000000000000      -3.366334156715311E-002
  0.160000000000000      -3.399396371174438E-002
  0.165000000000000      -3.430048817234692E-002
  0.170000000000000      -3.458442168137833E-002
  0.175000000000000      -3.484719148938336E-002
  0.180000000000000      -3.509014734033752E-002
  0.185000000000000      -3.531456401514021E-002
  0.190000000000000      -3.552164392820279E-002
  0.195000000000000      -3.571251994974749E-002
  0.200000000000000      -3.588825841042070E-002
  0.205000000000000      -3.604986200536681E-002
  0.210000000000000      -3.619827297051584E-002
  0.215000000000000      -3.633437585411817E-002
  0.220000000000000      -3.645900077974447E-002
  0.225000000000000      -3.657292612018376E-002
  0.230000000000000      -3.667688148208790E-002
  0.235000000000000      -3.677155035478667E-002
  0.240000000000000      -3.685757285875271E-002
  0.245000000000000      -3.693554813864849E-002
  0.250000000000000      -3.700603699066876E-002
  0.255000000000000      -3.706956390225971E-002
  0.260000000000000      -3.712661955417696E-002
  0.265000000000000      -3.717766272144910E-002
  0.270000000000000      -3.722312222925140E-002
  0.275000000000000      -3.726339893805259E-002
  0.280000000000000      -3.729886743094972E-002
  0.285000000000000      -3.732987770053611E-002
  0.290000000000000      -3.735675669243663E-002
  0.295000000000000      -3.737980976488862E-002
  0.300000000000000      -3.739932213954435E-002
  0.305000000000000      -3.741556009106483E-002
  0.310000000000000      -3.742877224554734E-002
  0.315000000000000      -3.743919067042589E-002
  0.320000000000000      -3.744703199379382E-002
  0.325000000000000      -3.745249834993904E-002
  0.330000000000000      -3.745577836098422E-002
  0.335000000000000      -3.745704794498599E-002
  0.340000000000000      -3.745647121015120E-002
  0.345000000000000      -3.745420128099214E-002
  0.350000000000000      -3.745038074649717E-002
  0.355000000000000      -3.744514267934437E-002
  0.360000000000000      -3.743861104424738E-002
  0.365000000000000      -3.743090132083597E-002
  0.370000000000000      -3.742212108621996E-002
  0.375000000000000      -3.741237052648524E-002
  0.380000000000000      -3.740174293196613E-002
  0.385000000000000      -3.739032501581727E-002
  0.390000000000000      -3.737819762318322E-002
  0.395000000000000      -3.736543569749421E-002
  0.400000000000000      -3.735210914248897E-002
  0.405000000000000      -3.733828272013041E-002
  0.410000000000000      -3.732401668821456E-002
  0.415000000000000      -3.730936687524536E-002
  0.420000000000000      -3.729438516454266E-002
  0.425000000000000      -3.727911959306719E-002
  0.430000000000000      -3.726361467437427E-002
  0.435000000000000      -3.724791164340107E-002
  0.440000000000000      -3.723204858532139E-002
  0.445000000000000      -3.721606080559780E-002
  0.450000000000000      -3.719998078812894E-002
  0.455000000000000      -3.718383855464367E-002
  0.460000000000000      -3.716766177806047E-002
  0.465000000000000      -3.715147593173871E-002
  0.470000000000000      -3.713530441569263E-002
  0.475000000000000      -3.711916869992336E-002
  0.480000000000000      -3.710308847927794E-002
  0.485000000000000      -3.708708179537031E-002
  0.490000000000000      -3.707116505651920E-002
  0.495000000000000      -3.705535329797426E-002
  0.500000000000000      -3.703966019149974E-002
  0.505000000000000      -3.702409802733024E-002
  0.510000000000000      -3.700867805631546E-002
  0.515000000000000      -3.699341035814455E-002
  0.520000000000000      -3.697830397472033E-002
  0.525000000000000      -3.696336706466678E-002
  0.530000000000000      -3.694860680104639E-002
  0.535000000000000      -3.693402959040020E-002
  0.540000000000000      -3.691964106643685E-002
  0.545000000000000      -3.690544613313043E-002
  0.550000000000000      -3.689144903681987E-002
  0.555000000000000      -3.687765342128576E-002
  0.560000000000000      -3.686406229255577E-002
  0.565000000000000      -3.685067824376440E-002
  0.570000000000000      -3.683750330395930E-002
  0.575000000000000      -3.682453903753275E-002
  0.580000000000000      -3.681178664808204E-002
  0.585000000000000      -3.679924683657337E-002
  0.590000000000000      -3.678692012812665E-002
  0.595000000000000      -3.677480652476473E-002
  0.600000000000000      -3.676290588518977E-002
  0.605000000000000      -3.675121768019628E-002
  0.610000000000000      -3.673974118871907E-002
  0.615000000000000      -3.672847542198791E-002
  0.620000000000000      -3.671741918092940E-002
  0.625000000000000      -3.670657112540940E-002
  0.630000000000000      -3.669592963522974E-002
  0.635000000000000      -3.668549300826492E-002
  0.640000000000000      -3.667525937232751E-002
  0.645000000000000      -3.666522674103756E-002
  0.650000000000000      -3.665539298280238E-002
  0.655000000000000      -3.664575585300937E-002
  0.660000000000000      -3.663631306749058E-002
  0.665000000000000      -3.662706220666478E-002
  0.670000000000000      -3.661800076297553E-002
  0.675000000000000      -3.660912626523365E-002
  0.680000000000000      -3.660043601439975E-002
  0.685000000000000      -3.659192746495136E-002
  0.690000000000000      -3.658359784719749E-002
  0.695000000000000      -3.657544449465273E-002
  0.700000000000000      -3.656746465010795E-002
  0.705000000000000      -3.655965554559937E-002
  0.710000000000000      -3.655201438518726E-002
  0.715000000000000      -3.654453838298707E-002
  0.720000000000000      -3.653722475598925E-002
  0.725000000000000      -3.653007067601369E-002
  0.730000000000000      -3.652307336172288E-002
  0.735000000000000      -3.651622994666268E-002
  0.740000000000000      -3.650953779468021E-002
  0.745000000000000      -3.650299401913664E-002
  0.750000000000000      -3.649659591734637E-002
  0.755000000000000      -3.649034071108024E-002
  0.760000000000000      -3.648422571764732E-002
  0.765000000000000      -3.647824827034518E-002
  0.770000000000000      -3.647240560007823E-002
  0.775000000000000      -3.646669516012557E-002
  0.780000000000000      -3.646111425716525E-002
  0.785000000000000      -3.645566037984457E-002
  0.790000000000000      -3.645033093127900E-002
  0.795000000000000      -3.644512338714569E-002
  0.800000000000000      -3.644003523913282E-002
  0.805000000000000      -3.643506405010208E-002
  0.810000000000000      -3.643020741044500E-002
  0.815000000000000      -3.642546285197687E-002
  0.820000000000000      -3.642082811733151E-002
  0.825000000000000      -3.641630083648919E-002
  0.830000000000000      -3.641187874448972E-002
  0.835000000000000      -3.640755957669851E-002
  0.840000000000000      -3.640334108567792E-002
  0.845000000000000      -3.639922116514791E-002
  0.850000000000000      -3.639519764613593E-002
  0.855000000000000      -3.639126838567849E-002
  0.860000000000000      -3.638743141653597E-002
  0.865000000000000      -3.638368464016899E-002
  0.870000000000000      -3.638002605360811E-002
  0.875000000000000      -3.637645377745307E-002
  0.880000000000000      -3.637296578082683E-002
  0.885000000000000      -3.636956031918515E-002
  0.890000000000000      -3.636623540027380E-002
  0.895000000000000      -3.636298929793258E-002
  0.900000000000000      -3.635982025047855E-002
  0.905000000000000      -3.635672648085815E-002
  0.910000000000000      -3.635370627258282E-002
  0.915000000000000      -3.635075796891647E-002
  0.920000000000000      -3.634787993289774E-002
  0.925000000000000      -3.634507051750892E-002
  0.930000000000000      -3.634232823392356E-002
  0.935000000000000      -3.633965143823874E-002
  0.940000000000000      -3.633703874278699E-002
  0.945000000000000      -3.633448854642186E-002
  0.950000000000000      -3.633199947532394E-002
  0.955000000000000      -3.632957008935581E-002
  0.960000000000000      -3.632719900227987E-002
  0.965000000000000      -3.632488484672140E-002
  0.970000000000000      -3.632262634582269E-002
  0.975000000000000      -3.632042214744737E-002
  0.980000000000000      -3.631827098958167E-002
  0.985000000000000      -3.631617167582449E-002
  0.990000000000000      -3.631412293971747E-002
  0.995000000000000      -3.631212356705708E-002
   1.00000000000000      -3.631017246250744E-002
   1.00500000000000      -3.630826846584134E-002
   1.01000000000000      -3.630641047037943E-002
   1.01500000000000      -3.630459735177215E-002
   1.02000000000000      -3.630282806510661E-002
   1.02500000000000      -3.630110162988933E-002
   1.03000000000000      -3.629941689951385E-002
   1.03500000000000      -3.629777304615864E-002
   1.04000000000000      -3.629616897094956E-002
   1.04500000000000      -3.629460376041190E-002
   1.05000000000000      -3.629307658021884E-002
   1.05500000000000      -3.629158633458212E-002
   1.06000000000000      -3.629013232158147E-002
   1.06500000000000      -3.628871356520029E-002
   1.07000000000000      -3.628732927921813E-002
   1.07500000000000      -3.628597862939485E-002
   1.08000000000000      -3.628466077707290E-002
   1.08500000000000      -3.628337496723944E-002
   1.09000000000000      -3.628212040404914E-002
   1.09500000000000      -3.628089637850889E-002
   1.10000000000000      -3.627970213910496E-002
   1.10500000000000      -3.627853695217578E-002
   1.11000000000000      -3.627740012241574E-002
   1.11500000000000      -3.627629101158854E-002
   1.12000000000000      -3.627520887279725E-002
   1.12500000000000      -3.627415311398647E-002
   1.13000000000000      -3.627312306218321E-002
   1.13500000000000      -3.627211815853003E-002
   1.14000000000000      -3.627113772133952E-002
   1.14500000000000      -3.627018120542691E-002
   1.15000000000000      -3.626924801600506E-002
   1.15500000000000      -3.626833759726334E-002
   1.16000000000000      -3.626744941553089E-002
   1.16500000000000      -3.626658285723643E-002
   1.17000000000000      -3.626573747957760E-002
   1.17500000000000      -3.626491274151905E-002
   1.18000000000000      -3.626410812622768E-002
   1.18500000000000      -3.626332319622015E-002
   1.19000000000000      -3.626255741997559E-002
   1.19500000000000      -3.626181033925035E-002
   1.20000000000000      -3.626108155201940E-002
   1.20500000000000      -3.626037051762785E-002
   1.21000000000000      -3.625967691477704E-002
   1.21500000000000      -3.625900023174464E-002
   1.22000000000000      -3.625834009539872E-002
   1.22500000000000      -3.625769608932172E-002
   1.23000000000000      -3.625706784872384E-002
   1.23500000000000      -3.625645496902866E-002
   1.24000000000000      -3.625585710794552E-002
   1.24500000000000      -3.625527383631601E-002
   1.25000000000000      -3.625470483477886E-002
   1.25500000000000      -3.625414974492308E-002
   1.26000000000000      -3.625360826407335E-002
   1.26500000000000      -3.625308003583610E-002
   1.27000000000000      -3.625256472776908E-002
   1.27500000000000      -3.625206201949858E-002
   1.28000000000000      -3.625157164765477E-002
   1.28500000000000      -3.625109324500156E-002
   1.29000000000000      -3.625062655897778E-002
   1.29500000000000      -3.625017133392641E-002
   1.30000000000000      -3.624972722334056E-002
   1.30500000000000      -3.624929399787570E-002
   1.31000000000000      -3.624887136197795E-002
   1.31500000000000      -3.624845909664309E-002
   1.32000000000000      -3.624805692772155E-002
   1.32500000000000      -3.624766463600418E-002
   1.33000000000000      -3.624728191996134E-002
   1.33500000000000      -3.624690858686788E-002
   1.34000000000000      -3.624654437778416E-002
   1.34500000000000      -3.624618913222261E-002
   1.35000000000000      -3.624584258426433E-002
   1.35500000000000      -3.624550450426444E-002
   1.36000000000000      -3.624517470949692E-002
   1.36500000000000      -3.624485303739094E-002
   1.37000000000000      -3.624453920770206E-002
   1.37500000000000      -3.624423309302077E-002
   1.38000000000000      -3.624393444902650E-002
   1.38500000000000      -3.624364316324785E-002
   1.39000000000000      -3.624335899778007E-002
   1.39500000000000      -3.624308178047224E-002
   1.40000000000000      -3.624281140773553E-002
   1.40500000000000      -3.624254762763200E-002
   1.41000000000000      -3.624229031658501E-002
   1.41500000000000      -3.624203928870563E-002
   1.42000000000000      -3.624179448038022E-002
   1.42500000000000      -3.624155561355801E-002
   1.43000000000000      -3.624132262959683E-002
   1.43500000000000      -3.624109535821173E-002
   1.44000000000000      -3.624087365804423E-002
   1.44500000000000      -3.624065736236296E-002
   1.45000000000000      -3.624044644670885E-002
   1.45500000000000      -3.624024061416575E-002
   1.46000000000000      -3.624003990902538E-002
   1.46500000000000      -3.623984406570134E-002
   1.47000000000000      -3.623965304853232E-002
   1.47500000000000      -3.623946669843037E-002
   1.48000000000000      -3.623928495240524E-002
   1.48500000000000      -3.623910764118449E-002
   1.49000000000000      -3.623893469438190E-002
   1.49500000000000      -3.623876598048704E-002
   1.50000000000000      -3.623860139445471E-002
   1.50500000000000      -3.623844085349401E-002
   1.51000000000000      -3.623828425645272E-002
   1.51500000000000      -3.623813150673107E-002
   1.52000000000000      -3.623798247593351E-002
   1.52500000000000      -3.623783710910005E-002
   1.53000000000000      -3.623769530466332E-002
   1.53500000000000      -3.623755701476098E-002
   1.54000000000000      -3.623742207091937E-002
   1.54500000000000      -3.623729045283122E-002
   1.55000000000000      -3.623716209685748E-002
   1.55500000000000      -3.623703683871690E-002
   1.56000000000000      -3.623691467740861E-002
   1.56500000000000      -3.623679550468976E-002
   1.57000000000000      -3.623667926346583E-002
   1.57500000000000      -3.623656587927477E-002
   1.58000000000000      -3.623645526219098E-002
   1.58500000000000      -3.623634735083098E-002
   1.59000000000000      -3.623624210937316E-002
   1.59500000000000      -3.623613944977980E-002
   1.60000000000000      -3.623603930537021E-002
   1.60500000000000      -3.623594161547689E-002
   1.61000000000000      -3.623584632012655E-002
   1.61500000000000      -3.623575335537811E-002
   1.62000000000000      -3.623566269376283E-002
   1.62500000000000      -3.623557422503421E-002
   1.63000000000000      -3.623548796612160E-002
   1.63500000000000      -3.623540376859757E-002
   1.64000000000000      -3.623532166953802E-002
   1.64500000000000      -3.623524159290054E-002
   1.65000000000000      -3.623516346175593E-002
   1.65500000000000      -3.623508725926598E-002
   1.66000000000000      -3.623501289907752E-002
   1.66500000000000      -3.623494043422557E-002
   1.67000000000000      -3.623486967678778E-002
   1.67500000000000      -3.623480069221119E-002
   1.68000000000000      -3.623473338029815E-002
   1.68500000000000      -3.623466774827043E-002
   1.69000000000000      -3.623460369185570E-002
   1.69500000000000      -3.623454123985483E-002
   1.70000000000000      -3.623448029723822E-002
   1.70500000000000      -3.623442084220557E-002
   1.71000000000000      -3.623436287763996E-002
   1.71500000000000      -3.623430629251505E-002
   1.72000000000000      -3.623425115088160E-002
   1.72500000000000      -3.623419731885918E-002
   1.73000000000000      -3.623414482976206E-002
   1.73500000000000      -3.623409359665059E-002
   1.74000000000000      -3.623404365474461E-002
   1.74500000000000      -3.623399490932958E-002
   1.75000000000000      -3.623394740591716E-002
   1.75500000000000      -3.623390102504299E-002
   1.76000000000000      -3.623385578136546E-002
   1.76500000000000      -3.623381169009500E-002
   1.77000000000000      -3.623376865628729E-002
   1.77500000000000      -3.623372666777791E-002
   1.78000000000000      -3.623368570377389E-002
   1.78500000000000      -3.623364576295592E-002
   1.79000000000000      -3.623360681420452E-002
   1.79500000000000      -3.623356878147565E-002
   1.80000000000000      -3.623353173165336E-002
   1.80500000000000      -3.623349554230531E-002
   1.81000000000000      -3.623346028824996E-002
   1.81500000000000      -3.623342586637756E-002
   1.82000000000000      -3.623339227856134E-002
   1.82500000000000      -3.623335953820447E-002
   1.83000000000000      -3.623332761655908E-002
   1.83500000000000      -3.623329646444348E-002
   1.84000000000000      -3.623326604590170E-002
   1.84500000000000      -3.623323640755605E-002
   1.85000000000000      -3.623320748768444E-002
   1.85500000000000      -3.623317928096871E-002
   1.86000000000000      -3.623315176973280E-002
   1.86500000000000      -3.623312491170133E-002
   1.87000000000000      -3.623309875120734E-002
   1.87500000000000      -3.623307318463487E-002
   1.88000000000000      -3.623304828736354E-002
   1.88500000000000      -3.623302398192711E-002
   1.89000000000000      -3.623300026670512E-002
   1.89500000000000      -3.623297713763986E-002
   1.90000000000000      -3.623295458053051E-002
   1.90500000000000      -3.623293257527799E-002
   1.91000000000000      -3.623291109863767E-002
   1.91500000000000      -3.623289017126486E-002
   1.92000000000000      -3.623286976977233E-002
   1.92500000000000      -3.623284984898522E-002
   1.93000000000000      -3.623283040234236E-002
   1.93500000000000      -3.623281147399063E-002
   1.94000000000000      -3.623279295164683E-002
   1.94500000000000      -3.623277491649639E-002
   1.95000000000000      -3.623275733651837E-002
   1.95500000000000      -3.623274013986615E-002
   1.96000000000000      -3.623272341764459E-002
   1.96500000000000      -3.623270709568898E-002
   1.97000000000000      -3.623269115485942E-002
   1.97500000000000      -3.623267561230403E-002
   1.98000000000000      -3.623266046618492E-002
   1.98500000000000      -3.623264567011798E-002
   1.99000000000000      -3.623263125593137E-002
   1.99500000000000      -3.623261717479270E-002
   2.00000000000000      -3.623260345739316E-002
   2.00500000000000      -3.623259006571791E-002
   2.01000000000000      -3.623257698712985E-002
   2.01500000000000      -3.623256427972583E-002
   2.02000000000000      -3.623255184821809E-002
   2.02500000000000      -3.623253971145475E-002
   2.03000000000000      -3.623252790137606E-002
   2.03500000000000      -3.623251634730706E-002
   2.04000000000000      -3.623250513770884E-002
   2.04500000000000      -3.623249412858667E-002
   2.05000000000000      -3.623248341906316E-002
   2.05500000000000      -3.623247297889980E-002
   2.06000000000000      -3.623246279153292E-002
   2.06500000000000      -3.623245286233666E-002
   2.07000000000000      -3.623244316758178E-002
   2.07500000000000      -3.623243372462372E-002
   2.08000000000000      -3.623242449777853E-002
   2.08500000000000      -3.623241550033394E-002
   2.09000000000000      -3.623240674978660E-002
   2.09500000000000      -3.623239815833575E-002
   2.10000000000000      -3.623238982588470E-002
   2.10500000000000      -3.623238166636233E-002
   2.11000000000000      -3.623237373284691E-002
   2.11500000000000      -3.623236597094624E-002
   2.12000000000000      -3.623235842514461E-002
   2.12500000000000      -3.623235103818069E-002
   2.13000000000000      -3.623234384027440E-002
   2.13500000000000      -3.623233684212230E-002
   2.14000000000000      -3.623232997222427E-002
   2.14500000000000      -3.623232330280138E-002
   2.15000000000000      -3.623231679686150E-002
   2.15500000000000      -3.623231045055768E-002
   2.16000000000000      -3.623230423493767E-002
   2.16500000000000      -3.623229821673449E-002
   2.17000000000000      -3.623229231118945E-002
   2.17500000000000      -3.623228656096419E-002
   2.18000000000000      -3.623228093922089E-002
   2.18500000000000      -3.623227548390075E-002
   2.19000000000000      -3.623227011443546E-002
   2.19500000000000      -3.623226492160073E-002
   2.20000000000000      -3.623225985514113E-002
   2.20500000000000      -3.623225487238352E-002
   2.21000000000000      -3.623225006803792E-002
   2.21500000000000      -3.623224533828051E-002
   2.22000000000000      -3.623224072157635E-002
   2.22500000000000      -3.623223626680164E-002
   2.23000000000000      -3.623223186795867E-002
   2.23500000000000      -3.623222759002230E-002
   2.24000000000000      -3.623222344383660E-002
   2.24500000000000      -3.623221938535667E-002
   2.25000000000000      -3.623221542241068E-002
   2.25500000000000      -3.623221154185244E-002
   2.26000000000000      -3.623220777041116E-002
   2.26500000000000      -3.623220410835691E-002
   2.27000000000000      -3.623220050598607E-002
   2.27500000000000      -3.623219701637693E-002
   2.28000000000000      -3.623219359186738E-002
   2.28500000000000      -3.623219025998324E-002
   2.29000000000000      -3.623218702572966E-002
   2.29500000000000      -3.623218383985812E-002
   2.30000000000000      -3.623218075861304E-002
   2.30500000000000      -3.623217774231537E-002
   2.31000000000000      -3.623217480401831E-002
   2.31500000000000      -3.623217195294046E-002
   2.32000000000000      -3.623216912492680E-002
   2.32500000000000      -3.623216642514301E-002
   2.33000000000000      -3.623216372839260E-002
   2.33500000000000      -3.623216114369673E-002
   2.34000000000000      -3.623215861746332E-002
   2.34500000000000      -3.623215612289189E-002
   2.35000000000000      -3.623215371443982E-002
   2.35500000000000      -3.623215138556761E-002
   2.36000000000000      -3.623214908077895E-002
   2.36500000000000      -3.623214685613770E-002
   2.37000000000000      -3.623214466479978E-002
   2.37500000000000      -3.623214252109772E-002
   2.38000000000000      -3.623214044204040E-002
   2.38500000000000      -3.623213843211614E-002
   2.39000000000000      -3.623213646655153E-002
   2.39500000000000      -3.623213453261773E-002
   2.40000000000000      -3.623213265914699E-002
   2.40500000000000      -3.623213080619965E-002
   2.41000000000000      -3.623212902195579E-002
   2.41500000000000      -3.623212727086617E-002
   2.42000000000000      -3.623212557368279E-002
   2.42500000000000      -3.623212391252023E-002
   2.43000000000000      -3.623212230060698E-002
   2.43500000000000      -3.623212072830097E-002
   2.44000000000000      -3.623211915872507E-002
   2.44500000000000      -3.623211766943406E-002
   2.45000000000000      -3.623211619957788E-002
   2.45500000000000      -3.623211475600126E-002
   2.46000000000000      -3.623211339013249E-002
   2.46500000000000      -3.623211201376390E-002
   2.47000000000000      -3.623211067985612E-002
   2.47500000000000      -3.623210939116223E-002
   2.48000000000000      -3.623210811627452E-002
   2.48500000000000      -3.623210689330819E-002
   2.49000000000000      -3.623210570003439E-002
   2.49500000000000      -3.623210453745760E-002
   2.50000000000000      -3.623210337929381E-002
