  5.000000000000000E-003  0.723590216143413      -1.753671154087975E-002
  1.000000000000000E-002  0.723590216143413      -3.435405181028921E-002
  1.500000000000000E-002  0.723590216143413      -5.047545363933977E-002
  2.000000000000000E-002  0.723590216143413      -6.585992174369197E-002
  2.500000000000000E-002  0.723590216143413      -8.057807983013494E-002
  3.000000000000000E-002  0.723590216143413      -9.465163962153443E-002
  3.500000000000000E-002  0.723590216143413      -0.108101593024661     
  4.000000000000000E-002  0.723590216143413      -0.120948286725342     
  4.500000000000000E-002  0.723590216143413      -0.133211505048585     
  5.000000000000000E-002  0.723590216143413      -0.144910559635951     
  5.500000000000000E-002  0.723590216143413      -0.156064381088819     
  6.000000000000000E-002  0.723590216143413      -0.166691605791140     
  6.500000000000000E-002  0.723590216143413      -0.176810651147339     
  7.000000000000001E-002  0.723590216143413      -0.186439773825664     
  7.500000000000000E-002  0.723590216143413      -0.195597107736655     
  8.000000000000000E-002  0.723590216143413      -0.204300680818424     
  8.500000000000001E-002  0.723590216143413      -0.212568411788781     
  9.000000000000000E-002  0.723590216143413      -0.220418089592463     
  9.500000000000000E-002  0.723590216143413      -0.227867339224210     
  0.100000000000000       0.723590216143413      -0.234933577986237     
  0.105000000000000       0.723590216143413      -0.241633966156677     
  0.110000000000000       0.723590216143413      -0.247985355641696     
  0.115000000000000       0.723590216143413      -0.254004239595055     
  0.120000000000000       0.723590216143413      -0.259706705327630     
  0.125000000000000       0.723590216143413      -0.265108392170005     
  0.130000000000000       0.723590216143413      -0.270224455358210     
  0.135000000000000       0.723590216143413      -0.275069536502291     
  0.140000000000000       0.723590216143413      -0.279657740787395     
  0.145000000000000       0.723590216143413      -0.284002620749278     
  0.150000000000000       0.723590216143413      -0.288117166236747     
  0.155000000000000       0.723590216143413      -0.292013800033472     
  0.160000000000000       0.723590216143413      -0.295704378518753     
  0.165000000000000       0.723590216143413      -0.299200196715921     
  0.170000000000000       0.723590216143413      -0.302511997070201     
  0.175000000000000       0.723590216143413      -0.305649981328470     
  0.180000000000000       0.723590216143413      -0.308623824927058     
  0.185000000000000       0.723590216143413      -0.311442693353382     
  0.190000000000000       0.723590216143413      -0.314115259998076     
  0.195000000000000       0.723590216143413      -0.316649725074706     
  0.200000000000000       0.723590216143413      -0.319053835244007     
  0.205000000000000       0.723590216143413      -0.321334903626189     
  0.210000000000000       0.723590216143413      -0.323499829945202     
  0.215000000000000       0.723590216143413      -0.325555120581798     
  0.220000000000000       0.723590216143413      -0.327506908366439     
  0.225000000000000       0.723590216143413      -0.329360971963417     
  0.230000000000000       0.723590216143413      -0.331122754742256     
  0.235000000000000       0.723590216143413      -0.332797383048180     
  0.240000000000000       0.723590216143413      -0.334389683813818     
  0.245000000000000       0.723590216143413      -0.335904201465471     
  0.250000000000000       0.723590216143413      -0.337345214102746     
  0.255000000000000       0.723590216143413      -0.338716748930077     
  0.260000000000000       0.723590216143413      -0.340022596946731     
  0.265000000000000       0.723590216143413      -0.341266326889807     
  0.270000000000000       0.723590216143413      -0.342451298450074     
  0.275000000000000       0.723590216143413      -0.343580674775224     
  0.280000000000000       0.723590216143413      -0.344657434280157     
  0.285000000000000       0.723590216143413      -0.345684381790889     
  0.290000000000000       0.723590216143413      -0.346664159045989     
  0.295000000000000       0.723590216143413      -0.347599254584261     
  0.300000000000000       0.723590216143413      -0.348492013047705     
  0.305000000000000       0.723590216143413      -0.349344643924773     
  0.310000000000000       0.723590216143413      -0.350159229767223     
  0.315000000000000       0.723590216143413      -0.350937733903785     
  0.320000000000000       0.723590216143413      -0.351682007682290     
  0.325000000000000       0.723590216143413      -0.352393797263141     
  0.330000000000000       0.723590216143413      -0.353074749992837     
  0.335000000000000       0.723590216143413      -0.353726420380346     
  0.340000000000000       0.723590216143413      -0.354350275700767     
  0.345000000000000       0.723590216143413      -0.354947701249862     
  0.350000000000000       0.723590216143413      -0.355520005266607     
  0.355000000000000       0.723590216143413      -0.356068423551732     
  0.360000000000000       0.723590216143413      -0.356594123793938     
  0.365000000000000       0.723590216143413      -0.357098209624861     
  0.370000000000000       0.723590216143413      -0.357581724422831     
  0.375000000000000       0.723590216143413      -0.358045654875983     
  0.380000000000000       0.723590216143413      -0.358490934325324     
  0.385000000000000       0.723590216143413      -0.358918445896374     
  0.390000000000000       0.723590216143413      -0.359329025439723     
  0.395000000000000       0.723590216143413      -0.359723464284697     
  0.400000000000000       0.723590216143413      -0.360102511827157     
  0.405000000000000       0.723590216143413      -0.360466877952984     
  0.410000000000000       0.723590216143413      -0.360817235315351     
  0.415000000000000       0.723590216143413      -0.361154221470529     
  0.420000000000000       0.723590216143413      -0.361478440883603     
  0.425000000000000       0.723590216143413      -0.361790466811449     
  0.430000000000000       0.723590216143413      -0.362090843070779     
  0.435000000000000       0.723590216143413      -0.362380085700039     
  0.440000000000000       0.723590216143413      -0.362658684519520     
  0.445000000000000       0.723590216143413      -0.362927104598626     
  0.450000000000000       0.723590216143413      -0.363185787634182     
  0.455000000000000       0.723590216143413      -0.363435153247036     
  0.460000000000000       0.723590216143413      -0.363675600201338     
  0.465000000000000       0.723590216143413      -0.363907507551351     
  0.470000000000000       0.723590216143413      -0.364131235719506     
  0.475000000000000       0.723590216143413      -0.364347127512858     
  0.480000000000000       0.723590216143413      -0.364555509078653     
  0.485000000000000       0.723590216143413      -0.364756690804093     
  0.490000000000000       0.723590216143413      -0.364950968163703     
  0.495000000000000       0.723590216143413      -0.365138622518464     
  0.500000000000000       0.723590216143413      -0.365319921867686     
  0.505000000000000       0.723590216143413      -0.365495121557070     
  0.510000000000000       0.723590216143413      -0.365664464948984     
  0.515000000000000       0.723590216143413      -0.365828184050923     
  0.520000000000000       0.723590216143413      -0.365986500110435     
  0.525000000000000       0.723590216143413      -0.366139624176381     
  0.530000000000000       0.723590216143413      -0.366287757625991     
  0.535000000000000       0.723590216143413      -0.366431092666573     
  0.540000000000000       0.723590216143413      -0.366569812804596     
  0.545000000000000       0.723590216143413      -0.366704093292413     
  0.550000000000000       0.723590216143413      -0.366834101546982     
  0.555000000000000       0.723590216143413      -0.366959997547769     
  0.560000000000000       0.723590216143413      -0.367081934210961     
  0.565000000000000       0.723590216143413      -0.367200057745469     
  0.570000000000000       0.723590216143413      -0.367314507985890     
  0.575000000000000       0.723590216143413      -0.367425418710564     
  0.580000000000000       0.723590216143413      -0.367532917940745     
  0.585000000000000       0.723590216143413      -0.367637128223733     
  0.590000000000000       0.723590216143413      -0.367738166901665     
  0.595000000000000       0.723590216143413      -0.367836146363913     
  0.600000000000000       0.723590216143413      -0.367931174288581     
  0.605000000000000       0.723590216143413      -0.368023353867908     
  0.610000000000000       0.723590216143413      -0.368112784025854     
  0.615000000000000       0.723590216143413      -0.368199559619578     
  0.620000000000000       0.723590216143413      -0.368283771633851     
  0.625000000000000       0.723590216143413      -0.368365507364134     
  0.630000000000000       0.723590216143413      -0.368444850588589     
  0.635000000000000       0.723590216143413      -0.368521881733785     
  0.640000000000000       0.723590216143413      -0.368596678030292     
  0.645000000000000       0.723590216143413      -0.368669313659299     
  0.650000000000000       0.723590216143413      -0.368739859894523     
  0.655000000000000       0.723590216143413      -0.368808385233115     
  0.660000000000000       0.723590216143413      -0.368874955524245     
  0.665000000000000       0.723590216143413      -0.368939634086423     
  0.670000000000000       0.723590216143413      -0.369002481822913     
  0.675000000000000       0.723590216143413      -0.369063557329003     
  0.680000000000000       0.723590216143413      -0.369122916994216     
  0.685000000000000       0.723590216143413      -0.369180615100539     
  0.690000000000000       0.723590216143413      -0.369236703914261     
  0.695000000000000       0.723590216143413      -0.369291233774073     
  0.700000000000000       0.723590216143413      -0.369344253175340     
  0.705000000000000       0.723590216143413      -0.369395808848236     
  0.710000000000000       0.723590216143413      -0.369445945834521     
  0.715000000000000       0.723590216143413      -0.369494707559345     
  0.720000000000000       0.723590216143413      -0.369542135898924     
  0.725000000000000       0.723590216143413      -0.369588271246621     
  0.730000000000000       0.723590216143413      -0.369633152573778     
  0.735000000000000       0.723590216143413      -0.369676817489936     
  0.740000000000000       0.723590216143413      -0.369719302299310     
  0.745000000000000       0.723590216143413      -0.369760642051885     
  0.750000000000000       0.723590216143413      -0.369800870597549     
  0.755000000000000       0.723590216143413      -0.369840020632456     
  0.760000000000000       0.723590216143413      -0.369878123746883     
  0.765000000000000       0.723590216143413      -0.369915210468671     
  0.770000000000000       0.723590216143413      -0.369951310304933     
  0.775000000000000       0.723590216143413      -0.369986451783577     
  0.780000000000000       0.723590216143413      -0.370020662490572     
  0.785000000000000       0.723590216143413      -0.370053969107152     
  0.790000000000000       0.723590216143413      -0.370086397444616     
  0.795000000000000       0.723590216143413      -0.370117972477497     
  0.800000000000000       0.723590216143413      -0.370148718375967     
  0.805000000000000       0.723590216143413      -0.370178658536142     
  0.810000000000000       0.723590216143413      -0.370207815608668     
  0.815000000000000       0.723590216143413      -0.370236211527263     
  0.820000000000000       0.723590216143413      -0.370263867535501     
  0.825000000000000       0.723590216143413      -0.370290804211333     
  0.830000000000000       0.723590216143413      -0.370317041492353     
  0.835000000000000       0.723590216143413      -0.370342598698687     
  0.840000000000000       0.723590216143413      -0.370367494554905     
  0.845000000000000       0.723590216143413      -0.370391747213335     
  0.850000000000000       0.723590216143413      -0.370415374271236     
  0.855000000000000       0.723590216143413      -0.370438392793735     
  0.860000000000000       0.723590216143413      -0.370460819330450     
  0.865000000000000       0.723590216143413      -0.370482669934242     
  0.870000000000000       0.723590216143413      -0.370503960178657     
  0.875000000000000       0.723590216143413      -0.370524705174334     
  0.880000000000000       0.723590216143413      -0.370544919584240     
  0.885000000000000       0.723590216143413      -0.370564617640322     
  0.890000000000000       0.723590216143413      -0.370583813156729     
  0.895000000000000       0.723590216143413      -0.370602519544269     
  0.900000000000000       0.723590216143413      -0.370620749825141     
  0.905000000000000       0.723590216143413      -0.370638516643645     
  0.910000000000000       0.723590216143413      -0.370655832280174     
  0.915000000000000       0.723590216143413      -0.370672708662854     
  0.920000000000000       0.723590216143413      -0.370689157379436     
  0.925000000000000       0.723590216143413      -0.370705189686956     
  0.930000000000000       0.723590216143413      -0.370720816524292     
  0.935000000000000       0.723590216143413      -0.370736048520598     
  0.940000000000000       0.723590216143413      -0.370750896006922     
  0.945000000000000       0.723590216143413      -0.370765369023699     
  0.950000000000000       0.723590216143413      -0.370779477331686     
  0.955000000000000       0.723590216143413      -0.370793230419894     
  0.960000000000000       0.723590216143413      -0.370806637513660     
  0.965000000000000       0.723590216143413      -0.370819707584061     
  0.970000000000000       0.723590216143413      -0.370832449354453     
  0.975000000000000       0.723590216143413      -0.370844871308721     
  0.980000000000000       0.723590216143413      -0.370856981698803     
  0.985000000000000       0.723590216143413      -0.370868788550930     
  0.990000000000000       0.723590216143413      -0.370880299673433     
  0.995000000000000       0.723590216143413      -0.370891522662101     
   1.00000000000000       0.723590216143413      -0.370902464907824     
   1.00500000000000       0.723590216143413      -0.370913133602257     
   1.01000000000000       0.723590216143413      -0.370923535742769     
   1.01500000000000       0.723590216143413      -0.370933678139556     
   1.02000000000000       0.723590216143413      -0.370943567420293     
   1.02500000000000       0.723590216143413      -0.370953210035997     
   1.03000000000000       0.723590216143413      -0.370962612264987     
   1.03500000000000       0.723590216143413      -0.370971780220648     
   1.04000000000000       0.723590216143413      -0.370980719851855     
   1.04500000000000       0.723590216143413      -0.370989436952015     
   1.05000000000000       0.723590216143413      -0.370997937161282     
   1.05500000000000       0.723590216143413      -0.371006225970039     
   1.06000000000000       0.723590216143413      -0.371014308726434     
   1.06500000000000       0.723590216143413      -0.371022190636730     
   1.07000000000000       0.723590216143413      -0.371029876771692     
   1.07500000000000       0.723590216143413      -0.371037372069608     
   1.08000000000000       0.723590216143413      -0.371044681339493     
   1.08500000000000       0.723590216143413      -0.371051809265882     
   1.09000000000000       0.723590216143413      -0.371058760411188     
   1.09500000000000       0.723590216143413      -0.371065539219566     
   1.10000000000000       0.723590216143413      -0.371072150020301     
   1.10500000000000       0.723590216143413      -0.371078597030762     
   1.11000000000000       0.723590216143413      -0.371084884358651     
   1.11500000000000       0.723590216143413      -0.371091016007586     
   1.12000000000000       0.723590216143413      -0.371096995876152     
   1.12500000000000       0.723590216143413      -0.371102827764500     
   1.13000000000000       0.723590216143413      -0.371108515373667     
   1.13500000000000       0.723590216143413      -0.371114062311748     
   1.14000000000000       0.723590216143413      -0.371119472092713     
   1.14500000000000       0.723590216143413      -0.371124748141974     
   1.15000000000000       0.723590216143413      -0.371129893796777     
   1.15500000000000       0.723590216143413      -0.371134912309866     
   1.16000000000000       0.723590216143413      -0.371139806850894     
   1.16500000000000       0.723590216143413      -0.371144580508746     
   1.17000000000000       0.723590216143413      -0.371149236294040     
   1.17500000000000       0.723590216143413      -0.371153777141390     
   1.18000000000000       0.723590216143413      -0.371158205910136     
   1.18500000000000       0.723590216143413      -0.371162525388047     
   1.19000000000000       0.723590216143413      -0.371166738291970     
   1.19500000000000       0.723590216143413      -0.371170847269995     
   1.20000000000000       0.723590216143413      -0.371174854903940     
   1.20500000000000       0.723590216143413      -0.371178763709370     
   1.21000000000000       0.723590216143413      -0.371182576140031     
   1.21500000000000       0.723590216143413      -0.371186294586285     
   1.22000000000000       0.723590216143413      -0.371189921379228     
   1.22500000000000       0.723590216143413      -0.371193458791389     
   1.23000000000000       0.723590216143413      -0.371196909037984     
   1.23500000000000       0.723590216143413      -0.371200274278456     
   1.24000000000000       0.723590216143413      -0.371203556618595     
   1.24500000000000       0.723590216143413      -0.371206758110786     
   1.25000000000000       0.723590216143413      -0.371209880756337     
   1.25500000000000       0.723590216143413      -0.371212926506183     
   1.26000000000000       0.723590216143413      -0.371215897263405     
   1.26500000000000       0.723590216143413      -0.371218794882195     
   1.27000000000000       0.723590216143413      -0.371221621171091     
   1.27500000000000       0.723590216143413      -0.371224377893551     
   1.28000000000000       0.723590216143413      -0.371227066768612     
   1.28500000000000       0.723590216143413      -0.371229689472822     
   1.29000000000000       0.723590216143413      -0.371232247640731     
   1.29500000000000       0.723590216143413      -0.371234742866396     
   1.30000000000000       0.723590216143413      -0.371237176703668     
   1.30500000000000       0.723590216143413      -0.371239550668251     
   1.31000000000000       0.723590216143413      -0.371241866237920     
   1.31500000000000       0.723590216143413      -0.371244124853516     
   1.32000000000000       0.723590216143413      -0.371246327920540     
   1.32500000000000       0.723590216143413      -0.371248476809105     
   1.33000000000000       0.723590216143413      -0.371250572855400     
   1.33500000000000       0.723590216143413      -0.371252617362408     
   1.34000000000000       0.723590216143413      -0.371254611601104     
   1.34500000000000       0.723590216143413      -0.371256556810667     
   1.35000000000000       0.723590216143413      -0.371258454199397     
   1.35500000000000       0.723590216143413      -0.371260304945931     
   1.36000000000000       0.723590216143413      -0.371262110199395     
   1.36500000000000       0.723590216143413      -0.371263871080992     
   1.37000000000000       0.723590216143413      -0.371265588683352     
   1.37500000000000       0.723590216143413      -0.371267264072712     
   1.38000000000000       0.723590216143413      -0.371268898288781     
   1.38500000000000       0.723590216143413      -0.371270492344968     
   1.39000000000000       0.723590216143413      -0.371272047230511     
   1.39500000000000       0.723590216143413      -0.371273563909555     
   1.40000000000000       0.723590216143413      -0.371275043323135     
   1.40500000000000       0.723590216143413      -0.371276486387559     
   1.41000000000000       0.723590216143413      -0.371277893998127     
   1.41500000000000       0.723590216143413      -0.371279267026994     
   1.42000000000000       0.723590216143413      -0.371280606325375     
   1.42500000000000       0.723590216143413      -0.371281912722616     
   1.43000000000000       0.723590216143413      -0.371283187028862     
   1.43500000000000       0.723590216143413      -0.371284430033042     
   1.44000000000000       0.723590216143413      -0.371285642505390     
   1.44500000000000       0.723590216143413      -0.371286825196600     
   1.45000000000000       0.723590216143413      -0.371287978839484     
   1.45500000000000       0.723590216143413      -0.371289104147951     
   1.46000000000000       0.723590216143413      -0.371290201819332     
   1.46500000000000       0.723590216143413      -0.371291272532317     
   1.47000000000000       0.723590216143413      -0.371292316950441     
   1.47500000000000       0.723590216143413      -0.371293335719856     
   1.48000000000000       0.723590216143413      -0.371294329471357     
   1.48500000000000       0.723590216143413      -0.371295298819639     
   1.49000000000000       0.723590216143413      -0.371296244364676     
   1.49500000000000       0.723590216143413      -0.371297166691548     
   1.50000000000000       0.723590216143413      -0.371298066370765     
   1.50500000000000       0.723590216143413      -0.371298943958972     
   1.51000000000000       0.723590216143413      -0.371299799999437     
   1.51500000000000       0.723590216143413      -0.371300635021128     
   1.52000000000000       0.723590216143413      -0.371301449540739     
   1.52500000000000       0.723590216143413      -0.371302244061979     
   1.53000000000000       0.723590216143413      -0.371303019076542     
   1.53500000000000       0.723590216143413      -0.371303775063386     
   1.54000000000000       0.723590216143413      -0.371304512489978     
   1.54500000000000       0.723590216143413      -0.371305231812247     
   1.55000000000000       0.723590216143413      -0.371305933475391     
   1.55500000000000       0.723590216143413      -0.371306617912528     
   1.56000000000000       0.723590216143413      -0.371307285547355     
   1.56500000000000       0.723590216143413      -0.371307936792385     
   1.57000000000000       0.723590216143413      -0.371308572050214     
   1.57500000000000       0.723590216143413      -0.371309191713563     
   1.58000000000000       0.723590216143413      -0.371309796165233     
   1.58500000000000       0.723590216143413      -0.371310385779086     
   1.59000000000000       0.723590216143413      -0.371310960919519     
   1.59500000000000       0.723590216143413      -0.371311521941923     
   1.60000000000000       0.723590216143413      -0.371312069192985     
   1.60500000000000       0.723590216143413      -0.371312603010988     
   1.61000000000000       0.723590216143413      -0.371313123725736     
   1.61500000000000       0.723590216143413      -0.371313631658684     
   1.62000000000000       0.723590216143413      -0.371314127124404     
   1.62500000000000       0.723590216143413      -0.371314610428317     
   1.63000000000000       0.723590216143413      -0.371315081869678     
   1.63500000000000       0.723590216143413      -0.371315541739093     
   1.64000000000000       0.723590216143413      -0.371315990321343     
   1.64500000000000       0.723590216143413      -0.371316427893119     
   1.65000000000000       0.723590216143413      -0.371316854724957     
   1.65500000000000       0.723590216143413      -0.371317271080348     
   1.66000000000000       0.723590216143413      -0.371317677216649     
   1.66500000000000       0.723590216143413      -0.371318073385159     
   1.67000000000000       0.723590216143413      -0.371318459829842     
   1.67500000000000       0.723590216143413      -0.371318836789838     
   1.68000000000000       0.723590216143413      -0.371319204497940     
   1.68500000000000       0.723590216143413      -0.371319563181315     
   1.69000000000000       0.723590216143413      -0.371319913061295     
   1.69500000000000       0.723590216143413      -0.371320254354317     
   1.70000000000000       0.723590216143413      -0.371320587270893     
   1.70500000000000       0.723590216143413      -0.371320912016703     
   1.71000000000000       0.723590216143413      -0.371321228792595     
   1.71500000000000       0.723590216143413      -0.371321537793992     
   1.72000000000000       0.723590216143413      -0.371321839211695     
   1.72500000000000       0.723590216143413      -0.371322133231906     
   1.73000000000000       0.723590216143413      -0.371322420036197     
   1.73500000000000       0.723590216143413      -0.371322699801692     
   1.74000000000000       0.723590216143413      -0.371322972701148     
   1.74500000000000       0.723590216143413      -0.371323238903268     
   1.75000000000000       0.723590216143413      -0.371323498572379     
   1.75500000000000       0.723590216143413      -0.371323751868617     
   1.76000000000000       0.723590216143413      -0.371323998948535     
   1.76500000000000       0.723590216143413      -0.371324239964880     
   1.77000000000000       0.723590216143413      -0.371324475066282     
   1.77500000000000       0.723590216143413      -0.371324704398023     
   1.78000000000000       0.723590216143413      -0.371324928101644     
   1.78500000000000       0.723590216143413      -0.371325146315244     
   1.79000000000000       0.723590216143413      -0.371325359173646     
   1.79500000000000       0.723590216143413      -0.371325566808289     
   1.80000000000000       0.723590216143413      -0.371325769347547     
   1.80500000000000       0.723590216143413      -0.371325966915891     
   1.81000000000000       0.723590216143413      -0.371326159636133     
   1.81500000000000       0.723590216143413      -0.371326347626736     
   1.82000000000000       0.723590216143413      -0.371326531003642     
   1.82500000000000       0.723590216143413      -0.371326709880682     
   1.83000000000000       0.723590216143413      -0.371326884367985     
   1.83500000000000       0.723590216143413      -0.371327054573126     
   1.84000000000000       0.723590216143413      -0.371327220601190     
   1.84500000000000       0.723590216143413      -0.371327382555045     
   1.85000000000000       0.723590216143413      -0.371327540534544     
   1.85500000000000       0.723590216143413      -0.371327694636931     
   1.86000000000000       0.723590216143413      -0.371327844957724     
   1.86500000000000       0.723590216143413      -0.371327991589508     
   1.87000000000000       0.723590216143413      -0.371328134623206     
   1.87500000000000       0.723590216143413      -0.371328274146337     
   1.88000000000000       0.723590216143413      -0.371328410245941     
   1.88500000000000       0.723590216143413      -0.371328543005377     
   1.89000000000000       0.723590216143413      -0.371328672506958     
   1.89500000000000       0.723590216143413      -0.371328798830593     
   1.90000000000000       0.723590216143413      -0.371328922054269     
   1.90500000000000       0.723590216143413      -0.371329042253971     
   1.91000000000000       0.723590216143413      -0.371329159503916     
   1.91500000000000       0.723590216143413      -0.371329273876673     
   1.92000000000000       0.723590216143413      -0.371329385442694     
   1.92500000000000       0.723590216143413      -0.371329494270896     
   1.93000000000000       0.723590216143413      -0.371329600428381     
   1.93500000000000       0.723590216143413      -0.371329703980872     
   1.94000000000000       0.723590216143413      -0.371329804991945     
   1.94500000000000       0.723590216143413      -0.371329903524521     
   1.95000000000000       0.723590216143413      -0.371329999638927     
   1.95500000000000       0.723590216143413      -0.371330093394726     
   1.96000000000000       0.723590216143413      -0.371330184849911     
   1.96500000000000       0.723590216143413      -0.371330274060673     
   1.97000000000000       0.723590216143413      -0.371330361082233     
   1.97500000000000       0.723590216143413      -0.371330445968297     
   1.98000000000000       0.723590216143413      -0.371330528771448     
   1.98500000000000       0.723590216143413      -0.371330609542415     
   1.99000000000000       0.723590216143413      -0.371330688331396     
   1.99500000000000       0.723590216143413      -0.371330765186909     
   2.00000000000000       0.723590216143413      -0.371330840156425     
   2.00500000000000       0.723590216143413      -0.371330913286134     
   2.01000000000000       0.723590216143413      -0.371330984621306     
   2.01500000000000       0.723590216143413      -0.371331054206053     
   2.02000000000000       0.723590216143413      -0.371331122083013     
   2.02500000000000       0.723590216143413      -0.371331188294346     
   2.03000000000000       0.723590216143413      -0.371331252881195     
   2.03500000000000       0.723590216143413      -0.371331315882609     
   2.04000000000000       0.723590216143413      -0.371331377338556     
   2.04500000000000       0.723590216143413      -0.371331437285805     
   2.05000000000000       0.723590216143413      -0.371331495762281     
   2.05500000000000       0.723590216143413      -0.371331552803600     
   2.06000000000000       0.723590216143413      -0.371331608445393     
   2.06500000000000       0.723590216143413      -0.371331662721719     
   2.07000000000000       0.723590216143413      -0.371331715665863     
   2.07500000000000       0.723590216143413      -0.371331767311097     
   2.08000000000000       0.723590216143413      -0.371331817689009     
   2.08500000000000       0.723590216143413      -0.371331866830349     
   2.09000000000000       0.723590216143413      -0.371331914766097     
   2.09500000000000       0.723590216143413      -0.371331961525418     
   2.10000000000000       0.723590216143413      -0.371332007137134     
   2.10500000000000       0.723590216143413      -0.371332051629765     
   2.11000000000000       0.723590216143413      -0.371332095030432     
   2.11500000000000       0.723590216143413      -0.371332137366106     
   2.12000000000000       0.723590216143413      -0.371332178662996     
   2.12500000000000       0.723590216143413      -0.371332218946299     
   2.13000000000000       0.723590216143413      -0.371332258241166     
   2.13500000000000       0.723590216143413      -0.371332296571782     
   2.14000000000000       0.723590216143413      -0.371332333961665     
   2.14500000000000       0.723590216143413      -0.371332370434244     
   2.15000000000000       0.723590216143413      -0.371332406011628     
   2.15500000000000       0.723590216143413      -0.371332440716068     
   2.16000000000000       0.723590216143413      -0.371332474568755     
   2.16500000000000       0.723590216143413      -0.371332507590967     
   2.17000000000000       0.723590216143413      -0.371332539802513     
   2.17500000000000       0.723590216143413      -0.371332571223894     
   2.18000000000000       0.723590216143413      -0.371332601873893     
   2.18500000000000       0.723590216143413      -0.371332631772025     
   2.19000000000000       0.723590216143413      -0.371332660936269     
   2.19500000000000       0.723590216143413      -0.371332689384885     
   2.20000000000000       0.723590216143413      -0.371332717135671     
   2.20500000000000       0.723590216143413      -0.371332744205054     
   2.21000000000000       0.723590216143413      -0.371332770610562     
   2.21500000000000       0.723590216143413      -0.371332796367815     
   2.22000000000000       0.723590216143413      -0.371332821493000     
   2.22500000000000       0.723590216143413      -0.371332846001881     
   2.23000000000000       0.723590216143413      -0.371332869909002     
   2.23500000000000       0.723590216143413      -0.371332893229599     
   2.24000000000000       0.723590216143413      -0.371332915977950     
   2.24500000000000       0.723590216143413      -0.371332938168038     
   2.25000000000000       0.723590216143413      -0.371332959813721     
   2.25500000000000       0.723590216143413      -0.371332980928127     
   2.26000000000000       0.723590216143413      -0.371333001524193     
   2.26500000000000       0.723590216143413      -0.371333021615128     
   2.27000000000000       0.723590216143413      -0.371333041212991     
   2.27500000000000       0.723590216143413      -0.371333060329953     
   2.28000000000000       0.723590216143413      -0.371333078977680     
   2.28500000000000       0.723590216143413      -0.371333097167866     
   2.29000000000000       0.723590216143413      -0.371333114911761     
   2.29500000000000       0.723590216143413      -0.371333132219978     
   2.30000000000000       0.723590216143413      -0.371333149103576     
   2.30500000000000       0.723590216143413      -0.371333165572973     
   2.31000000000000       0.723590216143413      -0.371333181638179     
   2.31500000000000       0.723590216143413      -0.371333197309199     
   2.32000000000000       0.723590216143413      -0.371333212595577     
   2.32500000000000       0.723590216143413      -0.371333227506857     
   2.33000000000000       0.723590216143413      -0.371333242052193     
   2.33500000000000       0.723590216143413      -0.371333256240568     
   2.34000000000000       0.723590216143413      -0.371333270080974     
   2.34500000000000       0.723590216143413      -0.371333283581405     
   2.35000000000000       0.723590216143413      -0.371333296750764     
   2.35500000000000       0.723590216143413      -0.371333309597108     
   2.36000000000000       0.723590216143413      -0.371333322127900     
   2.36500000000000       0.723590216143413      -0.371333334351421     
   2.37000000000000       0.723590216143413      -0.371333346274760     
   2.37500000000000       0.723590216143413      -0.371333357905683     
   2.38000000000000       0.723590216143413      -0.371333369251052     
   2.38500000000000       0.723590216143413      -0.371333380318135     
   2.39000000000000       0.723590216143413      -0.371333391113656     
   2.39500000000000       0.723590216143413      -0.371333401644140     
   2.40000000000000       0.723590216143413      -0.371333411916419     
   2.40500000000000       0.723590216143413      -0.371333421936422     
   2.41000000000000       0.723590216143413      -0.371333431710462     
   2.41500000000000       0.723590216143413      -0.371333441244990     
   2.42000000000000       0.723590216143413      -0.371333450545269     
   2.42500000000000       0.723590216143413      -0.371333459617451     
   2.43000000000000       0.723590216143413      -0.371333468466976     
   2.43500000000000       0.723590216143413      -0.371333477099264     
   2.44000000000000       0.723590216143413      -0.371333485519630     
   2.44500000000000       0.723590216143413      -0.371333493733626     
   2.45000000000000       0.723590216143413      -0.371333501745986     
   2.45500000000000       0.723590216143413      -0.371333509561631     
   2.46000000000000       0.723590216143413      -0.371333517185562     
   2.46500000000000       0.723590216143413      -0.371333524622371     
   2.47000000000000       0.723590216143413      -0.371333531876752     
   2.47500000000000       0.723590216143413      -0.371333538953107     
   2.48000000000000       0.723590216143413      -0.371333545855604     
   2.48500000000000       0.723590216143413      -0.371333552588972     
   2.49000000000000       0.723590216143413      -0.371333559157065     
   2.49500000000000       0.723590216143413      -0.371333565564021     
   2.50000000000000       0.723590216143413      -0.371333571813528     
