  5.000000000000000E-003  0.239144360823244        1.07185145256309     
  1.000000000000000E-002  0.235975689619018        1.07395105240176     
  1.500000000000000E-002  0.232827538636099        1.07608448851326     
  2.000000000000000E-002  0.213564430269784        1.07850235295663     
  2.500000000000000E-002  0.210445336961950        1.08091782261175     
  3.000000000000000E-002  0.207373030861461        1.08335379670212     
  3.500000000000000E-002  0.204339773328825        1.08582096957833     
  4.000000000000000E-002  0.201346635807933        1.08832525817733     
  4.500000000000000E-002  0.198399847474767        1.09087037708137     
  5.000000000000000E-002  0.195508922277629        1.09345879148146     
  5.500000000000000E-002  0.192685323910941        1.09609212901411     
  6.000000000000000E-002  0.189941313757245        1.09877135968959     
  6.500000000000000E-002  0.187288941194517        1.10149688132695     
  7.000000000000001E-002  0.184739215185680        1.10426856729155     
  7.500000000000000E-002  0.182301496098750        1.10708580190629     
  8.000000000000000E-002  0.179983119885764        1.10994751534590     
  8.500000000000001E-002  0.177789237652624        1.11285222271285     
  9.000000000000000E-002  0.175722832435768        1.11579806739452     
  9.500000000000000E-002  0.173784867097733        1.11878286835860     
  0.100000000000000       0.171974516614701        1.12180416959736     
  0.105000000000000       0.170289443777889        1.12485928872166     
  0.110000000000000       0.168726088290138        1.12794536564464     
  0.115000000000000       0.167279945204668        1.13105940716539     
  0.120000000000000       0.165945819950515        1.13419832866968     
  0.125000000000000       0.164718051873891        1.13735899223249     
  0.130000000000000       0.163590702994342        1.14053823894472     
  0.135000000000000       0.162557713672754        1.14373291879782     
  0.140000000000000       0.161613026217207        1.14693991454102     
  0.145000000000000       0.160750680709246        1.15015616258591     
  0.150000000000000       0.159964887334826        1.15337867041801     
  0.155000000000000       0.159250077733900        1.15660452953317     
  0.160000000000000       0.158600941063729        1.15983092740521     
  0.165000000000000       0.158012445263604        1.16305515431673     
  0.170000000000000       0.157479849836174        1.16627461084581     
  0.175000000000000       0.156998708819624        1.16948681091351     
  0.180000000000000       0.156564869421838        1.17268938552844     
  0.185000000000000       0.156174464138674        1.17588008259527     
  0.190000000000000       0.155823901416548        1.17905676762802     
  0.195000000000000       0.155509854121374        1.18221742392096     
  0.200000000000000       0.155229245308976        1.18536014995225     
  0.205000000000000       0.154979234034324        1.18848315704436     
  0.210000000000000       0.154757200848651        1.19158476725818     
  0.215000000000000       0.154560734226109        1.19466341132092     
  0.220000000000000       0.154387615240822        1.19771762435241     
  0.225000000000000       0.154235803399196        1.20074604134941     
  0.230000000000000       0.154103425879531        1.20374739765749     
  0.235000000000000       0.153988762312958        1.20672052095352     
  0.240000000000000       0.153890234381480        1.20966432998421     
  0.245000000000000       0.153806394705142        1.21257783085436     
  0.250000000000000       0.153735916222659        1.21546011279826     
  0.255000000000000       0.153677582589588        1.21831034490706     
  0.260000000000000       0.153630279098732        1.22112777235960     
  0.265000000000000       0.153592985580280        1.22391171456017     
  0.270000000000000       0.153564766246230        1.22666155865780     
  0.275000000000000       0.153544765387840        1.22937675965829     
  0.280000000000000       0.153532199437880        1.23205683569353     
  0.285000000000000       0.153526350342348        1.23470136382126     
  0.290000000000000       0.153526562170793        1.23730998036205     
  0.295000000000000       0.153532233320421        1.23988237371539     
  0.300000000000000       0.153542815380098        1.24241828713088     
  0.305000000000000       0.153557804154176        1.24491750887370     
  0.310000000000000       0.153576740338200        1.24737987658326     
  0.315000000000000       0.153599203658832        1.24980527127809     
  0.320000000000000       0.153624809539120        1.25219361499302     
  0.325000000000000       0.153653206205906        1.25454486909691     
  0.330000000000000       0.153684072819995        1.25685903249774     
  0.335000000000000       0.153717116280858        1.25913613945598     
  0.340000000000000       0.153752067844207        1.26137625557624     
  0.345000000000000       0.153788684070109        1.26357948016887     
  0.350000000000000       0.153826741119471        1.26574593961402     
  0.355000000000000       0.153866035765316        1.26787578864150     
  0.360000000000000       0.153906381757771        1.26996920690656     
  0.365000000000000       0.153947610630848        1.27202639944408     
  0.370000000000000       0.153989567300895        1.27404759160271     
  0.375000000000000       0.154032113270281        1.27603303345601     
  0.380000000000000       0.154075119066596        1.27798298970893     
  0.385000000000000       0.154118470564322        1.27989774788843     
  0.390000000000000       0.154162060623133        1.28177760781999     
  0.395000000000000       0.154205795652498        1.28362288967861     
  0.400000000000000       0.154249588326465        1.28543392453095     
  0.405000000000000       0.154293360589905        1.28721105762575     
  0.410000000000000       0.154337041115220        1.28895464583035     
  0.415000000000000       0.154380567530217        1.29066505930348     
  0.420000000000000       0.154423880347789        1.29234267365224     
  0.425000000000000       0.154466930028580        1.29398787938965     
  0.430000000000000       0.154509669669138        1.29560107117211     
  0.435000000000000       0.154552056840825        1.29718265074115     
  0.440000000000000       0.154594056072820        1.29873302941815     
  0.445000000000000       0.154635634215824        1.30025262178429     
  0.450000000000000       0.154676761534525        1.30174184700940     
  0.455000000000000       0.154717413270721        1.30320113058343     
  0.460000000000000       0.154757566661503        1.30463089982448     
  0.465000000000000       0.154797201494237        1.30603158441436     
  0.470000000000000       0.154836303042768        1.30740362066642     
  0.475000000000000       0.154874854120323        1.30874743952568     
  0.480000000000000       0.154912844521204        1.31006347965688     
  0.485000000000000       0.154950263679469        1.31135217752879     
  0.490000000000000       0.154987102288232        1.31261396862291     
  0.495000000000000       0.155023354097188        1.31384929024576     
  0.500000000000000       0.155059014851654        1.31505857980216     
  0.505000000000000       0.155094080422195        1.31624227138659     
  0.510000000000000       0.155128547012653        1.31740079699408     
  0.515000000000000       0.155162416048365        1.31853459177598     
  0.520000000000000       0.155195684633615        1.31964408197933     
  0.525000000000000       0.155228354927421        1.32072969642145     
  0.530000000000000       0.155260427890414        1.32179185907357     
  0.535000000000000       0.155291907378087        1.32283099302685     
  0.540000000000000       0.155322794475388        1.32384751408897     
  0.545000000000000       0.155353093871888        1.32484183823997     
  0.550000000000000       0.155382811058408        1.32581437820640     
  0.555000000000000       0.155411949072812        1.32676553891151     
  0.560000000000000       0.155440513968966        1.32769572440069     
  0.565000000000000       0.155468512015128        1.32860533480287     
  0.570000000000000       0.155495948504378        1.32949476353214     
  0.575000000000000       0.155522829832958        1.33036440083349     
  0.580000000000000       0.155549164274696        1.33121463437032     
  0.585000000000000       0.155574956344259        1.33204584191021     
  0.590000000000000       0.155600215663518        1.33285840272595     
  0.595000000000000       0.155624948613466        1.33365268666879     
  0.600000000000000       0.155649161420329        1.33442905826639     
  0.605000000000000       0.155672864914886        1.33518788291188     
  0.610000000000000       0.155696063650853        1.33592951257673     
  0.615000000000000       0.155718767380530        1.33665430042548     
  0.620000000000000       0.155740983541167        1.33736259165764     
  0.625000000000000       0.155762719555051        1.33805472613893     
  0.630000000000000       0.155783985256711        1.33873104148210     
  0.635000000000000       0.155804786060434        1.33939186421684     
  0.640000000000000       0.155825133223172        1.34003752354526     
  0.645000000000000       0.155845031842967        1.34066833488030     
  0.650000000000000       0.155864491271303        1.34128461431457     
  0.655000000000000       0.155883519926295        1.34188667134898     
  0.660000000000000       0.155902125067214        1.34247480879799     
  0.665000000000000       0.155920315154218        1.34304932601405     
  0.670000000000000       0.155938097548852        1.34361051533551     
  0.675000000000000       0.155955480585613        1.34415866595882     
  0.680000000000000       0.155972472314874        1.34469406105680     
  0.685000000000000       0.155989078391655        1.34521697591574     
  0.690000000000000       0.156005309670011        1.34572768768992     
  0.695000000000000       0.156021170578370        1.34622645995142     
  0.700000000000000       0.156036670277480        1.34671355786098     
  0.705000000000000       0.156051815669560        1.34718923875738     
  0.710000000000000       0.156066613825839        1.34765375509327     
  0.715000000000000       0.156081071854280        1.34810735532847     
  0.720000000000000       0.156095197527836        1.34855028323989     
  0.725000000000000       0.156108997486691        1.34898277725819     
  0.730000000000000       0.156122478046354        1.34940507060340     
  0.735000000000000       0.156135646252143        1.34981739274153     
  0.740000000000000       0.156148508353724        1.35021996800690     
  0.745000000000000       0.156161072488377        1.35061301859535     
  0.750000000000000       0.156173342671293        1.35099675722691     
  0.755000000000000       0.156185327807736        1.35137139834176     
  0.760000000000000       0.156197031258895        1.35173714557286     
  0.765000000000000       0.156208461580279        1.35209420462421     
  0.770000000000000       0.156219624425881        1.35244277381983     
  0.775000000000000       0.156230524339305        1.35278304576625     
  0.780000000000000       0.156241167067781        1.35311521058510     
  0.785000000000000       0.156251560823701        1.35343945839225     
  0.790000000000000       0.156261707618106        1.35375596654218     
  0.795000000000000       0.156271616501354        1.35406491868523     
  0.800000000000000       0.156281290546731        1.35436648642553     
  0.805000000000000       0.156290734762518        1.35466084009612     
  0.810000000000000       0.156299955188131        1.35494814878312     
  0.815000000000000       0.156308957181488        1.35522857621375     
  0.820000000000000       0.156317745516983        1.35550228251291     
  0.825000000000000       0.156326324758559        1.35576942392654     
  0.830000000000000       0.156334700359381        1.35603015463431     
  0.835000000000000       0.156342875800299        1.35628462303683     
  0.840000000000000       0.156350856025733        1.35653297598849     
  0.845000000000000       0.156358645216809        1.35677535675094     
  0.850000000000000       0.156366249251118        1.35701190743774     
  0.855000000000000       0.156373671021275        1.35724276325683     
  0.860000000000000       0.156380916006454        1.35746805991215     
  0.865000000000000       0.156387985725966        1.35768792495767     
  0.870000000000000       0.156394887011295        1.35790249028603     
  0.875000000000000       0.156401623460565        1.35811188075769     
  0.880000000000000       0.156408196531781        1.35831621530188     
  0.885000000000000       0.156414612810374        1.35851561759887     
  0.890000000000000       0.156420875191446        1.35871020327815     
  0.895000000000000       0.156426986334384        1.35890008551945     
  0.900000000000000       0.156432949876055        1.35908537572295     
  0.905000000000000       0.156438769726096        1.35926618420068     
  0.910000000000000       0.156444449886897        1.35944261804654     
  0.915000000000000       0.156449993681011        1.35961478152456     
  0.920000000000000       0.156455402052933        1.35978277338675     
  0.925000000000000       0.156460681764894        1.35994669793962     
  0.930000000000000       0.156465832563510        1.36010664780280     
  0.935000000000000       0.156470858511114        1.36026271912588     
  0.940000000000000       0.156475765229310        1.36041500883043     
  0.945000000000000       0.156480550028108        1.36056359901245     
  0.950000000000000       0.156485221545356        1.36070858691899     
  0.955000000000000       0.156489779368108        1.36085005401752     
  0.960000000000000       0.156494225894861        1.36098808475523     
  0.965000000000000       0.156498565610656        1.36112276375694     
  0.970000000000000       0.156502799799663        1.36125416999343     
  0.975000000000000       0.156506931243437        1.36138238213274     
  0.980000000000000       0.156510962627934        1.36150747776394     
  0.985000000000000       0.156514896701592        1.36162953187807     
  0.990000000000000       0.156518734564932        1.36174861625719     
  0.995000000000000       0.156522479117995        1.36186480307096     
   1.00000000000000       0.156526132343994        1.36197816199933     
   1.00500000000000       0.156529698380216        1.36208876365764     
   1.01000000000000       0.156533176168257        1.36219667034243     
   1.01500000000000       0.156536570226388        1.36230195039508     
   1.02000000000000       0.156539880678522        1.36240466442983     
   1.02500000000000       0.156543111352797        1.36250487719909     
   1.03000000000000       0.156546264117330        1.36260264886336     
   1.03500000000000       0.156549338333109        1.36269803517044     
   1.04000000000000       0.156552339200573        1.36279109829650     
   1.04500000000000       0.156555266883126        1.36288189188430     
   1.05000000000000       0.156558122865135        1.36297047111913     
   1.05500000000000       0.156560908712143        1.36305688898132     
   1.06000000000000       0.156563627461356        1.36314119982087     
   1.06500000000000       0.156566280215292        1.36322345376597     
   1.07000000000000       0.156568867646832        1.36330369971632     
   1.07500000000000       0.156571391917943        1.36338198686773     
   1.08000000000000       0.156573854298319        1.36345836271881     
   1.08500000000000       0.156576257075357        1.36353287442980     
   1.09000000000000       0.156578602023903        1.36360556787433     
   1.09500000000000       0.156580888061619        1.36367648377106     
   1.10000000000000       0.156583120231668        1.36374567020928     
   1.10500000000000       0.156585295620458        1.36381316332697     
   1.11000000000000       0.156587420261003        1.36387901089914     
   1.11500000000000       0.156589491777670        1.36394324774584     
   1.12000000000000       0.156591512782301        1.36400591503214     
   1.12500000000000       0.156593484292012        1.36406705058490     
   1.13000000000000       0.156595407806626        1.36412669202076     
   1.13500000000000       0.156597283701215        1.36418487466228     
   1.14000000000000       0.156599114559531        1.36424163597939     
   1.14500000000000       0.156600900221329        1.36429700886122     
   1.15000000000000       0.156602643171910        1.36435102889035     
   1.15500000000000       0.156604342416269        1.36440372640903     
   1.16000000000000       0.156606000603354        1.36445513567983     
   1.16500000000000       0.156607617592924        1.36450528670385     
   1.17000000000000       0.156609196219149        1.36455421240774     
   1.17500000000000       0.156610735551585        1.36460194022646     
   1.18000000000000       0.156612237069327        1.36464850023928     
   1.18500000000000       0.156613701576691        1.36469392048703     
   1.19000000000000       0.156615130807227        1.36473823012981     
   1.19500000000000       0.156616525574129        1.36478145590449     
   1.20000000000000       0.156617884735825        1.36482362209457     
   1.20500000000000       0.156619212383979        1.36486475811155     
   1.21000000000000       0.156620505682068        1.36490488509910     
   1.21500000000000       0.156621768583245        1.36494403122459     
   1.22000000000000       0.156623000211346        1.36498221870271     
   1.22500000000000       0.156624201763206        1.36501947121353     
   1.23000000000000       0.156625374396732        1.36505581228658     
   1.23500000000000       0.156626516878301        1.36509126167549     
   1.24000000000000       0.156627632869097        1.36512584500574     
   1.24500000000000       0.156628720601900        1.36515958010730     
   1.25000000000000       0.156629782328399        1.36519248977778     
   1.25500000000000       0.156630818284271        1.36522459387108     
   1.26000000000000       0.156631828219533        1.36525591069496     
   1.26500000000000       0.156632813060816        1.36528646004498     
   1.27000000000000       0.156633774400701        1.36531626179609     
   1.27500000000000       0.156634712670193        1.36534533420697     
   1.28000000000000       0.156635626282642        1.36537369206498     
   1.28500000000000       0.156636519755138        1.36540135833976     
   1.29000000000000       0.156637389198886        1.36542834387281     
   1.29500000000000       0.156638239046823        1.36545467034873     
   1.30000000000000       0.156639066534711        1.36548034990627     
   1.30500000000000       0.156639874855771        1.36550540167776     
   1.31000000000000       0.156640663646889        1.36552983988927     
   1.31500000000000       0.156641432176282        1.36555367789946     
   1.32000000000000       0.156642182231436        1.36557693231759     
   1.32500000000000       0.156642913808906        1.36559961664925     
   1.33000000000000       0.156643627561198        1.36562174523773     
   1.33500000000000       0.156644323002598        1.36564333033349     
   1.34000000000000       0.156645003161016        1.36566438874398     
   1.34500000000000       0.156645665288502        1.36568492918049     
   1.35000000000000       0.156646311180499        1.36570496625713     
   1.35500000000000       0.156646941680182        1.36572451254953     
   1.36000000000000       0.156647557475811        1.36574358088968     
   1.36500000000000       0.156648156160227        1.36576217896059     
   1.37000000000000       0.156648741865476        1.36578032351121     
   1.37500000000000       0.156649312355987        1.36579802196477     
   1.38000000000000       0.156649870015903        1.36581528813405     
   1.38500000000000       0.156650412254383        1.36583212865934     
   1.39000000000000       0.156650943098972        1.36584855888519     
   1.39500000000000       0.156651459716100        1.36586458464718     
   1.40000000000000       0.156651963593852        1.36588021749633     
   1.40500000000000       0.156652455934948        1.36589546790227     
   1.41000000000000       0.156652935531493        1.36591034362971     
   1.41500000000000       0.156653403562713        1.36592485474802     
   1.42000000000000       0.156653859490059        1.36593900938971     
   1.42500000000000       0.156654304996210        1.36595281778495     
   1.43000000000000       0.156654739261465        1.36596628719602     
   1.43500000000000       0.156655163706891        1.36597942747533     
   1.44000000000000       0.156655576926706        1.36599224443721     
   1.44500000000000       0.156655979264343        1.36600474605616     
   1.45000000000000       0.156656373720213        1.36601694365820     
   1.45500000000000       0.156656756554659        1.36602883968365     
   1.46000000000000       0.156657131773384        1.36604044631107     
   1.46500000000000       0.156657495796050        1.36605176550658     
   1.47000000000000       0.156657852930159        1.36606280992145     
   1.47500000000000       0.156658199456823        1.36607358101003     
   1.48000000000000       0.156658539361569        1.36608409039396     
   1.48500000000000       0.156658869518327        1.36609434011621     
   1.49000000000000       0.156659192028835        1.36610433905043     
   1.49500000000000       0.156659506160366        1.36611409230878     
   1.50000000000000       0.156659812907707        1.36612360646620     
   1.50500000000000       0.156660112898582        1.36613288845059     
   1.51000000000000       0.156660404016168        1.36614194071939     
   1.51500000000000       0.156660689819766        1.36615077343104     
   1.52000000000000       0.156660967484915        1.36615938797522     
   1.52500000000000       0.156661238377183        1.36616779120995     
   1.53000000000000       0.156661502792108        1.36617598855540     
   1.53500000000000       0.156661760772510        1.36618398497790     
   1.54000000000000       0.156662011507155        1.36619178384662     
   1.54500000000000       0.156662257802009        1.36619939390192     
   1.55000000000000       0.156662496920152        1.36620681567954     
   1.55500000000000       0.156662729805157        1.36621405482077     
   1.56000000000000       0.156662957717609        1.36622111746522     
   1.56500000000000       0.156663179978064        1.36622800684498     
   1.57000000000000       0.156663396601014        1.36623472693089     
   1.57500000000000       0.156663607978793        1.36624128207069     
   1.58000000000000       0.156663814282978        1.36624767683578     
   1.58500000000000       0.156664015253630        1.36625391410293     
   1.59000000000000       0.156664211576471        1.36625999889556     
   1.59500000000000       0.156664403676433        1.36626593515118     
   1.60000000000000       0.156664590089191        1.36627172449323     
   1.60500000000000       0.156664772237919        1.36627737214848     
   1.61000000000000       0.156664949975667        1.36628288149744     
   1.61500000000000       0.156665122646657        1.36628825458671     
   1.62000000000000       0.156665292394745        1.36629349766869     
   1.62500000000000       0.156665456650880        1.36629861036528     
   1.63000000000000       0.156665618239047        1.36630359941904     
   1.63500000000000       0.156665775043335        1.36630846505277     
   1.64000000000000       0.156665927379025        1.36631321028044     
   1.64500000000000       0.156666077549734        1.36631784138873     
   1.65000000000000       0.156666222389727        1.36632235662850     
   1.65500000000000       0.156666364506273        1.36632676215740     
   1.66000000000000       0.156666503803720        1.36633106054963     
   1.66500000000000       0.156666638266458        1.36633525157093     
   1.67000000000000       0.156666771100449        1.36633934200497     
   1.67500000000000       0.156666898464692        1.36634332901228     
   1.68000000000000       0.156667025017937        1.36634722142621     
   1.68500000000000       0.156667146439782        1.36635101562257     
   1.69000000000000       0.156667266837617        1.36635471936750     
   1.69500000000000       0.156667383119194        1.36635833065401     
   1.70000000000000       0.156667496626625        1.36636185330902     
   1.70500000000000       0.156667606925891        1.36636528911535     
   1.71000000000000       0.156667715665519        1.36636864208846     
   1.71500000000000       0.156667821050916        1.36637191198705     
   1.72000000000000       0.156667923255171        1.36637510078238     
   1.72500000000000       0.156668024468784        1.36637821334988     
   1.73000000000000       0.156668122029454        1.36638124795195     
   1.73500000000000       0.156668217495498        1.36638420854102     
   1.74000000000000       0.156668310685579        1.36638709657479     
   1.74500000000000       0.156668401492706        1.36638991365734     
   1.75000000000000       0.156668489482697        1.36639266076050     
   1.75500000000000       0.156668576663649        1.36639534232331     
   1.76000000000000       0.156668660272306        1.36639795617407     
   1.76500000000000       0.156668742945851        1.36640050750279     
   1.77000000000000       0.156668823421593        1.36640299564669     
   1.77500000000000       0.156668900805837        1.36640542149607     
   1.78000000000000       0.156668977617347        1.36640778958822     
   1.78500000000000       0.156669052486243        1.36641009943190     
   1.79000000000000       0.156669124532767        1.36641235139612     
   1.79500000000000       0.156669196145527        1.36641454975494     
   1.80000000000000       0.156669265045372        1.36641669284375     
   1.80500000000000       0.156669332447598        1.36641878388238     
   1.81000000000000       0.156669397730659        1.36642082276963     
   1.81500000000000       0.156669462017284        1.36642281252222     
   1.82000000000000       0.156669524376955        1.36642475288460     
   1.82500000000000       0.156669585654236        1.36642664636115     
   1.83000000000000       0.156669645180271        1.36642849301643     
   1.83500000000000       0.156669703781242        1.36643029491954     
   1.84000000000000       0.156669759640209        1.36643205112539     
   1.84500000000000       0.156669815964584        1.36643376648557     
   1.85000000000000       0.156669869419527        1.36643543783297     
   1.85500000000000       0.156669921667829        1.36643706844312     
   1.86000000000000       0.156669973455291        1.36643865979156     
   1.86500000000000       0.156670023474540        1.36644021182568     
   1.87000000000000       0.156670072221872        1.36644172545480     
   1.87500000000000       0.156670119312340        1.36644320144301     
   1.88000000000000       0.156670166619236        1.36644464305977     
   1.88500000000000       0.156670211458940        1.36644604745183     
   1.89000000000000       0.156670255888336        1.36644741834787     
   1.89500000000000       0.156670297889175        1.36644875378909     
   1.90000000000000       0.156670341409302        1.36645006003980     
   1.90500000000000       0.156670381078564        1.36645133027575     
   1.91000000000000       0.156670422260997        1.36645257285885     
   1.91500000000000       0.156670461031216        1.36645378296935     
   1.92000000000000       0.156670499100170        1.36645496376214     
   1.92500000000000       0.156670535642374        1.36645611481608     
   1.93000000000000       0.156670572605420        1.36645723926095     
   1.93500000000000       0.156670607144132        1.36645833425261     
   1.94000000000000       0.156670641696031        1.36645940335652     
   1.94500000000000       0.156670676211034        1.36646044742309     
   1.95000000000000       0.156670708106319        1.36646146354844     
   1.95500000000000       0.156670741152986        1.36646245715582     
   1.96000000000000       0.156670771773741        1.36646342436731     
   1.96500000000000       0.156670802606018        1.36646436912096     
   1.97000000000000       0.156670832087759        1.36646528984308     
   1.97500000000000       0.156670860517936        1.36646618759617     
   1.98000000000000       0.156670888997442        1.36646706423930     
   1.98500000000000       0.156670916091696        1.36646791837626     
   1.99000000000000       0.156670943969317        1.36646875369759     
   1.99500000000000       0.156670969978132        1.36646956684668     
   2.00000000000000       0.156670995774512        1.36647036061692     
   2.00500000000000       0.156671020576009        1.36647113443431     
   2.01000000000000       0.156671044938139        1.36647188939154     
   2.01500000000000       0.156671068131954        1.36647262523214     
   2.02000000000000       0.156671091441890        1.36647334385799     
   2.02500000000000       0.156671114617919        1.36647404533933     
   2.03000000000000       0.156671135711142        1.36647472767029     
   2.03500000000000       0.156671157627232        1.36647539515935     
   2.04000000000000       0.156671179138742        1.36647604621986     
   2.04500000000000       0.156671199634901        1.36647668087534     
   2.05000000000000       0.156671218763032        1.36647729853323     
   2.05500000000000       0.156671238995006        1.36647790326382     
   2.06000000000000       0.156671257813428        1.36647849203182     
   2.06500000000000       0.156671275804418        1.36647906580252     
   2.07000000000000       0.156671294011132        1.36647962638734     
   2.07500000000000       0.156671312226729        1.36648017371667     
   2.08000000000000       0.156671328438480        1.36648070567427     
   2.08500000000000       0.156671345599522        1.36648122633009     
   2.09000000000000       0.156671362821808        1.36648173483525     
   2.09500000000000       0.156671378053576        1.36648222862946     
   2.10000000000000       0.156671393863266        1.36648271177080     
   2.10500000000000       0.156671408585222        1.36648318218302     
   2.11000000000000       0.156671424185129        1.36648364255550     
   2.11500000000000       0.156671437630161        1.36648408922733     
   2.12000000000000       0.156671452080409        1.36648452684936     
   2.12500000000000       0.156671466323464        1.36648495384251     
   2.13000000000000       0.156671479658085        1.36648536973373     
   2.13500000000000       0.156671492546373        1.36648577507153     
   2.14000000000000       0.156671505494923        1.36648617112086     
   2.14500000000000       0.156671517915145        1.36648655711660     
   2.15000000000000       0.156671529353959        1.36648693270169     
   2.15500000000000       0.156671541561704        1.36648730058814     
   2.16000000000000       0.156671552930387        1.36648765853538     
   2.16500000000000       0.156671564441403        1.36648800860642     
   2.17000000000000       0.156671575681385        1.36648834959230     
   2.17500000000000       0.156671585839884        1.36648868156232     
   2.18000000000000       0.156671596979641        1.36648900682391     
   2.18500000000000       0.156671607048277        1.36648932315724     
   2.19000000000000       0.156671616274618        1.36648963078467     
   2.19500000000000       0.156671626480044        1.36648993261998     
   2.20000000000000       0.156671636406779        1.36649022683399     
   2.20500000000000       0.156671645395294        1.36649051310504     
   2.21000000000000       0.156671653889304        1.36649079190905     
   2.21500000000000       0.156671663362955        1.36649106538552     
   2.22000000000000       0.156671671003136        1.36649133012964     
   2.22500000000000       0.156671680439815        1.36649159090981     
   2.23000000000000       0.156671688217882        1.36649184348495     
   2.23500000000000       0.156671696285095        1.36649209038642     
   2.24000000000000       0.156671703299266        1.36649233023790     
   2.24500000000000       0.156671711927286        1.36649256651035     
   2.25000000000000       0.156671718963901        1.36649279514068     
   2.25500000000000       0.156671725641637        1.36649301792457     
   2.26000000000000       0.156671733640780        1.36649323722085     
   2.26500000000000       0.156671740017941        1.36649344920269     
   2.27000000000000       0.156671746265889        1.36649365603302     
   2.27500000000000       0.156671753550819        1.36649385938766     
   2.28000000000000       0.156671758908271        1.36649405539628     
   2.28500000000000       0.156671765729875        1.36649424887628     
   2.29000000000000       0.156671771419906        1.36649443609747     
   2.29500000000000       0.156671778099283        1.36649462033218     
   2.30000000000000       0.156671783042872        1.36649479796600     
   2.30500000000000       0.156671788798526        1.36649497246949     
   2.31000000000000       0.156671794833958        1.36649514317815     
   2.31500000000000       0.156671799470179        1.36649530817283     
   2.32000000000000       0.156671804865021        1.36649547013257     
   2.32500000000000       0.156671810716905        1.36649562906997     
   2.33000000000000       0.156671814708747        1.36649578167261     
   2.33500000000000       0.156671820585348        1.36649593325845     
   2.34000000000000       0.156671824182481        1.36649607820664     
   2.34500000000000       0.156671829795273        1.36649622240906     
   2.35000000000000       0.156671833418971        1.36649636071017     
   2.35500000000000       0.156671837999713        1.36649649688289     
   2.36000000000000       0.156671842177747        1.36649662940627     
   2.36500000000000       0.156671847055786        1.36649675976708     
   2.37000000000000       0.156671850293546        1.36649688482617     
   2.37500000000000       0.156671855175444        1.36649700915458     
   2.38000000000000       0.156671858068991        1.36649712787983     
   2.38500000000000       0.156671862168371        1.36649724546448     
   2.39000000000000       0.156671865547554        1.36649735932336     
   2.39500000000000       0.156671870168995        1.36649747228299     
   2.40000000000000       0.156671872654095        1.36649757953593     
   2.40500000000000       0.156671876985368        1.36649768681631     
   2.41000000000000       0.156671880165893        1.36649779009974     
   2.41500000000000       0.156671882557392        1.36649788980384     
   2.42000000000000       0.156671886856916        1.36649798977780     
   2.42500000000000       0.156671889081353        1.36649808469320     
   2.43000000000000       0.156671892300143        1.36649817852671     
   2.43500000000000       0.156671895054690        1.36649826964600     
   2.44000000000000       0.156671898585615        1.36649835962698     
   2.44500000000000       0.156671901264578        1.36649844643776     
   2.45000000000000       0.156671903257428        1.36649853021712     
   2.45500000000000       0.156671905921495        1.36649861285658     
   2.46000000000000       0.156671909598254        1.36649869519683     
   2.46500000000000       0.156671911049891        1.36649877229321     
   2.47000000000000       0.156671914791642        1.36649885094074     
   2.47500000000000       0.156671916547570        1.36649892478035     
   2.48000000000000       0.156671918351649        1.36649899718888     
   2.48500000000000       0.156671921438522        1.36649906941291     
   2.49000000000000       0.156671923026615        1.36649913821561     
   2.49500000000000       0.156671925370927        1.36649920613501     
   2.50000000000000       0.156671928174944        1.36649927322391     
