  5.000000000000000E-003  0.000000000000000E+000
  1.000000000000000E-002  0.000000000000000E+000
  1.500000000000000E-002  0.000000000000000E+000
  2.000000000000000E-002  0.000000000000000E+000
  2.500000000000000E-002  0.000000000000000E+000
  3.000000000000000E-002  0.000000000000000E+000
  3.500000000000000E-002  0.000000000000000E+000
  4.000000000000000E-002  0.000000000000000E+000
  4.500000000000000E-002  0.000000000000000E+000
  5.000000000000000E-002  0.000000000000000E+000
  5.500000000000000E-002  0.000000000000000E+000
  6.000000000000000E-002  0.000000000000000E+000
  6.500000000000000E-002  0.000000000000000E+000
  7.000000000000001E-002  0.000000000000000E+000
  7.500000000000000E-002  0.000000000000000E+000
  8.000000000000000E-002  0.000000000000000E+000
  8.500000000000001E-002  0.000000000000000E+000
  9.000000000000000E-002  0.000000000000000E+000
  9.500000000000000E-002  0.000000000000000E+000
  0.100000000000000       0.000000000000000E+000
  0.105000000000000       0.000000000000000E+000
  0.110000000000000       0.000000000000000E+000
  0.115000000000000       0.000000000000000E+000
  0.120000000000000       0.000000000000000E+000
  0.125000000000000       0.000000000000000E+000
  0.130000000000000       0.000000000000000E+000
  0.135000000000000       0.000000000000000E+000
  0.140000000000000       0.000000000000000E+000
  0.145000000000000       0.000000000000000E+000
  0.150000000000000       0.000000000000000E+000
  0.155000000000000       0.000000000000000E+000
  0.160000000000000       0.000000000000000E+000
  0.165000000000000       0.000000000000000E+000
  0.170000000000000       0.000000000000000E+000
  0.175000000000000       0.000000000000000E+000
  0.180000000000000       0.000000000000000E+000
  0.185000000000000       0.000000000000000E+000
  0.190000000000000       0.000000000000000E+000
  0.195000000000000       0.000000000000000E+000
  0.200000000000000       0.000000000000000E+000
  0.205000000000000       0.000000000000000E+000
  0.210000000000000       0.000000000000000E+000
  0.215000000000000        3706.39885673768     
  0.220000000000000        1430.10122764083     
  0.225000000000000        889.188604576711     
  0.230000000000000        654.438524827707     
  0.235000000000000        520.546478789271     
  0.240000000000000        434.895342758008     
  0.245000000000000        374.858879064054     
  0.250000000000000        331.091056933201     
  0.255000000000000        297.408597448335     
  0.260000000000000        270.498641138121     
  0.265000000000000        248.899230751003     
  0.270000000000000        231.203018152865     
  0.275000000000000        216.905368400271     
  0.280000000000000        204.505138270934     
  0.285000000000000        193.833550722438     
  0.290000000000000        184.630038475837     
  0.295000000000000        176.534391300577     
  0.300000000000000        169.219578424037     
  0.305000000000000        162.881612996824     
  0.310000000000000        157.072668200064     
  0.315000000000000        151.709878062674     
  0.320000000000000        146.876091173652     
  0.325000000000000        142.572124287423     
  0.330000000000000        138.581892343705     
  0.335000000000000        134.859697366044     
  0.340000000000000        131.593833193237     
  0.345000000000000        128.464676576231     
  0.350000000000000        125.635667948604     
  0.355000000000000        123.067370151172     
  0.360000000000000        120.579647699877     
  0.365000000000000        118.251568256025     
  0.370000000000000        116.072924564074     
  0.375000000000000        114.004404363038     
  0.380000000000000        112.156114667079     
  0.385000000000000        110.388274985470     
  0.390000000000000        108.737053406300     
  0.395000000000000        107.158072807087     
  0.400000000000000        105.722668526800     
  0.405000000000000        104.364840939657     
  0.410000000000000        102.995567178056     
  0.415000000000000        101.722285925485     
  0.420000000000000        100.556446059312     
  0.425000000000000        99.4336665605150     
  0.430000000000000        98.3424347255955     
  0.435000000000000        97.2819724482650     
  0.440000000000000        96.2921708130842     
  0.445000000000000        95.3866787240767     
  0.450000000000000        94.4887263895124     
  0.455000000000000        93.6584570026412     
  0.460000000000000        92.8510287183769     
  0.465000000000000        92.0885873257647     
  0.470000000000000        91.3555999772640     
  0.475000000000000        90.6764547995231     
  0.480000000000000        89.9806824675177     
  0.485000000000000        89.3052791086732     
  0.490000000000000        88.6874675889137     
  0.495000000000000        88.0984252160296     
  0.500000000000000        87.5507784623816     
  0.505000000000000        87.0002114054622     
  0.510000000000000        86.4664476910761     
  0.515000000000000        85.9542187556334     
  0.520000000000000        85.4765951534781     
  0.525000000000000        85.0200608891567     
  0.530000000000000        84.5570719992170     
  0.535000000000000        84.1227748008915     
  0.540000000000000        83.6967047893642     
  0.545000000000000        83.2740006474843     
  0.550000000000000        82.8922795033615     
  0.555000000000000        82.5146045407051     
  0.560000000000000        82.1625920824011     
  0.565000000000000        81.8100135373904     
  0.570000000000000        81.4845744898871     
  0.575000000000000        81.1711566847802     
  0.580000000000000        80.8673863335222     
  0.585000000000000        80.5668536275731     
  0.590000000000000        80.2901736139301     
  0.595000000000000        80.0097898323898     
  0.600000000000000        79.7358221998259     
  0.605000000000000        79.4598787657549     
  0.610000000000000        79.2071214543462     
  0.615000000000000        78.9717061154234     
  0.620000000000000        78.7390886323718     
  0.625000000000000        78.4968425398741     
  0.630000000000000        78.2852772509370     
  0.635000000000000        78.0592215542050     
  0.640000000000000        77.8378226689469     
  0.645000000000000        77.6366245371078     
  0.650000000000000        77.4311600566799     
  0.655000000000000        77.2459188681136     
  0.660000000000000        77.0574092723340     
  0.665000000000000        76.8668118384162     
  0.670000000000000        76.7048375030452     
  0.675000000000000        76.5411009757059     
  0.680000000000000        76.3671387036718     
  0.685000000000000        76.2161419742677     
  0.690000000000000        76.0665087073665     
  0.695000000000000        75.9075317400706     
  0.700000000000000        75.7550028820224     
  0.705000000000000        75.6200497603322     
  0.710000000000000        75.4795815352025     
  0.715000000000000        75.3384280463059     
  0.720000000000000        75.2013869300519     
  0.725000000000000        75.0683218413758     
  0.730000000000000        74.9522782941166     
  0.735000000000000        74.8300857343343     
  0.740000000000000        74.7081221631252     
  0.745000000000000        74.5944137685571     
  0.750000000000000        74.4828514177283     
  0.755000000000000        74.3709779216307     
  0.760000000000000        74.2622660126751     
  0.765000000000000        74.1634890628759     
  0.770000000000000        74.0691867488911     
  0.775000000000000        73.9693255523667     
  0.780000000000000        73.8746625272137     
  0.785000000000000        73.7874834413038     
  0.790000000000000        73.7019418126035     
  0.795000000000000        73.6244557091351     
  0.800000000000000        73.5524587017198     
  0.805000000000000        73.4679568185225     
  0.810000000000000        73.3857713217777     
  0.815000000000000        73.3115684135314     
  0.820000000000000        73.2382273016722     
  0.825000000000000        73.1625567916133     
  0.830000000000000        73.0889393882655     
  0.835000000000000        73.0187060206344     
  0.840000000000000        72.9548869503762     
  0.845000000000000        72.8914303431737     
  0.850000000000000        72.8254128907445     
  0.855000000000000        72.7648968458983     
  0.860000000000000        72.7059609113026     
  0.865000000000000        72.6450889176951     
  0.870000000000000        72.5858394397634     
  0.875000000000000        72.5304245228474     
  0.880000000000000        72.4972476981449     
  0.885000000000000        72.4466258473341     
  0.890000000000000        72.3933653864713     
  0.895000000000000        72.3487022558039     
  0.900000000000000        72.2982005071300     
  0.905000000000000        72.2527881887781     
  0.910000000000000        72.2049020966810     
  0.915000000000000        72.1622187028603     
  0.920000000000000        72.1168044538119     
  0.925000000000000        72.0743508421803     
  0.930000000000000        72.0336097797379     
  0.935000000000000        71.9916563705827     
  0.940000000000000        71.9520455283365     
  0.945000000000000        71.9122440197652     
  0.950000000000000        71.8805194136446     
  0.955000000000000        71.8438925662134     
  0.960000000000000        71.8070969551740     
  0.965000000000000        71.7712525731359     
  0.970000000000000        71.7363336609153     
  0.975000000000000        71.7086275046605     
  0.980000000000000        71.6754784218494     
  0.985000000000000        71.6459350918427     
  0.990000000000000        71.6144652814144     
  0.995000000000000        71.5838032776698     
   1.00000000000000        71.5571251694247     
   1.00500000000000        71.5280108530710     
   1.01000000000000        71.5008286740610     
   1.01500000000000        71.4731832123700     
   1.02000000000000        71.4462437400796     
   1.02500000000000        71.4199915674616     
   1.03000000000000        71.3944085334897     
   1.03500000000000        71.3767651640880     
   1.04000000000000        71.3570995138182     
   1.04500000000000        71.3334086154368     
   1.05000000000000        71.3103194499458     
   1.05500000000000        71.2878162470046     
   1.06000000000000        71.2658836749140     
   1.06500000000000        71.2466203993648     
   1.07000000000000        71.2257829913830     
   1.07500000000000        71.2054727554168     
   1.08000000000000        71.1856759723722     
   1.08500000000000        71.1663793043221     
   1.09000000000000        71.1549685542343     
   1.09500000000000        71.1366284524485     
   1.10000000000000        71.1187507234593     
   1.10500000000000        71.1098329121017     
   1.11000000000000        71.0944084640998     
   1.11500000000000        71.0778415314329     
   1.12000000000000        71.0616912158322     
   1.12500000000000        71.0459468107597     
   1.13000000000000        71.0305978743762     
   1.13500000000000        71.0156342652632     
   1.14000000000000        71.0010461003746     
   1.14500000000000        70.9868237629998     
   1.15000000000000        70.9729578975664     
   1.15500000000000        70.9594393839702     
   1.16000000000000        70.9462593636978     
   1.16500000000000        70.9334091886759     
   1.17000000000000        70.9208804567679     
   1.17500000000000        70.9086649888730     
   1.18000000000000        70.8967547982109     
   1.18500000000000        70.8851421392868     
   1.19000000000000        70.8738194482347     
   1.19500000000000        70.8627793669867     
   1.20000000000000        70.8520147320229     
   1.20500000000000        70.8415185565491     
   1.21000000000000        70.8312840464834     
   1.21500000000000        70.8213045814992     
   1.22000000000000        70.8128348005398     
   1.22500000000000        70.8033460801523     
   1.23000000000000        70.7940935702451     
   1.23500000000000        70.7850712998732     
   1.24000000000000        70.7762734740602     
   1.24500000000000        70.7676944215162     
   1.25000000000000        70.7593286499354     
   1.25500000000000        70.7511707833243     
   1.26000000000000        70.7432155930387     
   1.26500000000000        70.7354579880598     
   1.27000000000000        70.7278930043046     
   1.27500000000000        70.7205157994854     
   1.28000000000000        70.7133216689213     
   1.28500000000000        70.7063060181584     
   1.29000000000000        70.7005343360395     
   1.29500000000000        70.6938620495306     
   1.30000000000000        70.6873551712009     
   1.30500000000000        70.6810095567158     
   1.31000000000000        70.6748211692973     
   1.31500000000000        70.6687860870821     
   1.32000000000000        70.6629004679004     
   1.32500000000000        70.6571605871756     
   1.33000000000000        70.6515627937385     
   1.33500000000000        70.6461035538610     
   1.34000000000000        70.6407793997662     
   1.34500000000000        70.6355869680011     
   1.35000000000000        70.6319230693280     
   1.35500000000000        70.6320859634790     
   1.36000000000000        70.6272681817890     
   1.36500000000000        70.6225694937423     
   1.37000000000000        70.6179869484571     
   1.37500000000000        70.6135176500283     
   1.38000000000000        70.6091587827032     
   1.38500000000000        70.6049075904188     
   1.39000000000000        70.6007614116391     
   1.39500000000000        70.5967176236747     
   1.40000000000000        70.5927736923461     
   1.40500000000000        70.5889271265460     
   1.41000000000000        70.5851755179276     
   1.41500000000000        70.5815165084083     
   1.42000000000000        70.5779477882648     
   1.42500000000000        70.5744671306310     
   1.43000000000000        70.5710723463221     
   1.43500000000000        70.5677613051162     
   1.44000000000000        70.5645319319216     
   1.44500000000000        70.5613822025997     
   1.45000000000000        70.5583101431211     
   1.45500000000000        70.5553138291716     
   1.46000000000000        70.5523913851465     
   1.46500000000000        70.5495409787107     
   1.47000000000000        70.5467608285349     
   1.47500000000000        70.5440492016777     
   1.48000000000000        70.5414043908511     
   1.48500000000000        70.5388247515048     
   1.49000000000000        70.5363086686299     
   1.49500000000000        70.5338545666613     
   1.50000000000000        70.5314609205868     
   1.50500000000000        70.5291262312397     
   1.51000000000000        70.5268490425336     
   1.51500000000000        70.5246279328557     
   1.52000000000000        70.5224615156048     
   1.52500000000000        70.5203484405171     
   1.53000000000000        70.5182873917411     
   1.53500000000000        70.5162770763607     
   1.54000000000000        70.5143162546204     
   1.54500000000000        70.5124036935073     
   1.55000000000000        70.5105382058067     
   1.55500000000000        70.5087186299385     
   1.56000000000000        70.5069438320697     
   1.56500000000000        70.5052127065731     
   1.57000000000000        70.5035241805642     
   1.57500000000000        70.5018771918692     
   1.58000000000000        70.5002707304814     
   1.58500000000000        70.4987037854041     
   1.59000000000000        70.4971753874205     
   1.59500000000000        70.4956845888799     
   1.60000000000000        70.4942304521467     
   1.60500000000000        70.4928120847261     
   1.61000000000000        70.4914286028272     
   1.61500000000000        70.4900791384793     
   1.62000000000000        70.4887628624926     
   1.62500000000000        70.4874789513729     
   1.63000000000000        70.4862266150143     
   1.63500000000000        70.4850050659238     
   1.64000000000000        70.4838135534463     
   1.64500000000000        70.4826513297029     
   1.65000000000000        70.4815176837684     
   1.65500000000000        70.4804119011242     
   1.66000000000000        70.4793333050018     
   1.66500000000000        70.4782812208690     
   1.67000000000000        70.4772549985527     
   1.67500000000000        70.4762539944906     
   1.68000000000000        70.4752775999489     
   1.68500000000000        70.4743251958124     
   1.69000000000000        70.4733961999574     
   1.69500000000000        70.4724900360093     
   1.70000000000000        70.4716061391313     
   1.70500000000000        70.4707439635653     
   1.71000000000000        70.4699029755443     
   1.71500000000000        70.4690826522478     
   1.72000000000000        70.4682824796812     
   1.72500000000000        70.4675019729392     
   1.73000000000000        70.4667406402290     
   1.73500000000000        70.4659980146554     
   1.74000000000000        70.4652736321372     
   1.74500000000000        70.4645670476345     
   1.75000000000000        70.4638778212907     
   1.75500000000000        70.4632055259232     
   1.76000000000000        70.4625497466648     
   1.76500000000000        70.4619100729929     
   1.77000000000000        70.4612861173149     
   1.77500000000000        70.4606774868465     
   1.78000000000000        70.4600838067280     
   1.78500000000000        70.4595047049010     
   1.79000000000000        70.4589398306800     
   1.79500000000000        70.4583888281608     
   1.80000000000000        70.4578513599732     
   1.80500000000000        70.4573270917680     
   1.81000000000000        70.4568156993076     
   1.81500000000000        70.4563168653045     
   1.82000000000000        70.4558302833698     
   1.82500000000000        70.4553556524012     
   1.83000000000000        70.4548926739618     
   1.83500000000000        70.4544410681934     
   1.84000000000000        70.4540005500937     
   1.84500000000000        70.4535708502909     
   1.85000000000000        70.4531517049252     
   1.85500000000000        70.4527428467155     
   1.86000000000000        70.4523440320694     
   1.86500000000000        70.4519550097239     
   1.87000000000000        70.4515755407776     
   1.87500000000000        70.4512053850341     
   1.88000000000000        70.4508443224409     
   1.88500000000000        70.4504921224273     
   1.89000000000000        70.4501485714422     
   1.89500000000000        70.4498134574527     
   1.90000000000000        70.4494865672536     
   1.90500000000000        70.4491677081934     
   1.91000000000000        70.4488566736860     
   1.91500000000000        70.4485532737543     
   1.92000000000000        70.4482573264929     
   1.92500000000000        70.4479686433047     
   1.93000000000000        70.4476870471551     
   1.93500000000000        70.4474123644090     
   1.94000000000000        70.4471444298157     
   1.94500000000000        70.4468830646958     
   1.95000000000000        70.4466281235352     
   1.95500000000000        70.4463794345922     
   1.96000000000000        70.4461368546154     
   1.96500000000000        70.4459002293849     
   1.97000000000000        70.4456694109614     
   1.97500000000000        70.4454442620729     
   1.98000000000000        70.4452246365173     
   1.98500000000000        70.4450104046303     
   1.99000000000000        70.4448014325852     
   1.99500000000000        70.4445975872020     
   2.00000000000000        70.4443987480848     
   2.00500000000000        70.4442047885520     
   2.01000000000000        70.4440155934647     
   2.01500000000000        70.4438310373797     
   2.02000000000000        70.4436510159225     
   2.02500000000000        70.4434754124833     
   2.03000000000000        70.4433041161232     
   2.03500000000000        70.4431370288810     
   2.04000000000000        70.4429740403443     
   2.04500000000000        70.4428150516281     
   2.05000000000000        70.4426599698329     
   2.05500000000000        70.4425086888204     
   2.06000000000000        70.4423611236277     
   2.06500000000000        70.4422171804661     
   2.07000000000000        70.4420767698198     
   2.07500000000000        70.4419398062667     
   2.08000000000000        70.4418062065579     
   2.08500000000000        70.4416758809015     
   2.09000000000000        70.4415487593895     
   2.09500000000000        70.4414247570279     
   2.10000000000000        70.4413037930469     
   2.10500000000000        70.4411858032495     
   2.11000000000000        70.4410707067303     
   2.11500000000000        70.4409584365469     
   2.12000000000000        70.4408489217514     
   2.12500000000000        70.4407420951252     
   2.13000000000000        70.4406378927926     
   2.13500000000000        70.4405362411566     
   2.14000000000000        70.4404370894034     
   2.14500000000000        70.4403403733160     
   2.15000000000000        70.4402460259839     
   2.15500000000000        70.4401539958862     
   2.16000000000000        70.4400642254568     
   2.16500000000000        70.4399766565643     
   2.17000000000000        70.4398912405605     
   2.17500000000000        70.4398079132102     
   2.18000000000000        70.4397266369744     
   2.18500000000000        70.4396473556053     
   2.19000000000000        70.4395700177033     
   2.19500000000000        70.4394945799486     
   2.20000000000000        70.4394209923200     
   2.20500000000000        70.4393492135791     
   2.21000000000000        70.4392791907508     
   2.21500000000000        70.4392108890583     
   2.22000000000000        70.4391442673078     
   2.22500000000000        70.4390792731402     
   2.23000000000000        70.4390158789764     
   2.23500000000000        70.4389540433701     
   2.24000000000000        70.4388937176807     
   2.24500000000000        70.4388348791774     
   2.25000000000000        70.4387774829827     
   2.25500000000000        70.4387214951280     
   2.26000000000000        70.4386668772288     
   2.26500000000000        70.4386136055054     
   2.27000000000000        70.4385616375565     
   2.27500000000000        70.4385109482243     
   2.28000000000000        70.4384614990113     
   2.28500000000000        70.4384132686586     
   2.29000000000000        70.4383662166188     
   2.29500000000000        70.4383203196237     
   2.30000000000000        70.4382755509456     
   2.30500000000000        70.4382318804694     
   2.31000000000000        70.4381892841565     
   2.31500000000000        70.4381477312008     
   2.32000000000000        70.4381071955772     
   2.32500000000000        70.4380676596689     
   2.33000000000000        70.4380290899684     
   2.33500000000000        70.4379914662746     
   2.34000000000000        70.4379547679768     
   2.34500000000000        70.4379189721376     
   2.35000000000000        70.4378840535233     
   2.35500000000000        70.4378499873607     
   2.36000000000000        70.4378167618948     
   2.36500000000000        70.4377843523348     
   2.37000000000000        70.4377527339924     
   2.37500000000000        70.4377218991292     
   2.38000000000000        70.4376918126371     
   2.38500000000000        70.4376624667794     
   2.39000000000000        70.4376338419345     
   2.39500000000000        70.4376059226296     
   2.40000000000000        70.4375786820562     
   2.40500000000000        70.4375521178742     
   2.41000000000000        70.4375261967026     
   2.41500000000000        70.4375009195123     
   2.42000000000000        70.4374762584924     
   2.42500000000000        70.4374522022052     
   2.43000000000000        70.4374287377616     
   2.43500000000000        70.4374058481115     
   2.44000000000000        70.4373835225739     
   2.44500000000000        70.4373617421740     
   2.45000000000000        70.4373404992776     
   2.45500000000000        70.4373197754149     
   2.46000000000000        70.4372995614184     
   2.46500000000000        70.4372798410056     
   2.47000000000000        70.4372606057382     
   2.47500000000000        70.4372418444390     
   2.48000000000000        70.4372235393929     
   2.48500000000000        70.4372056896853     
   2.49000000000000        70.4371882722592     
   2.49500000000000        70.4371712850854     
   2.50000000000000        70.4371547140001     
