   765.228037955311       2.285435347408883E-024
   6887.05234159780       1.666082292813761E-021
   19130.7009488828       3.570991309850887E-020
   37496.1738598102       2.688787638638913E-019
   61983.4710743802       1.214568839142735E-018
   92592.5925925926       4.048749323666210E-018
   129323.538414448       1.103115354469785E-017
   172176.308539945       2.603167389935932E-017
   221150.902969085       5.516183741208555E-017
   276247.321701867       1.075111548743683E-016
   337465.564738292       1.959880222272951E-016
   404805.632078359       3.382647052672023E-016
   478267.523722069       5.578257558256462E-016
   557851.239669421       8.851189873378628E-016
   643556.779920416       1.358807876489610E-015
   735384.144475054       2.027123947199752E-015
   833333.333333333       2.949317317648622E-015
   937404.346495256       4.197203125066213E-015
   1047597.18396082       5.856800953938325E-015
   1163911.84573003       8.030063649377678E-015
   1286348.33180288       1.083669098116608E-014
   1414906.64217937       1.441602254608635E-014
   1549586.77685950       1.892900310036769E-014
   1690388.73584328       2.456021226427304E-014
   1837312.51913070       3.151994928985138E-014
   1990358.12672176       4.004636233579675E-014
   2149525.55861647       5.040761038867556E-014
   2314814.81481482       6.290404449464909E-014
   2486225.89531680       7.787039319961685E-014
   2663758.80012244       9.567793495167388E-014
   2847413.52923171       1.167366376519602E-013
   3037190.08264463       1.414972425086459E-013
   3233088.46036119       1.704532657705584E-013
   3435108.66238139       2.041428876352803E-013
   3643250.68870523       2.431506924163735E-013
   3857514.53933272       2.881092176447524E-013
   4077900.21426385       3.397002618690487E-013
   4304407.71349862       3.986558911762344E-013
   4537037.03703704       4.657590724999978E-013
   4775788.18487909       5.418438471882280E-013
   5020661.15702479       6.277949405692632E-013
   5271655.95347413       7.245466818336670E-013
   5528772.57422712       8.330810828183636E-013
   5792011.01928375       9.544248935735039E-013
   6061371.28864402       1.089645416203976E-012
   6336853.38230793       1.239844815701739E-012
   6618457.30027548       1.406152616684880E-012
   6906183.04254668       1.589716017679538E-012
   7200030.60912152       1.791687589730601E-012
   7500000.00000000       2.013209854254141E-012
   7806091.21518212       2.255396157729723E-012
   8118304.25466789       2.519307181231663E-012
   8436639.11845730       2.805922346362207E-012
   8761095.80655035       3.116105314495369E-012
   9091674.31894705       3.450562736168736E-012
   9428374.65564738       3.809795409986916E-012
   9771196.81665136       4.194041079578737E-012
   10120140.8019590       4.603208263343324E-012
   10475206.6115703       5.036800810754720E-012
   10836394.2454852       5.493833349525534E-012
   11203703.7037037       5.972738466251276E-012
   11577134.9862259       6.471267374889291E-012
   11956688.0930517       6.986386976111067E-012
   12342363.0241812       7.514177564359101E-012
   12734159.7796143       8.049736918906125E-012
   13132078.3593511       8.587097987368808E-012
   13536118.7633915       9.119168655512288E-012
   13946280.9917355       9.637702996598136E-012
   14362565.0443832       1.013331373709626E-011
   14784970.9213346       1.059553538793583E-011
   15213498.6225895       1.101294665270034E-011
   15648148.1481481       1.137335959988311E-011
   16088919.4980104       1.166408207413508E-011
   16535812.6721763       1.187225930875595E-011
   16988827.6706459       1.198530082901016E-011
   17447964.4934190       1.199139912884463E-011
   17913223.1404959       1.188014616782870E-011
   18384603.6118763       1.164325060980068E-011
   18862105.9075605       1.127535045162531E-011
   19345730.0275482       1.077489961476598E-011
   19835475.9718396       1.014508101466491E-011
   20331343.7404347       9.394661961205154E-012
   20833333.3333333       8.538663076715729E-012
   21341444.7505357       7.598667189603241E-012
   21855677.9920416       6.602564856602103E-012
   22376033.0578512       5.583539767527418E-012
   22902509.9479645       4.578163421522764E-012
   23435108.6623814       3.623608944173144E-012
   23973829.2011019       2.754202227953127E-012
   24518671.5641261       1.997766295820412E-012
   25069635.7514539       1.372410907790973E-012
   25626721.7630854       8.844860319422294E-013
   26189929.5990205       5.282827881484129E-013
   26759259.2592593       2.877135180356823E-013
   27334710.7438017       1.397052061594595E-013
   27916284.0526477       5.855215741438474E-014
   28503979.1857974       2.018252170752615E-014
   29097796.1432507       5.336389494643187E-015
   29697734.9250076       1.025343035264966E-015
   30303795.5310683       0.000000000000000E+000
