   765.228037955311       7.775631362648102E-005
   6887.05234159780       7.775631010534358E-005
   19130.7009488828       7.775628269644395E-005
   37496.1738598102       7.775619236367943E-005
   61983.4710743802       7.775598025695429E-005
   92592.5925925926       7.775556836696427E-005
   129323.538414448       7.775485907123747E-005
   172176.308539945       7.775373562798290E-005
   221150.902969085       7.775206252178581E-005
   276247.321701867       7.774968605363754E-005
   337465.564738292       7.774643513343250E-005
   404805.632078359       7.774212228089051E-005
   478267.523722069       7.773654477746251E-005
   557851.239669421       7.772948584640515E-005
   643556.779920416       7.772071566379443E-005
   735384.144475054       7.770999193742898E-005
   833333.333333333       7.769705975794058E-005
   937404.346495256       7.768165045502279E-005
   1047597.18396082       7.766347930321427E-005
   1163911.84573003       7.764224211840466E-005
   1286348.33180288       7.761761103929174E-005
   1414906.64217937       7.758923003474573E-005
   1549586.77685950       7.755671083515671E-005
   1690388.73584328       7.751962997931278E-005
   1837312.51913070       7.747752746982952E-005
   1990358.12672176       7.742990718113262E-005
   2149525.55861647       7.737623876934348E-005
   2314814.81481482       7.731596052020510E-005
   2486225.89531680       7.724848243143482E-005
   2663758.80012244       7.717318887549629E-005
   2847413.52923171       7.708944036771315E-005
   3037190.08264463       7.699657417667243E-005
   3233088.46036119       7.689390367827021E-005
   3435108.66238139       7.678071643777032E-005
   3643250.68870523       7.665627101721127E-005
   3857514.53933272       7.651979248106402E-005
   4077900.21426385       7.637046654101604E-005
   4304407.71349862       7.620743225691437E-005
   4537037.03703704       7.602977319851468E-005
   4775788.18487909       7.583650696898416E-005
   5020661.15702479       7.562657299245257E-005
   5271655.95347413       7.539881847190570E-005
   5528772.57422712       7.515198242943979E-005
   5792011.01928375       7.488467774860250E-005
   6061371.28864402       7.459537114955228E-005
   6336853.38230793       7.428236104464313E-005
   6618457.30027548       7.394375324887348E-005
   6906183.04254668       7.357743456240545E-005
   7200030.60912152       7.318104430920922E-005
   7500000.00000000       7.275194401738310E-005
   7806091.21518212       7.228718557585420E-005
   8118304.25466789       7.178347841422845E-005
   8436639.11845730       7.123715654431998E-005
   8761095.80655035       7.064414669027775E-005
   9091674.31894705       6.999993923386050E-005
   9428374.65564738       6.929956432072363E-005
   9771196.81665136       6.853757620918267E-005
   10120140.8019590       6.770804977207352E-005
   10475206.6115703       6.680459393378386E-005
   10836394.2454852       6.582038764887760E-005
   11203703.7037037       6.474824467055962E-005
   11577134.9862259       6.358071363291762E-005
   11956688.0930517       6.231021965743896E-005
   12342363.0241812       6.092925255545163E-005
   12734159.7796143       5.943060453263098E-005
   13132078.3593511       5.780765701480752E-005
   13536118.7633915       5.605471190396920E-005
   13946280.9917355       5.416735761010001E-005
   14362565.0443832       5.214285526927518E-005
   14784970.9213346       4.998052659433080E-005
   15213498.6225895       4.768212284555604E-005
   15648148.1481481       4.525215528141223E-005
   16088919.4980104       4.269817139794636E-005
   16535812.6721763       4.003096762548546E-005
   16988827.6706459       3.726473622755809E-005
   17447964.4934190       3.441714943756772E-005
   17913223.1404959       3.150938464991285E-005
   18384603.6118763       2.856608861279991E-005
   18862105.9075605       2.561526525161333E-005
   19345730.0275482       2.268805203365992E-005
   19835475.9718396       1.981832682208251E-005
   20331343.7404347       1.704206644553064E-005
   20833333.3333333       1.439636783966652E-005
   21341444.7505357       1.191805318967654E-005
   21855677.9920416       9.641823363237256E-006
   22376033.0578512       7.598006732497917E-006
   22902509.9479645       5.810070405120101E-006
   23435108.6623814       4.292198056647725E-006
   23973829.2011019       3.047354296671701E-006
   24518671.5641261       2.066299253353686E-006
   25069635.7514539       1.327943002069289E-006
   25626721.7630854       8.012188590742495E-007
   26189929.5990205       4.483351749875093E-007
   26759259.2592593       2.289166337595139E-007
   27334710.7438017       1.042817926425313E-007
   27916284.0526477       4.103074673954624E-008
   28503979.1857974       1.328612386379117E-008
   29097796.1432507       3.302224347082438E-009
   29697734.9250076       5.968133806915046E-010
   30303795.5310683       0.000000000000000E+000
