  -10000000.0000000       0.000000000000000E+000
  -9747474.74747475       5.536761606089688E-009
  -9494949.49494950       1.732695290233465E-008
  -9242424.24242424       3.907799531625014E-008
  -8989898.98989899       7.643838218160811E-008
  -8737373.73737374       1.375436304039369E-007
  -8484848.48484848       2.335513095787420E-007
  -8232323.23232323       3.790446682909394E-007
  -7979797.97979798       5.921448466178284E-007
  -7727272.72727273       8.941489884344675E-007
  -7474747.47474748       1.308503888297551E-006
  -7222222.22222222       1.858937537539119E-006
  -6969696.96969697       2.566620627698803E-006
  -6717171.71717172       3.446370829435481E-006
  -6464646.46464646       4.502249701380454E-006
  -6212121.21212121       5.723523736731116E-006
  -5959595.95959596       7.082731724869021E-006
  -5707070.70707071       8.537938747196120E-006
  -5454545.45454546       1.004031494026327E-005
  -5202020.20202020       1.154572373369014E-005
  -4949494.94949495       1.302633087426649E-005
  -4696969.69696970       1.447758108615156E-005
  -4444444.44444444       1.591817867417279E-005
  -4191919.19191919       1.738427346474777E-005
  -3939393.93939394       1.892120652651092E-005
  -3686868.68686869       2.057589756160572E-005
  -3434343.43434343       2.239139168301202E-005
  -3181818.18181818       2.440380226060157E-005
  -2929292.92929293       2.664151982796926E-005
  -2676767.67676768       2.912683591850973E-005
  -2424242.42424242       3.188043631012658E-005
  -2171717.17171717       3.492868001256742E-005
  -1919191.91919192       3.831099048528126E-005
  -1666666.66666667       4.207962332508838E-005
  -1414141.41414141       4.628000106743019E-005
  -1161616.16161616       5.090521692089450E-005
  -909090.909090910       5.583820991992284E-005
  -656565.656565657       6.081757356214388E-005
  -404040.404040404       6.546420621408736E-005
  -151515.151515152       6.937674891004033E-005
   101010.101010101       7.226185348600417E-005
   353535.353535354       7.403941157932692E-005
   606060.606060605       7.487023066036739E-005
   858585.858585859       7.509091018421383E-005
   1111111.11111111       7.508734395144482E-005
   1363636.36363636       7.516810870121647E-005
   1616161.61616162       7.549413926172401E-005
   1868686.86868687       7.608388470127400E-005
   2121212.12121212       7.686898856608245E-005
   2373737.37373737       7.775631362648102E-005
   2626262.62626263       7.866636754605298E-005
   2878787.87878788       7.954438431933198E-005
   3131313.13131313       8.035513599812221E-005
   3383838.38383838       8.107255615901259E-005
   3636363.63636364       8.166944969448107E-005
   3888888.88888889       8.210806452902232E-005
   4141414.14141414       8.233074414146140E-005
   4393939.39393939       8.225043267788005E-005
   4646464.64646465       8.174269715538685E-005
   4898989.89898990       8.064374806831470E-005
   5151515.15151515       7.876156657410182E-005
   5404040.40404040       7.590684437278122E-005
   5656565.65656566       7.194346042486887E-005
   5909090.90909091       6.684485724212905E-005
   6161616.16161616       6.073126861015175E-005
   6414141.41414141       5.386558057314165E-005
   6666666.66666667       4.660542330052795E-005
   6919191.91919192       3.933211729647305E-005
   7171717.17171717       3.238551333031399E-005
   7424242.42424243       2.602388408318114E-005
   7676767.67676768       2.041142305707587E-005
   7929292.92929293       1.562510307429118E-005
   8181818.18181818       1.167084942015198E-005
   8434343.43434343       8.502154424005688E-006
   8686868.68686869       6.037801709929001E-006
   8939393.93939394       4.177401661104506E-006
   9191919.19191919       2.814198656825571E-006
   9444444.44444444       1.844860674141958E-006
   9696969.69696970       1.176170357110140E-006
   9949494.94949495       7.288053407553697E-007
   10202020.2020202       4.386556921458657E-007
   10454545.4545455       2.562963194592062E-007
   10707070.7070707       1.452786265327307E-007
   10959595.9595960       7.984260076084138E-008
   11212121.2121212       4.251790019634030E-008
   11464646.4646465       2.192503009750449E-008
   11717171.7171717       1.094109997125760E-008
   11969696.9696970       5.280129681660885E-009
   12222222.2222222       2.462526266582316E-009
   12474747.4747475       1.108966263634405E-009
   12727272.7272727       4.817465987940420E-010
   12979797.9797980       2.015832664420378E-010
   13232323.2323232       8.105366638705703E-011
   13484848.4848485       3.116925530013535E-011
   13737373.7373737       1.134585978272591E-011
   13989898.9898990       3.812025487405909E-012
   14242424.2424242       1.098716960739337E-012
   14494949.4949495       1.922882189573993E-013
   14747474.7474747      -7.377305615193574E-014
   15000000.0000000       0.000000000000000E+000
