  -10000000.0000000       9.202464977094336E-015
  -9747474.74747475       2.095945310995800E-014
  -9494949.49494950       4.677281100123520E-014
  -9242424.24242424       1.022691738985601E-013
  -8989898.98989899       2.190956605627491E-013
  -8737373.73737374       4.598969778425971E-013
  -8484848.48484848       9.458561391405289E-013
  -8232323.23232323       1.906019633769712E-012
  -7979797.97979798       3.763287557192038E-012
  -7727272.72727273       7.280231521960399E-012
  -7474747.47474748       1.379941667897925E-011
  -7222222.22222222       2.562795884921161E-011
  -6969696.96969697       4.663425670635259E-011
  -6717171.71717172       8.314456235910033E-011
  -6464646.46464646       1.452447341466927E-010
  -6212121.21212121       2.486020421765505E-010
  -5959595.95959596       4.169142499907719E-010
  -5707070.70707071       6.850567321671730E-010
  -5454545.45454546       1.102920196011214E-009
  -5202020.20202020       1.739800261241653E-009
  -4949494.94949495       2.689010176001638E-009
  -4696969.69696970       4.072145163953050E-009
  -4444444.44444444       6.042154255824555E-009
  -4191919.19191919       8.784117115780778E-009
  -3939393.93939394       1.251244489733070E-008
  -3686868.68686869       1.746320652115061E-008
  -3434343.43434343       2.388050759490891E-008
  -3181818.18181818       3.199638170285644E-008
  -2929292.92929293       4.200451127660579E-008
  -2676767.67676768       5.402922706514676E-008
  -2424242.42424242       6.809250710740843E-008
  -2171717.17171717       8.408289315408327E-008
  -1919191.91919192       1.017310952213143E-007
  -1666666.66666667       1.205972890145844E-007
  -1414141.41414141       1.400745131854362E-007
  -1161616.16161616       1.594110601711660E-007
  -909090.909090910       1.777524232251838E-007
  -656565.656565657       1.942005079575156E-007
  -404040.404040404       2.078848998881648E-007
  -151515.151515152       2.180385471014085E-007
   101010.101010101       2.240687884082417E-007
   353535.353535354       2.256146018190612E-007
   606060.606060605       2.225823859438349E-007
   858585.858585859       2.151553426177798E-007
   1111111.11111111       2.037751528524765E-007
   1363636.36363636       1.890984948561503E-007
   1616161.61616162       1.719343567462327E-007
   1868686.86868687       1.531704597371416E-007
   2121212.12121212       1.336980629746102E-007
   2373737.37373737       1.143438908626336E-007
   2626262.62626263       9.581611741979217E-008
   2878787.87878788       7.866869084279159E-008
   3131313.13131313       6.328532704412726E-008
   3383838.38383838       4.988177352272073E-008
   3636363.63636364       3.852285759526178E-008
   3888888.88888889       2.914961720506716E-008
   4141414.14141414       2.161150283741135E-008
   4393939.39393939       1.569910275880758E-008
   4646464.64646465       1.117383998322503E-008
   4898989.89898990       7.792338585370226E-009
   5151515.15151515       5.324403173380035E-009
   5404040.40404040       3.564608217950165E-009
   5656565.65656566       2.338247216398503E-009
   5909090.90909091       1.502819423766887E-009
   6161616.16161616       9.463699132943454E-010
   6414141.41414141       5.839192619967210E-010
   6666666.66666667       3.530062789065786E-010
   6919191.91919192       2.090979670099992E-010
   7171717.17171717       1.213542364507643E-010
   7424242.42424243       6.900774331897721E-011
   7676767.67676768       3.844841670371951E-011
   7929292.92929293       2.098924645016226E-011
   8181818.18181818       1.122672242706358E-011
   8434343.43434343       5.883650609223884E-012
   8686868.68686869       3.021193324354559E-012
   8939393.93939394       1.520015125089529E-012
   9191919.19191919       7.492988294418952E-013
   9444444.44444444       3.619094725829674E-013
   9696969.69696970       1.712705129209604E-013
   9949494.94949495       7.941508368634989E-014
   10202020.2020202       3.607955306133548E-014
   10454545.4545455       1.606042567212461E-014
   10707070.7070707       7.004718811482899E-015
   10959595.9595960       2.993381789193750E-015
   11212121.2121212       1.253346838411214E-015
   11464646.4646465       5.141835508529296E-016
   11717171.7171717       2.066820878205367E-016
   11969696.9696970       8.140015885965244E-017
   12222222.2222222       3.141126426419646E-017
   12474747.4747475       1.187635941729196E-017
   12727272.7272727       4.399658820417596E-018
   12979797.9797980       1.596954044347730E-018
   13232323.2323232       5.679414804449571E-019
   13484848.4848485       1.979030609176706E-019
   13737373.7373737       6.756770768320672E-020
   13989898.9898990       2.260287122019185E-020
   14242424.2424242       7.408423278709854E-021
   14494949.4949495       2.379171322359215E-021
   14747474.7474747       7.486233979144557E-022
   15000000.0000000       2.308016071331425E-022
