   1020.30405060708       3.039712733508352E-023
   9182.73645546373       2.215864790509293E-020
   25507.6012651770       4.747936174233551E-019
   49994.8984797470       3.571426863757409E-018
   82644.6280991736       1.609518504287735E-017
   123456.790123457       5.341108083822311E-017
   172431.384552597       1.443951659713074E-016
   229568.411386593       3.365800022715094E-016
   294867.870625446       7.002909705900666E-016
   368329.762269156       1.329959204500761E-015
   449954.086317723       2.340371402475642E-015
   539740.842771146       3.855750621616044E-015
   637690.031629426       5.990779875100569E-015
   743801.652892562       8.825443305290931E-015
   858075.706560555       1.237983780580377E-014
   980512.192633405       1.659971432974024E-014
   1111111.11111111       2.136549474099430E-014
   1249872.46199367       2.653259004380456E-014
   1396796.24528109       3.199649704769393E-014
   1551882.46097337       3.775762083561609E-014
   1715131.10907050       4.395356950403450E-014
   1886542.18957249       5.084391260807445E-014
   2066115.70247934       5.876344427637937E-014
   2253851.64779104       6.807572596498487E-014
   2449750.02550760       7.914765372260168E-014
   2653810.83562902       9.234573666734807E-014
   2866034.07815529       1.080443397178044E-013
   3086419.75308642       1.266367720008520E-013
   3314967.86042241       1.485446346790289E-013
   3551678.40016325       1.742243639911707E-013
   3796551.37230895       2.041714361557319E-013
   4049586.77685950       2.389229611323883E-013
   4310784.61381492       2.790591840451970E-013
   4580144.88317519       3.252041605191304E-013
   4857667.58494031       3.780256994002892E-013
   5143352.71911029       4.382345672584830E-013
   5437200.28568513       5.065828921368054E-013
   5739210.28466483       5.838616669123255E-013
   6049382.71604938       6.708972242007455E-013
   6367717.57983879       7.685465299267049E-013
   6694214.87603306       8.776911191164754E-013
   7028874.60463218       9.992294739628089E-013
   7371696.76563616       1.134067620194729E-012
   7722681.35904500       1.283107693080832E-012
   8081828.38485869       1.447234199116124E-012
   8449137.84307724       1.627297673952809E-012
   8824609.73370064       1.824095412046826E-012
   9208244.05672891       2.038348919687207E-012
   9600040.81216202       2.270677721752976E-012
   10000000.0000000       2.521569135280632E-012
   10408121.6202428       2.791343611771723E-012
   10824405.6728905       3.080115247763335E-012
   11248852.1579431       3.387747072919132E-012
   11681461.0754005       3.713800751150873E-012
   12122232.4252627       4.057480378710500E-012
   12571166.2075298       4.417570141154878E-012
   13028262.4222018       4.792365708156965E-012
   13493521.0692786       5.179599413805810E-012
   13966942.1487603       5.576359506532007E-012
   14448525.6606469       5.979004078061155E-012
   14938271.6049383       6.383070721541613E-012
   15436179.9816345       6.783183558659994E-012
   15942250.7907356       7.172960055011491E-012
   16456484.0322416       7.544921060524209E-012
   16978879.7061524       7.890408821995317E-012
   17509437.8124681       8.199519376301310E-012
   18048158.3511887       8.461057804581347E-012
   18595041.3223140       8.662527367818630E-012
   19150086.7258443       8.790166621090054E-012
   19713294.5617794       8.829052348094211E-012
   20284664.8301194       8.763290933601397E-012
   20864197.5308642       8.576327690706885E-012
   21451892.6640139       8.251415863365845E-012
   22047750.2295684       7.772313538418793E-012
   22651770.2275278       7.124342784995511E-012
   23263952.6578921       6.296122688108391E-012
   23884297.5206612       5.282787595933943E-012
   24512804.8158351       4.092989247611096E-012
   25149474.5434139       2.766619934925665E-012
   25794306.7033976       1.422573916149276E-012
   26447301.2957861       3.569798102631723E-013
   27108458.3205795      -3.417043890247149E-015
   27777777.7777778       3.966730603379946E-014
   28455259.6673809      -3.694575160001838E-014
   29140903.9893888       8.647620216156588E-015
   29834710.7438017      -1.033441391014674E-015
   30536679.9306193      -2.260205451270014E-016
   31246811.5498419      -1.111224854288764E-017
   31965105.6014692      -8.229489054274763E-018
   32691562.0855015      -1.078435788811319E-017
   33426181.0019386      -9.801078599312457E-018
   34168962.3507805      -7.417484671175570E-018
   34919906.1320274      -5.658600621881561E-018
   35679012.3456790      -4.765044936388374E-018
   36446280.9917355      -4.131716213305643E-018
   37221712.0701969      -3.405752386876085E-018
   38005305.5810632      -2.580517934745853E-018
   38797061.5243343      -1.695033130699151E-018
   39596979.9000102      -7.808206040699238E-019
   40405060.7080910       0.000000000000000E+000
