  -10000000.0000000       0.000000000000000E+000
  -9797979.79797980       1.166414970295961E-008
  -9595959.59595960       3.336573858535090E-008
  -9393939.39393939       6.882236505610155E-008
  -9191919.19191919       1.231058964339212E-007
  -8989898.98989899       2.028095113322153E-007
  -8787878.78787879       3.162171049842270E-007
  -8585858.58585859       4.734282681581827E-007
  -8383838.38383838       6.863959173187430E-007
  -8181818.18181818       9.688378835492478E-007
  -7979797.97979798       1.335988770836322E-006
  -7777777.77777778       1.804167287901824E-006
  -7575757.57575758       2.390147887235341E-006
  -7373737.37373737       3.110343405751589E-006
  -7171717.17171717       3.979826118724649E-006
  -6969696.96969697       5.011236333556713E-006
  -6767676.76767677       6.213648494494744E-006
  -6565656.56565657       7.591483293987279E-006
  -6363636.36363636       9.143569571535527E-006
  -6161616.16161616       1.086247099996170E-005
  -5959595.95959596       1.273419802198096E-005
  -5757575.75757576       1.473842167308528E-005
  -5555555.55555556       1.684928736493797E-005
  -5353535.35353535       1.903688786693103E-005
  -5151515.15151515       2.126939394896890E-005
  -4949494.94949495       2.351576569026311E-005
  -4747474.74747475       2.574889721995979E-005
  -4545454.54545455       2.794901510253168E-005
  -4343434.34343434       3.010719612900328E-005
  -4141414.14141414       3.222903562660540E-005
  -3939393.93939394       3.433882174423953E-005
  -3737373.73737374       3.648509323687432E-005
  -3535353.53535354       3.874921641009253E-005
  -3333333.33333333       4.125961441598043E-005
  -3131313.13131313       4.421534462587499E-005
  -2929292.92929293       4.792314235728206E-005
  -2727272.72727273       5.285003447696053E-005
  -2525252.52525253       5.968602140839200E-005
  -2323232.32323232       6.939519198175510E-005
  -2121212.12121212       8.321145316006736E-005
  -1919191.91919192       1.025212582969826E-004
  -1717171.71717172       1.285934506691207E-004
  -1515151.51515152       1.621752771724635E-004
  -1313131.31313131       2.030483308900587E-004
  -1111111.11111111       2.496839514063306E-004
  -909090.909090910       2.991316910966856E-004
  -707070.707070708       3.472258121563649E-004
  -505050.505050506       3.891195903386010E-004
  -303030.303030305       4.200681840213688E-004
  -101010.101010101       4.362978327455512E-004
   101010.101010101       4.357518629868287E-004
   303030.303030303       4.185176633055711E-004
   505050.505050505       3.868172228407058E-004
   707070.707070706       3.445633255454127E-004
   909090.909090908       2.966019269235974E-004
   1111111.11111111       2.478370186444405E-004
   1313131.31313131       2.024452978104105E-004
   1515151.51515151       1.633402110738486E-004
   1717171.71717172       1.319652005990523E-004
   1919191.91919192       1.084119798788364E-004
   2121212.12121212       9.178490134671185E-005
   2323232.32323232       8.067524329426862E-005
   2525252.52525252       7.359255709211712E-005
   2727272.72727273       6.924587187140875E-005
   2929292.92929293       6.665371486934024E-005
   3131313.13131313       6.513141685655350E-005
   3333333.33333333       6.422318313159272E-005
   3535353.53535353       6.362775268556243E-005
   3737373.73737374       6.313968210957549E-005
   3939393.93939394       6.261031974810012E-005
   4141414.14141414       6.192502044947302E-005
   4343434.34343434       6.099173839194138E-005
   4545454.54545454       5.973692398032113E-005
   4747474.74747475       5.810570792585523E-005
   4949494.94949495       5.606412030405488E-005
   5151515.15151515       5.360159813503439E-005
   5353535.35353535       5.073245678277860E-005
   5555555.55555555       4.749546375299084E-005
   5757575.75757576       4.395118116168919E-005
   5959595.95959596       4.017727008148389E-005
   6161616.16161616       3.626237164185256E-005
   6363636.36363636       3.229940928887073E-005
   6565656.56565657       2.837916548991677E-005
   6767676.76767677       2.458481320989420E-005
   6969696.96969697       2.098781179293939E-005
   7171717.17171717       1.764530030943172E-005
   7373737.37373737       1.459890559718325E-005
   7575757.57575757       1.187475370419959E-005
   7777777.77777778       9.484423652257550E-006
   7979797.97979798       7.426584275281874E-006
   8181818.18181818       5.689080086559211E-006
   8383838.38383838       4.251261927260996E-006
   8585858.58585858       3.086385441000806E-006
   8787878.78787879       2.163926185682187E-006
   8989898.98989899       1.451688289067294E-006
   9191919.19191919       9.176169607234654E-007
   9393939.39393939       5.312651824784232E-007
   9595959.59595960       2.649146621848028E-007
   9797979.79797980       9.442610903145499E-008
   10000000.0000000       0.000000000000000E+000
