   1020.30405060708       4.362978327455512E-004
   9182.73645546373       4.362809411419205E-004
   25507.6012651770       4.361494800472505E-004
   49994.8984797470       4.357165275260053E-004
   82644.6280991736       4.347017918071426E-004
   123456.790123457       4.327387323183880E-004
   172431.384552597       4.293812276319477E-004
   229568.411386593       4.241224559606846E-004
   294867.870625446       4.164237697109111E-004
   368329.762269156       4.057581265989655E-004
   449954.086317723       3.916692958769571E-004
   539740.842771146       3.738457381875329E-004
   637690.031629426       3.522036262283239E-004
   743801.652892562       3.269674026195931E-004
   858075.706560555       2.987290655349432E-004
   980512.192633405       2.684608519634540E-004
   1111111.11111111       2.374541846107685E-004
   1249872.46199367       2.071676280195954E-004
   1396796.24528109       1.789957021122782E-004
   1551882.46097337       1.540165857526149E-004
   1715131.10907050       1.328132862784322E-004
   1886542.18957249       1.154459609332667E-004
   2066115.70247934       1.015740275682235E-004
   2253851.64779104       9.064746152363103E-005
   2449750.02550760       8.207522420713191E-005
   2653810.83562902       7.532624291766525E-005
   2866034.07815529       6.996765443964044E-005
   3086419.75308642       6.566503917375752E-005
   3314967.86042241       6.216677652834294E-005
   3551678.40016325       5.928534218183145E-005
   3796551.37230895       5.688090354765771E-005
   4049586.77685950       5.484854418318381E-005
   4310784.61381492       5.310882500921671E-005
   4580144.88317519       5.160096099736379E-005
   4857667.58494031       5.027791901209430E-005
   5143352.71911029       4.910288976667551E-005
   5437200.28568513       4.804673396278132E-005
   5739210.28466483       4.708611895009016E-005
   6049382.71604938       4.620214692913984E-005
   6367717.57983879       4.537933540294569E-005
   6694214.87603306       4.460485209503523E-005
   7028874.60463218       4.386793532033850E-005
   7371696.76563616       4.315945076241891E-005
   7722681.35904500       4.247154953146334E-005
   8081828.38485869       4.179740214519289E-005
   8449137.84307724       4.113098998038543E-005
   8824609.73370064       4.046694066534258E-005
   9208244.05672891       3.980039742372211E-005
   9600040.81216202       3.912691494948137E-005
   10000000.0000000       3.844237627547812E-005
   10408121.6202428       3.774292649224332E-005
   10824405.6728905       3.702492021730566E-005
   11248852.1579431       3.628488050758827E-005
   11681461.0754005       3.551946751849149E-005
   12122232.4252627       3.472545569492412E-005
   12571166.2075298       3.389971867020192E-005
   13028262.4222018       3.303922137775046E-005
   13493521.0692786       3.214101917092740E-005
   13966942.1487603       3.120226401640021E-005
   14448525.6606469       3.022021809111441E-005
   14938271.6049383       2.919227538330306E-005
   15436179.9816345       2.811599218178524E-005
   15942250.7907356       2.698912763772807E-005
   16456484.0322416       2.580969589547604E-005
   16978879.7061524       2.457603160216416E-005
   17509437.8124681       2.328687089848955E-005
   18048158.3511887       2.194145023656875E-005
   18595041.3223140       2.053962553929062E-005
   19150086.7258443       1.908201431685404E-005
   19713294.5617794       1.757016351302360E-005
   20284664.8301194       1.600674650272241E-005
   20864197.5308642       1.439579503598751E-005
   21451892.6640139       1.274297922861846E-005
   22047750.2295684       1.105596910250782E-005
   22651770.2275278       9.344965656473022E-006
   23263952.6578921       7.623633528198582E-006
   23884297.5206612       5.911056050046452E-006
   24512804.8158351       4.236438709395552E-006
   25149474.5434139       2.651563916827198E-006
   25794306.7033976       1.263695992831276E-006
   26447301.2957861       2.941974547477966E-007
   27108458.3205795      -2.615022582379588E-009
   27777777.7777778       2.821496750463229E-008
   28455259.6673809      -2.444647196486644E-008
   29140903.9893888       5.327542137222318E-009
   29834710.7438017      -5.932799920737901E-010
   30536679.9306193      -1.210101535970336E-010
   31246811.5498419      -5.552955169577730E-012
   31965105.6014692      -3.841349181747983E-012
   32691562.0855015      -4.705725815389783E-012
   33426181.0019386      -4.000856141071496E-012
   34168962.3507805      -2.834657758714920E-012
   34919906.1320274      -2.025952158004074E-012
   35679012.3456790      -1.599439710134043E-012
   36446280.9917355      -1.301098488244186E-012
   37221712.0701969      -1.006846765182147E-012
   38005305.5810632      -7.166606195251700E-013
   38797061.5243343      -4.425079076492538E-013
   39596979.9000102      -1.917363346160467E-013
   40405060.7080910       0.000000000000000E+000
