  -10000000.0000000       3.232035290900241E-015
  -9797979.79797980       6.381682330392520E-015
  -9595959.59595960       1.243719463012557E-014
  -9393939.39393939       2.392422292216017E-014
  -9191919.19191919       4.542358540469148E-014
  -8989898.98989899       8.512421953764450E-014
  -8787878.78787879       1.574537599741417E-013
  -8585858.58585859       2.874624283050203E-013
  -8383838.38383838       5.180089994372821E-013
  -8181818.18181818       9.213437218591553E-013
  -7979797.97979798       1.617462489992699E-012
  -7777777.77777778       2.802689044816287E-012
  -7575757.57575758       4.793401142459882E-012
  -7373737.37373737       8.091719046820470E-012
  -7171717.17171717       1.348236177159995E-011
  -6969696.96969697       2.217273765813442E-011
  -6767676.76767677       3.599157250710822E-011
  -6565656.56565657       5.766475963646717E-011
  -6363636.36363636       9.119023006995125E-011
  -6161616.16161616       1.423358495282905E-010
  -5959595.95959596       2.192847576425385E-010
  -5757575.75757576       3.334500244464012E-010
  -5555555.55555556       5.004736572593396E-010
  -5353535.35353535       7.414124141700575E-010
  -5151515.15151515       1.084093261873997E-009
  -4949494.94949495       1.564593773801544E-009
  -4747474.74747475       2.228767218019983E-009
  -4545454.54545455       3.133689669567853E-009
  -4343434.34343434       4.348859946622326E-009
  -4141414.14141414       5.956937154362172E-009
  -3939393.93939394       8.053761714891485E-009
  -3737373.73737374       1.074738223136334E-008
  -3535353.53535354       1.415581162349389E-008
  -3333333.33333333       1.840327075081559E-008
  -3131313.13131313       2.361475354623808E-008
  -2929292.92929293       2.990886829992449E-008
  -2727272.72727273       3.738907357520416E-008
  -2525252.52525253       4.613362587672596E-008
  -2323232.32323232       5.618477362881312E-008
  -2121212.12121212       6.753794506459724E-008
  -1919191.91919192       8.013185760456266E-008
  -1717171.71717172       9.384059218705749E-008
  -1515151.51515152       1.084686986987831E-007
  -1313131.31313131       1.237503059080587E-007
  -1111111.11111111       1.393529906197839E-007
  -909090.909090910       1.548868212220960E-007
  -707070.707070708       1.699185530132642E-007
  -505050.505050506       1.839904562870759E-007
  -303030.303030305       1.966427562295394E-007
  -101010.101010101       2.074382167198539E-007
   101010.101010101       2.159870678827676E-007
   303030.303030303       2.219703098520433E-007
   505050.505050505       2.251594550287997E-007
   707070.707070706       2.254310066830610E-007
   909090.909090908       2.227743950711418E-007
   1111111.11111111       2.172926601560516E-007
   1313131.31313131       2.091958194596877E-007
   1515151.51515151       1.987875161026991E-007
   1717171.71717172       1.864461302651566E-007
   1919191.91919192       1.726019912475649E-007
   2121212.12121212       1.577125996774199E-007
   2323232.32323232       1.422378373389696E-007
   2525252.52525252       1.266170093270322E-007
   2727272.72727273       1.112492580633171E-007
   2929292.92929293       9.647845859716956E-008
   3131313.13131313       8.258320818560582E-008
   3333333.33333333       6.977202140615053E-008
   3535353.53535353       5.818339000709641E-008
   3737373.73737374       4.789000678674236E-008
   3939393.93939394       3.890621090916827E-008
   4141414.14141414       3.119759644382701E-008
   4343434.34343434       2.469172868205337E-008
   4545454.54545454       1.928901351926528E-008
   4747474.74747475       1.487293568042894E-008
   4949494.94949495       1.131909078338834E-008
   5151515.15151515       8.502654800979322E-009
   5353535.35353535       6.304138021621876E-009
   5555555.55555555       4.613441727593882E-009
   5757575.75757576       3.332364712227343E-009
   5959595.95959596       2.375790686167877E-009
   6161616.16161616       1.671829502930838E-009
   6363636.36363636       1.161191787412647E-009
   6565656.56565657       7.960568563657444E-010
   6767676.76767677       5.386570892000655E-010
   6969696.96969697       3.597566525962924E-010
   7171717.17171717       2.371556350519264E-010
   7373737.37373737       1.543072118567603E-010
   7575757.57575757       9.909851828313508E-011
   7777777.77777778       6.281686508107278E-011
   7979797.97979798       3.930189741524889E-011
   8181818.18181818       2.427051197471225E-011
   8383838.38383838       1.479355390764082E-011
   8585858.58585858       8.900087177339788E-012
   8787878.78787879       5.284989924224281E-012
   8989898.98989899       3.097577833111932E-012
   9191919.19191919       1.791960584703578E-012
   9393939.39393939       1.023205436562554E-012
   9595959.59595960       5.766673807349395E-013
   9797979.79797980       3.207865083334695E-013
   10000000.0000000       1.761306604707902E-013
