  5.000000000000000E-003   63.4609196308493     
  1.000000000000000E-002   73.0326303700085     
  1.500000000000000E-002   79.4201892124714     
  2.000000000000000E-002   83.6359843299216     
  2.500000000000000E-002   86.4610100836645     
  3.000000000000000E-002   88.4028752886357     
  3.500000000000000E-002   89.7749689295337     
  4.000000000000000E-002   90.7700784282641     
  4.500000000000000E-002   91.5087527637496     
  5.000000000000000E-002   92.0682020117112     
  5.500000000000000E-002   92.4991876890057     
  6.000000000000000E-002   92.8359535376375     
  6.500000000000000E-002   93.1021687107893     
  7.000000000000001E-002   93.3145648067844     
  7.500000000000000E-002   93.4852147879071     
  8.000000000000000E-002   93.6229946119070     
  8.500000000000001E-002   93.7345418101732     
  9.000000000000000E-002   93.8248974574093     
  9.500000000000000E-002   93.8979445750076     
  0.100000000000000        93.9567129817803     
  0.105000000000000        94.0035948530064     
  0.110000000000000        94.0404995176482     
  0.115000000000000        94.0689662232704     
  0.120000000000000        94.0902473772640     
  0.125000000000000        94.1053707535836     
  0.130000000000000        94.1151865135432     
  0.135000000000000        94.1204031269675     
  0.140000000000000        94.1216150864759     
  0.145000000000000        94.1193244881232     
  0.150000000000000        94.1139579814700     
  0.155000000000000        94.1058801906697     
  0.160000000000000        94.0954044221426     
  0.165000000000000        94.0828012684714     
  0.170000000000000        94.0683055683312     
  0.175000000000000        94.0521220722171     
  0.180000000000000        94.0344300821851     
  0.185000000000000        94.0153872728292     
  0.190000000000000        93.9951328547722     
  0.195000000000000        93.9737902070298     
  0.200000000000000        93.9514690779066     
  0.205000000000000        93.9282674335004     
  0.210000000000000        93.9042730169289     
  0.215000000000000        93.8795646689408     
  0.220000000000000        93.8542134507913     
  0.225000000000000        93.8282836025302     
  0.230000000000000        93.8018333637337     
  0.235000000000000        93.7749156787945     
  0.240000000000000        93.7475788049751     
  0.245000000000000        93.7198668382504     
  0.250000000000000        93.6918201694106     
  0.255000000000000        93.6634758807988     
  0.260000000000000        93.6348680923642     
  0.265000000000000        93.6060282643055     
  0.270000000000000        93.5769854624305     
  0.275000000000000        93.5477665914055     
  0.280000000000000        93.5183966002760     
  0.285000000000000        93.4888986639844     
  0.290000000000000        93.4592943440578     
  0.295000000000000        93.4296037311782     
  0.300000000000000        93.3998455719597     
  0.305000000000000        93.3700373819307     
  0.310000000000000        93.3401955464369     
  0.315000000000000        93.3103354109543     
  0.320000000000000        93.2804713620897     
  0.325000000000000        93.2506169003875     
  0.330000000000000        93.2207847059043     
  0.335000000000000        93.1909866973952     
  0.340000000000000        93.1612340858440     
  0.345000000000000        93.1315374229781     
  0.350000000000000        93.1019066453276     
  0.355000000000000        93.0723511143198     
  0.360000000000000        93.0428796528421     
  0.365000000000000        93.0135005786482     
  0.370000000000000        92.9842217349451     
  0.375000000000000        92.9550505184526     
  0.380000000000000        92.9259939051963     
  0.385000000000000        92.8970584742638     
  0.390000000000000        92.8682504297277     
  0.395000000000000        92.8395756209146     
  0.400000000000000        92.8110395611828     
  0.405000000000000        92.7826474453502     
  0.410000000000000        92.7544041658985     
  0.415000000000000        92.7263143280698     
  0.420000000000000        92.6983822639525     
  0.425000000000000        92.6706120456532     
  0.430000000000000        92.6430074976285     
  0.435000000000000        92.6155722082557     
  0.440000000000000        92.5883095407033     
  0.445000000000000        92.5612226431622     
  0.450000000000000        92.5343144584895     
  0.455000000000000        92.5075877333128     
  0.460000000000000        92.4810450266370     
  0.465000000000000        92.4546887179916     
  0.470000000000000        92.4285210151575     
  0.475000000000000        92.4025439614987     
  0.480000000000000        92.3767594429311     
  0.485000000000000        92.3511691945550     
  0.490000000000000        92.3257748069714     
  0.495000000000000        92.3005777323074     
  0.500000000000000        92.2755792899651     
  0.505000000000000        92.2507806721174     
  0.510000000000000        92.2261829489626     
  0.515000000000000        92.2017870737527     
  0.520000000000000        92.1775938876116     
  0.525000000000000        92.1536041241527     
  0.530000000000000        92.1298184139080     
  0.535000000000000        92.1062372885801     
  0.540000000000000        92.0828611851238     
  0.545000000000000        92.0596904496707     
  0.550000000000000        92.0367253412992     
  0.555000000000000        92.0139660356628     
  0.560000000000000        91.9914126284791     
  0.565000000000000        91.9690651388893     
  0.570000000000000        91.9469235126925     
  0.575000000000000        91.9249876254589     
  0.580000000000000        91.9032572855314     
  0.585000000000000        91.8817322369163     
  0.590000000000000        91.8604121620685     
  0.595000000000000        91.8392966845760     
  0.600000000000000        91.8183853717486     
  0.605000000000000        91.7976777371127     
  0.610000000000000        91.7771732428154     
  0.615000000000000        91.7568713019434     
  0.620000000000000        91.7367712807587     
  0.625000000000000        91.7168725008524     
  0.630000000000000        91.6971742412230     
  0.635000000000000        91.6776757402784     
  0.640000000000000        91.6583761977663     
  0.645000000000000        91.6392747766359     
  0.650000000000000        91.6203706048300     
  0.655000000000000        91.6016627770156     
  0.660000000000000        91.5831503562492     
  0.665000000000000        91.5648323755835     
  0.670000000000000        91.5467078396154     
  0.675000000000000        91.5287757259777     
  0.680000000000000        91.5110349867781     
  0.685000000000000        91.4934845499848     
  0.690000000000000        91.4761233207629     
  0.695000000000000        91.4589501827617     
  0.700000000000000        91.4419639993566     
  0.705000000000000        91.4251636148454     
  0.710000000000000        91.4085478556017     
  0.715000000000000        91.3921155311851     
  0.720000000000000        91.3758654354143     
  0.725000000000000        91.3597963473972     
  0.730000000000000        91.3439070325264     
  0.735000000000000        91.3281962434374     
  0.740000000000000        91.3126627209297     
  0.745000000000000        91.2973051948563     
  0.750000000000000        91.2821223849784     
  0.755000000000000        91.2671130017886     
  0.760000000000000        91.2522757473016     
  0.765000000000000        91.2376093158165     
  0.770000000000000        91.2231123946476     
  0.775000000000000        91.2087836648279     
  0.780000000000000        91.1946218017862     
  0.785000000000000        91.1806254759937     
  0.790000000000000        91.1667933535887     
  0.795000000000000        91.1531240969731     
  0.800000000000000        91.1396163653883     
  0.805000000000000        91.1262688154638     
  0.810000000000000        91.1130801017469     
  0.815000000000000        91.1000488772085     
  0.820000000000000        91.0871737937300     
  0.825000000000000        91.0744535025691     
  0.830000000000000        91.0618866548073     
  0.835000000000000        91.0494719017790     
  0.840000000000000        91.0372078954827     
  0.845000000000000        91.0250932889767     
  0.850000000000000        91.0131267367574     
  0.855000000000000        91.0013068951219     
  0.860000000000000        90.9896324225180     
  0.865000000000000        90.9781019798765     
  0.870000000000000        90.9667142309330     
  0.875000000000000        90.9554678425330     
  0.880000000000000        90.9443614849272     
  0.885000000000000        90.9333938320509     
  0.890000000000000        90.9225635617940     
  0.895000000000000        90.9118693562573     
  0.900000000000000        90.9013099019974     
  0.905000000000000        90.8908838902603     
  0.910000000000000        90.8805900172041     
  0.915000000000000        90.8704269841109     
  0.920000000000000        90.8603934975881     
  0.925000000000000        90.8504882697592     
  0.930000000000000        90.8407100184459     
  0.935000000000000        90.8310574673397     
  0.940000000000000        90.8215293461649     
  0.945000000000000        90.8121243908328     
  0.950000000000000        90.8028413435880     
  0.955000000000000        90.7936789531462     
  0.960000000000000        90.7846359748253     
  0.965000000000000        90.7757111706683     
  0.970000000000000        90.7669033095605     
  0.975000000000000        90.7582111673410     
  0.980000000000000        90.7496335269052     
  0.985000000000000        90.7411691783058     
  0.990000000000000        90.7328169188447     
  0.995000000000000        90.7245755531624     
   1.00000000000000        90.7164438933203     
   1.00500000000000        90.7084207588811     
   1.01000000000000        90.7005049769806     
   1.01500000000000        90.6926953823992     
   1.02000000000000        90.6849908176255     
   1.02500000000000        90.6773901329187     
   1.03000000000000        90.6698921863632     
   1.03500000000000        90.6624958439231     
   1.04000000000000        90.6551999794878     
   1.04500000000000        90.6480034749191     
   1.05000000000000        90.6409052200882     
   1.05500000000000        90.6339041129127     
   1.06000000000000        90.6269990593893     
   1.06500000000000        90.6201889736209     
   1.07000000000000        90.6134727778418     
   1.07500000000000        90.6068494024379     
   1.08000000000000        90.6003177859651     
   1.08500000000000        90.5938768751631     
   1.09000000000000        90.5875256249672     
   1.09500000000000        90.5812629985175     
   1.10000000000000        90.5750879671639     
   1.10500000000000        90.5689995104711     
   1.11000000000000        90.5629966162200     
   1.11500000000000        90.5570782804075     
   1.12000000000000        90.5512435072452     
   1.12500000000000        90.5454913091551     
   1.13000000000000        90.5398207067653     
   1.13500000000000        90.5342307289039     
   1.14000000000000        90.5287204125908     
   1.14500000000000        90.5232888030299     
   1.15000000000000        90.5179349535980     
   1.15500000000000        90.5126579258340     
   1.16000000000000        90.5074567894266     
   1.16500000000000        90.5023306221997     
   1.17000000000000        90.4972785100976     
   1.17500000000000        90.4922995471676     
   1.18000000000000        90.4873928355424     
   1.18500000000000        90.4825574854199     
   1.19000000000000        90.4777926150417     
   1.19500000000000        90.4730973506701     
   1.20000000000000        90.4684708265637     
   1.20500000000000        90.4639121849509     
   1.21000000000000        90.4594205760028     
   1.21500000000000        90.4549951578031     
   1.22000000000000        90.4506350963197     
   1.22500000000000        90.4463395653703     
   1.23000000000000        90.4421077465928     
   1.23500000000000        90.4379388294103     
   1.24000000000000        90.4338320109964     
   1.24500000000000        90.4297864962421     
   1.25000000000000        90.4258014977188     
   1.25500000000000        90.4218762356440     
   1.26000000000000        90.4180099378447     
   1.26500000000000        90.4142018397215     
   1.27000000000000        90.4104511842132     
   1.27500000000000        90.4067572217601     
   1.28000000000000        90.4031192102680     
   1.28500000000000        90.3995364150716     
   1.29000000000000        90.3960081088990     
   1.29500000000000        90.3925335718347     
   1.30000000000000        90.3891120912825     
   1.30500000000000        90.3857429619291     
   1.31000000000000        90.3824254857063     
   1.31500000000000        90.3791589717526     
   1.32000000000000        90.3759427363754     
   1.32500000000000        90.3727761030106     
   1.33000000000000        90.3696584021832     
   1.33500000000000        90.3665889714662     
   1.34000000000000        90.3635671554396     
   1.34500000000000        90.3605923056469     
   1.35000000000000        90.3576637805528     
   1.35500000000000        90.3547809454997     
   1.36000000000000        90.3519431726629     
   1.36500000000000        90.3491498410053     
   1.37000000000000        90.3464003362336     
   1.37500000000000        90.3436940507519     
   1.38000000000000        90.3410303836165     
   1.38500000000000        90.3384087404904     
   1.39000000000000        90.3358285335978     
   1.39500000000000        90.3332891816798     
   1.40000000000000        90.3307901099476     
   1.40500000000000        90.3283307500402     
   1.41000000000000        90.3259105399787     
   1.41500000000000        90.3235289241230     
   1.42000000000000        90.3211853531286     
   1.42500000000000        90.3188792839029     
   1.43000000000000        90.3166101795629     
   1.43500000000000        90.3143775093921     
   1.44000000000000        90.3121807487981     
   1.44500000000000        90.3100193792694     
   1.45000000000000        90.3078928883331     
   1.45500000000000        90.3058007695119     
   1.46000000000000        90.3037425222801     
   1.46500000000000        90.3017176520207     
   1.47000000000000        90.2997256699804     
   1.47500000000000        90.2977660932254     
   1.48000000000000        90.2958384445961     
   1.48500000000000        90.2939422526613     
   1.49000000000000        90.2920770516723     
   1.49500000000000        90.2902423815168     
   1.50000000000000        90.2884377876714     
   1.50500000000000        90.2866628211552     
   1.51000000000000        90.2849170384827     
   1.51500000000000        90.2832000016167     
   1.52000000000000        90.2815112779219     
   1.52500000000000        90.2798504401174     
   1.53000000000000        90.2782170662315     
   1.53500000000000        90.2766107395551     
   1.54000000000000        90.2750310485968     
   1.54500000000000        90.2734775870379     
   1.55000000000000        90.2719499536875     
   1.55500000000000        90.2704477524400     
   1.56000000000000        90.2689705922306     
   1.56500000000000        90.2675180869929     
   1.57000000000000        90.2660898556168     
   1.57500000000000        90.2646855219052     
   1.58000000000000        90.2633047145332     
   1.58500000000000        90.2619470670047     
   1.59000000000000        90.2606122176120     
   1.59500000000000        90.2592998093922     
   1.60000000000000        90.2580094900857     
   1.60500000000000        90.2567409120933     
   1.61000000000000        90.2554937324334     
   1.61500000000000        90.2542676126987     
   1.62000000000000        90.2530622190127     
   1.62500000000000        90.2518772219850     
   1.63000000000000        90.2507122966687     
   1.63500000000000        90.2495671225142     
   1.64000000000000        90.2484413833261     
   1.64500000000000        90.2473347672177     
   1.65000000000000        90.2462469665672     
   1.65500000000000        90.2451776779728     
   1.66000000000000        90.2441266022091     
   1.66500000000000        90.2430934441834     
   1.67000000000000        90.2420779128923     
   1.67500000000000        90.2410797213794     
   1.68000000000000        90.2400985866931     
   1.68500000000000        90.2391342298451     
   1.69000000000000        90.2381863757700     
   1.69500000000000        90.2372547532846     
   1.70000000000000        90.2363390950482     
   1.70500000000000        90.2354391375238     
   1.71000000000000        90.2345546209393     
   1.71500000000000        90.2336852892490     
   1.72000000000000        90.2328308900954     
   1.72500000000000        90.2319911747706     
   1.73000000000000        90.2311658981798     
   1.73500000000000        90.2303548188012     
   1.74000000000000        90.2295576986494     
   1.74500000000000        90.2287743032360     
   1.75000000000000        90.2280044015318     
   1.75500000000000        90.2272477659270     
   1.76000000000000        90.2265041721934     
   1.76500000000000        90.2257733994436     
   1.77000000000000        90.2250552300927     
   1.77500000000000        90.2243494498181     
   1.78000000000000        90.2236558475208     
   1.78500000000000        90.2229742152851     
   1.79000000000000        90.2223043483398     
   1.79500000000000        90.2216460450193     
   1.80000000000000        90.2209991067247     
   1.80500000000000        90.2203633378868     
   1.81000000000000        90.2197385459269     
   1.81500000000000        90.2191245412220     
   1.82000000000000        90.2185211370663     
   1.82500000000000        90.2179281496383     
   1.83000000000000        90.2173453979633     
   1.83500000000000        90.2167727038815     
   1.84000000000000        90.2162098920122     
   1.84500000000000        90.2156567897226     
   1.85000000000000        90.2151132270939     
   1.85500000000000        90.2145790368894     
   1.86000000000000        90.2140540545225     
   1.86500000000000        90.2135381180244     
   1.87000000000000        90.2130310680130     
   1.87500000000000        90.2125327476598     
   1.88000000000000        90.2120430026593     
   1.88500000000000        90.2115616811964     
   1.89000000000000        90.2110886339135     
   1.89500000000000        90.2106237138792     
   1.90000000000000        90.2101667765551     
   1.90500000000000        90.2097176797633     
   1.91000000000000        90.2092762836537     
   1.91500000000000        90.2088424506708     
   1.92000000000000        90.2084160455225     
   1.92500000000000        90.2079969351451     
   1.93000000000000        90.2075849886744     
   1.93500000000000        90.2071800774107     
   1.94000000000000        90.2067820747896     
   1.94500000000000        90.2063908563504     
   1.95000000000000        90.2060062997059     
   1.95500000000000        90.2056282845137     
   1.96000000000000        90.2052566924455     
   1.96500000000000        90.2048914071608     
   1.97000000000000        90.2045323142791     
   1.97500000000000        90.2041793013516     
   1.98000000000000        90.2038322578369     
   1.98500000000000        90.2034910750737     
   1.99000000000000        90.2031556462565     
   1.99500000000000        90.2028258664098     
   2.00000000000000        90.2025016323637     
   2.00500000000000        90.2021828427291     
   2.01000000000000        90.2018693978735     
   2.01500000000000        90.2015611998957     
   2.02000000000000        90.2012581526020     
   2.02500000000000        90.2009601614808     
   2.03000000000000        90.2006671336774     
   2.03500000000000        90.2003789779703     
   2.04000000000000        90.2000956047442     
   2.04500000000000        90.1998169259661     
   2.05000000000000        90.1995428551595     
   2.05500000000000        90.1992733073789     
   2.06000000000000        90.1990081991854     
   2.06500000000000        90.1987474486212     
   2.07000000000000        90.1984909751853     
   2.07500000000000        90.1982386998090     
   2.08000000000000        90.1979905448325     
   2.08500000000000        90.1977464339821     
   2.09000000000000        90.1975062923467     
   2.09500000000000        90.1972700463568     
   2.10000000000000        90.1970376237627     
   2.10500000000000        90.1968089536143     
   2.11000000000000        90.1965839662405     
   2.11500000000000        90.1963625932309     
   2.12000000000000        90.1961447674157     
   2.12500000000000        90.1959304228482     
   2.13000000000000        90.1957194947862     
   2.13500000000000        90.1955119196747     
   2.14000000000000        90.1953076351279     
   2.14500000000000        90.1951065799120     
   2.15000000000000        90.1949086939271     
   2.15500000000000        90.1947139181909     
   2.16000000000000        90.1945221948192     
   2.16500000000000        90.1943334670102     
   2.17000000000000        90.1941476790249     
   2.17500000000000        90.1939647761702     
   2.18000000000000        90.1937847047790     
   2.18500000000000        90.1936074121944     
   2.19000000000000        90.1934328467489     
   2.19500000000000        90.1932609577479     
   2.20000000000000        90.1930916954505     
   2.20500000000000        90.1929250110518     
   2.21000000000000        90.1927608566656     
   2.21500000000000        90.1925991853072     
   2.22000000000000        90.1924399508757     
   2.22500000000000        90.1922831081395     
   2.23000000000000        90.1921286127184     
   2.23500000000000        90.1919764210705     
   2.24000000000000        90.1918264904763     
   2.24500000000000        90.1916787790255     
   2.25000000000000        90.1915332456033     
   2.25500000000000        90.1913898498781     
   2.26000000000000        90.1912485522884     
   2.26500000000000        90.1911093140306     
   2.27000000000000        90.1909720970482     
   2.27500000000000        90.1908368640194     
   2.28000000000000        90.1907035783458     
   2.28500000000000        90.1905722041408     
   2.29000000000000        90.1904427062189     
   2.29500000000000        90.1903150500825     
   2.30000000000000        90.1901892019116     
   2.30500000000000        90.1900651285511     
   2.31000000000000        90.1899427974988     
   2.31500000000000        90.1898221768928     
   2.32000000000000        90.1897032354995     
   2.32500000000000        90.1895859427006     
   2.33000000000000        90.1894702684807     
   2.33500000000000        90.1893561834142     
   2.34000000000000        90.1892436586538     
   2.34500000000000        90.1891326659171     
   2.35000000000000        90.1890231774750     
   2.35500000000000        90.1889151661408     
   2.36000000000000        90.1888086052577     
   2.36500000000000        90.1887034686888     
   2.37000000000000        90.1885997308063     
   2.37500000000000        90.1884973664829     
   2.38000000000000        90.1883963510813     
   2.38500000000000        90.1882966604459     
   2.39000000000000        90.1881982708949     
   2.39500000000000        90.1881011592123     
   2.40000000000000        90.1880053026401     
   2.40500000000000        90.1879106788716     
   2.41000000000000        90.1878172660443     
   2.41500000000000        90.1877250427329     
   2.42000000000000        90.1876339879418     
   2.42500000000000        90.1875440810995     
   2.43000000000000        90.1874553020505     
   2.43500000000000        90.1873676310484     
   2.44000000000000        90.1872810487483     
   2.44500000000000        90.1871955361997     
   2.45000000000000        90.1871110748376     
   2.45500000000000        90.1870276464752     
   2.46000000000000        90.1869452332955     
   2.46500000000000        90.1868638178426     
   2.47000000000000        90.1867833830137     
   2.47500000000000        90.1867039120500     
   2.48000000000000        90.1866253885293     
   2.48500000000000        90.1865477963569     
   2.49000000000000        90.1864711197581     
   2.49500000000000        90.1863953432707     
   2.50000000000000        90.1863204517375     
   2.52500000000000        90.1859625152356     
   2.55000000000000        90.1856240127419     
   2.57500000000000        90.1853034447183     
   2.60000000000000        90.1849994547311     
   2.62500000000000        90.1847108155126     
   2.65000000000000        90.1844364154937     
   2.67500000000000        90.1841752466950     
   2.70000000000000        90.1839263944558     
   2.72500000000000        90.1836890286535     
   2.75000000000000        90.1834623957186     
   2.77500000000000        90.1832458110208     
   2.80000000000000        90.1830386516636     
   2.82500000000000        90.1828403499541     
   2.85000000000000        90.1826503877140     
   2.87500000000000        90.1824682913457     
   2.90000000000000        90.1822936274311     
   2.92500000000000        90.1821259986758     
   2.95000000000000        90.1819650401592     
   2.97500000000000        90.1818104159370     
   3.00000000000000        90.1816618160422     
   3.02500000000000        90.1815189538593     
   3.05000000000000        90.1813815638029     
   3.07500000000000        90.1812493992178     
   3.10000000000000        90.1811222304719     
   3.12500000000000        90.1809998432365     
   3.15000000000000        90.1808820369615     
   3.17500000000000        90.1807686235357     
   3.20000000000000        90.1806594261047     
   3.22500000000000        90.1805542780156     
   3.25000000000000        90.1804530218691     
   3.27500000000000        90.1803555086701     
   3.30000000000000        90.1802615970734     
   3.32500000000000        90.1801711527204     
   3.35000000000000        90.1800840476530     
   3.37500000000000        90.1800001597943     
   3.40000000000000        90.1799193724846     
   3.42500000000000        90.1798415740670     
   3.45000000000000        90.1797666575195     
   3.47500000000000        90.1796945201290     
   3.50000000000000        90.1796250632029     
   3.52500000000000        90.1795581918130     
   3.55000000000000        90.1794938145660     
   3.57500000000000        90.1794318433985     
   3.60000000000000        90.1793721933934     
   3.62500000000000        90.1793147826142     
   3.65000000000000        90.1792595319580     
   3.67500000000000        90.1792063650229     
   3.70000000000000        90.1791552079876     
   3.72500000000000        90.1791059895015     
   3.75000000000000        90.1790586405844     
   3.77500000000000        90.1790130945359     
   3.80000000000000        90.1789692868503     
   3.82500000000000        90.1789271551397     
   3.85000000000000        90.1788866390606     
   3.87500000000000        90.1788476802480     
   3.90000000000000        90.1788102222505     
   3.92500000000000        90.1787742104716     
   3.95000000000000        90.1787395921122     
   3.97500000000000        90.1787063161177     
   4.00000000000000        90.1786743331252     
   4.02500000000000        90.1786435954161     
   4.05000000000000        90.1786140568670     
   4.07500000000000        90.1785856729042     
   4.10000000000000        90.1785584004600     
   4.12500000000000        90.1785321979285     
   4.15000000000000        90.1785070251247     
   4.17500000000000        90.1784828432430     
   4.20000000000000        90.1784596148181     
   4.22500000000000        90.1784373036855     
   4.25000000000000        90.1784158749439     
   4.27500000000000        90.1783952949176     
   4.30000000000000        90.1783755311207     
   4.32500000000000        90.1783565522214     
   4.35000000000000        90.1783383280059     
   4.37500000000000        90.1783208293472     
   4.40000000000000        90.1783040281684     
   4.42500000000000        90.1782878974114     
   4.45000000000000        90.1782724110063     
   4.47500000000000        90.1782575438375     
   4.50000000000000        90.1782432717149     
   4.52500000000000        90.1782295713432     
   4.55000000000000        90.1782164202933     
   4.57500000000000        90.1782037969732     
   4.60000000000000        90.1781916806004     
   4.62500000000000        90.1781800511746     
   4.65000000000000        90.1781688894513     
   4.67500000000000        90.1781581769165     
   4.70000000000000        90.1781478957602     
   4.72500000000000        90.1781380288540     
   4.75000000000000        90.1781285597250     
   4.77500000000000        90.1781194725345     
   4.80000000000000        90.1781107520548     
   4.82500000000000        90.1781023836472     
   4.85000000000000        90.1780943532412     
   4.87500000000000        90.1780866473136     
   4.90000000000000        90.1780792528688     
   4.92500000000000        90.1780721574197     
   4.95000000000000        90.1780653489683     
   4.97500000000000        90.1780588159883     
   5.00000000000000        90.1780525474067     
   5.02500000000000        90.1780465325877     
   5.05000000000000        90.1780407613162     
   5.07500000000000        90.1780352237809     
   5.10000000000000        90.1780299105603     
   5.12500000000000        90.1780248126070     
   5.15000000000000        90.1780199212337     
   5.17500000000000        90.1780152280991     
   5.20000000000000        90.1780107251954     
   5.22500000000000        90.1780064048341     
   5.25000000000000        90.1780022596348     
   5.27500000000000        90.1779982825127     
   5.30000000000000        90.1779944666670     
   5.32500000000000        90.1779908055696     
   5.35000000000000        90.1779872929556     
   5.37500000000000        90.1779839228112     
   5.40000000000000        90.1779806893648     
   5.42500000000000        90.1779775870778     
   5.45000000000000        90.1779746106347     
   5.47500000000000        90.1779717549339     
   5.50000000000000        90.1779690150803     
   5.52500000000000        90.1779663863766     
   5.55000000000000        90.1779638643149     
   5.57500000000000        90.1779614445696     
   5.60000000000000        90.1779591229905     
   5.62500000000000        90.1779568955953     
   5.65000000000000        90.1779547585624     
   5.67500000000000        90.1779527082253     
   5.70000000000000        90.1779507410665     
   5.72500000000000        90.1779488537103     
   5.75000000000000        90.1779470429181     
   5.77500000000000        90.1779453055829     
   5.80000000000000        90.1779436387235     
   5.82500000000000        90.1779420394795     
   5.85000000000000        90.1779405051068     
   5.87500000000000        90.1779390329724     
   5.90000000000000        90.1779376205506     
   5.92500000000000        90.1779362654175     
   5.95000000000000        90.1779349652484     
   5.97500000000000        90.1779337178122     
   6.00000000000000        90.1779325209693     
   6.02500000000000        90.1779313726661     
   6.05000000000000        90.1779302709326     
   6.07500000000000        90.1779292138794     
   6.10000000000000        90.1779281996930     
   6.12500000000000        90.1779272266339     
   6.15000000000000        90.1779262930336     
   6.17500000000000        90.1779253972906     
   6.20000000000000        90.1779245378691     
   6.22500000000000        90.1779237132951     
   6.25000000000000        90.1779229221552     
