# time[s]   eps[1/s]   eps_tail[1/s]   eps_shape[1/s]   eps_tail_shape[1/s]
   5.0000000E-01   2.0552278E+00   7.8632947E-01   1.4053677E+00   7.8555717E-01
   7.5000000E-01   4.0215684E-01   2.9924705E-01   3.4707028E-01   2.4928604E-01
   1.0000000E+00   1.8526804E-01   1.5872761E-01   1.7710671E-01   1.0883325E-01
   1.2500000E+00   1.0210115E-01   8.3027275E-02   1.0094133E-01   5.0498569E-02
   1.5000000E+00   5.5302174E-02   4.3220638E-02   5.5112457E-02   2.4030443E-02
   1.7500000E+00   2.7902455E-02   2.3203461E-02   2.7744426E-02   1.1878827E-02
   2.0000000E+00   1.3488739E-02   1.3711516E-02   1.2915603E-02   6.2387072E-03
   2.2500000E+00   7.7426296E-03   9.5395531E-03   5.8797984E-03   3.5155339E-03
   2.5000000E+00   6.5089041E-03   7.8686676E-03   2.8894501E-03   2.0997804E-03
   3.7500000E+00   6.6941806E-03   7.0557344E-03   8.0702949E-04   6.5171727E-04
   5.0000000E+00   6.9020878E-03   6.9453073E-03   1.0419365E-04   8.0722625E-05
   6.2500000E+00   6.9287142E-03   6.9343955E-03   1.3298490E-05   1.0242850E-05
