  5.000000000000000E-003   21.3511757100538     
  1.000000000000000E-002   21.6728296266772     
  1.500000000000000E-002   21.9837028920145     
  2.000000000000000E-002   22.2691386666308     
  2.500000000000000E-002   22.5246048227051     
  3.000000000000000E-002   22.7507749122308     
  3.500000000000000E-002   22.9504034742228     
  4.000000000000000E-002   23.1267828217775     
  4.500000000000000E-002   23.2830872738298     
  5.000000000000000E-002   23.4221404312361     
  5.500000000000000E-002   23.5463664835266     
  6.000000000000000E-002   23.6578143152536     
  6.500000000000000E-002   23.7582054145242     
  7.000000000000001E-002   23.8489851284489     
  7.500000000000000E-002   23.9313694923106     
  8.000000000000000E-002   24.0063853261704     
  8.500000000000001E-002   24.0749035312007     
  9.000000000000000E-002   24.1376663349545     
  9.500000000000000E-002   24.1953094433207     
  0.100000000000000        24.2483800207604     
  0.105000000000000        24.2973512997484     
  0.110000000000000        24.3426344832740     
  0.115000000000000        24.3845884775356     
  0.120000000000000        24.4235278840868     
  0.125000000000000        24.4597295925103     
  0.130000000000000        24.4934382441156     
  0.135000000000000        24.5248707813024     
  0.140000000000000        24.5542202532571     
  0.145000000000000        24.5816590141030     
  0.150000000000000        24.6073414224605     
  0.155000000000000        24.6314061299856     
  0.160000000000000        24.6539780295608     
  0.165000000000000        24.6751699204248     
  0.170000000000000        24.6950839368806     
  0.175000000000000        24.7138127787143     
  0.180000000000000        24.7314407746374     
  0.185000000000000        24.7480448045754     
  0.190000000000000        24.7636951021775     
  0.195000000000000        24.7784559553225     
  0.200000000000000        24.7923863194475     
  0.205000000000000        24.8055403561240     
  0.210000000000000        24.8179679073222     
  0.215000000000000        24.8297149141757     
  0.220000000000000        24.8408237877028     
  0.225000000000000        24.8513337378201     
  0.230000000000000        24.8612810660445     
  0.235000000000000        24.8706994264972     
  0.240000000000000        24.8796200591626     
  0.245000000000000        24.8880719988031     
  0.250000000000000        24.8960822624585     
  0.255000000000000        24.9036760180651     
  0.260000000000000        24.9108767363891     
  0.265000000000000        24.9177063281812     
  0.270000000000000        24.9241852682167     
  0.275000000000000        24.9303327076681     
  0.280000000000000        24.9361665760830     
  0.285000000000000        24.9417036740784     
  0.290000000000000        24.9469597577308     
  0.295000000000000        24.9519496155240     
  0.300000000000000        24.9566871386137     
  0.305000000000000        24.9611853850837     
  0.310000000000000        24.9654566387874     
  0.315000000000000        24.9695124633033     
  0.320000000000000        24.9733637514767     
  0.325000000000000        24.9770207709639     
  0.330000000000000        24.9804932061533     
  0.335000000000000        24.9837901967980     
  0.340000000000000        24.9869203736578     
  0.345000000000000        24.9898918914185     
  0.350000000000000        24.9927124591304     
  0.355000000000000        24.9953893683802     
  0.360000000000000        24.9979295193935     
  0.365000000000000        25.0003394452414     
  0.370000000000000        25.0026253343123     
  0.375000000000000        25.0047930511902     
  0.380000000000000        25.0068481560713     
  0.385000000000000        25.0087959228360     
  0.390000000000000        25.0106413558838     
  0.395000000000000        25.0123892058276     
  0.400000000000000        25.0140439841379     
  0.405000000000000        25.0156099768157     
  0.410000000000000        25.0170912571690     
  0.415000000000000        25.0184916977601     
  0.420000000000000        25.0198149815856     
  0.425000000000000        25.0210646125440     
  0.430000000000000        25.0222439252453     
  0.435000000000000        25.0233560942074     
  0.440000000000000        25.0244041424844     
  0.445000000000000        25.0253909497665     
  0.450000000000000        25.0263192599879     
  0.455000000000000        25.0271916884776     
  0.460000000000000        25.0280107286835     
  0.465000000000000        25.0287787584984     
  0.470000000000000        25.0294980462162     
  0.475000000000000        25.0301707561411     
  0.480000000000000        25.0307989538735     
  0.485000000000000        25.0313846112930     
  0.490000000000000        25.0319296112598     
  0.495000000000000        25.0324357520497     
  0.500000000000000        25.0329047515427     
  0.505000000000000        25.0333382511779     
  0.510000000000000        25.0337378196915     
  0.515000000000000        25.0341049566505     
  0.520000000000000        25.0344410957935     
  0.525000000000000        25.0347476081929     
  0.530000000000000        25.0350258052468     
  0.535000000000000        25.0352769415125     
  0.540000000000000        25.0355022173901     
  0.545000000000000        25.0357027816653     
  0.550000000000000        25.0358797339205     
  0.555000000000000        25.0360341268199     
  0.560000000000000        25.0361669682781     
  0.565000000000000        25.0362792235179     
  0.570000000000000        25.0363718170226     
  0.575000000000000        25.0364456343907     
  0.580000000000000        25.0365015240975     
  0.585000000000000        25.0365402991681     
  0.590000000000000        25.0365627387679     
  0.595000000000000        25.0365695897144     
  0.600000000000000        25.0365615679149     
  0.605000000000000        25.0365393597337     
  0.610000000000000        25.0365036232931     
  0.615000000000000        25.0364549897109     
  0.620000000000000        25.0363940642789     
  0.625000000000000        25.0363214275847     
  0.630000000000000        25.0362376365796     
  0.635000000000000        25.0361432255959     
  0.640000000000000        25.0360387073165     
  0.645000000000000        25.0359245736982     
  0.650000000000000        25.0358012968520     
  0.655000000000000        25.0356693298825     
  0.660000000000000        25.0355291076877     
  0.665000000000000        25.0353810477230     
  0.670000000000000        25.0352255507284     
  0.675000000000000        25.0350630014244     
  0.680000000000000        25.0348937691746     
  0.685000000000000        25.0347182086191     
  0.690000000000000        25.0345366602797     
  0.695000000000000        25.0343494511371     
  0.700000000000000        25.0341568951834     
  0.705000000000000        25.0339592939494     
  0.710000000000000        25.0337569370094     
  0.715000000000000        25.0335501024629     
  0.720000000000000        25.0333390573965     
  0.725000000000000        25.0331240583249     
  0.730000000000000        25.0329053516127     
  0.735000000000000        25.0326831738789     
  0.740000000000000        25.0324577523834     
  0.745000000000000        25.0322293053967     
  0.750000000000000        25.0319980425543     
  0.755000000000000        25.0317641651960     
  0.760000000000000        25.0315278666904     
  0.765000000000000        25.0312893327456     
  0.770000000000000        25.0310487417071     
  0.775000000000000        25.0308062648429     
  0.780000000000000        25.0305620666165     
  0.785000000000000        25.0303163049483     
  0.790000000000000        25.0300691314665     
  0.795000000000000        25.0298206917466     
  0.800000000000000        25.0295711255422     
  0.805000000000000        25.0293205670050     
  0.810000000000000        25.0290691448966     
  0.815000000000000        25.0288169827912     
  0.820000000000000        25.0285641992699     
  0.825000000000000        25.0283109081078     
  0.830000000000000        25.0280572184531     
  0.835000000000000        25.0278032349990     
  0.840000000000000        25.0275490581491     
  0.845000000000000        25.0272947841764     
  0.850000000000000        25.0270405053755     
  0.855000000000000        25.0267863102100     
  0.860000000000000        25.0265322834529     
  0.865000000000000        25.0262785063224     
  0.870000000000000        25.0260250566129     
  0.875000000000000        25.0257720088196     
  0.880000000000000        25.0255194342600     
  0.885000000000000        25.0252674011895     
  0.890000000000000        25.0250159749132     
  0.895000000000000        25.0247652178933     
  0.900000000000000        25.0245151898521     
  0.905000000000000        25.0242659478714     
  0.910000000000000        25.0240175464879     
  0.915000000000000        25.0237700377849     
  0.920000000000000        25.0235234714802     
  0.925000000000000        25.0232778950113     
  0.930000000000000        25.0230333536164     
  0.935000000000000        25.0227898904129     
  0.940000000000000        25.0225475464728     
  0.945000000000000        25.0223063608948     
  0.950000000000000        25.0220663708744     
  0.955000000000000        25.0218276117708     
  0.960000000000000        25.0215901171715     
  0.965000000000000        25.0213539189549     
  0.970000000000000        25.0211190473500     
  0.975000000000000        25.0208855309944     
  0.980000000000000        25.0206533969907     
  0.985000000000000        25.0204226709599     
  0.990000000000000        25.0201933770942     
  0.995000000000000        25.0199655382068     
   1.00000000000000        25.0197391757815     
   1.00500000000000        25.0195143100189     
   1.01000000000000        25.0192909598828     
   1.01500000000000        25.0190691431439     
   1.02000000000000        25.0188488764222     
   1.02500000000000        25.0186301752283     
   1.03000000000000        25.0184130540033     
   1.03500000000000        25.0181975261565     
   1.04000000000000        25.0179836041032     
   1.04500000000000        25.0177712992992     
   1.05000000000000        25.0175606222762     
   1.05500000000000        25.0173515826739     
   1.06000000000000        25.0171441892727     
   1.06500000000000        25.0169384500234     
   1.07000000000000        25.0167343720773     
   1.07500000000000        25.0165319618143     
   1.08000000000000        25.0163312248703     
   1.08500000000000        25.0161321661636     
   1.09000000000000        25.0159347899202     
   1.09500000000000        25.0157390996982     
   1.10000000000000        25.0155450984121     
   1.10500000000000        25.0153527883548     
   1.11000000000000        25.0151621712208     
   1.11500000000000        25.0149732481269     
   1.12000000000000        25.0147860196338     
   1.12500000000000        25.0146004857660     
   1.13000000000000        25.0144166460318     
   1.13500000000000        25.0142344994424     
   1.14000000000000        25.0140540445306     
   1.14500000000000        25.0138752793690     
   1.15000000000000        25.0136982015877     
   1.15500000000000        25.0135228083917     
   1.16000000000000        25.0133490965770     
   1.16500000000000        25.0131770625473     
   1.17000000000000        25.0130067023293     
   1.17500000000000        25.0128380115879     
   1.18000000000000        25.0126709856411     
   1.18500000000000        25.0125056194732     
   1.19000000000000        25.0123419077494     
   1.19500000000000        25.0121798448280     
   1.20000000000000        25.0120194247733     
   1.20500000000000        25.0118606413672     
   1.21000000000000        25.0117034881213     
   1.21500000000000        25.0115479582873     
   1.22000000000000        25.0113940448683     
   1.22500000000000        25.0112417406284     
   1.23000000000000        25.0110910381031     
   1.23500000000000        25.0109419296087     
   1.24000000000000        25.0107944072512     
   1.24500000000000        25.0106484629360     
   1.25000000000000        25.0105040883760     
   1.25500000000000        25.0103612751008     
   1.26000000000000        25.0102200144643     
   1.26500000000000        25.0100802976538     
   1.27000000000000        25.0099421156972     
   1.27500000000000        25.0098054594717     
   1.28000000000000        25.0096703197108     
   1.28500000000000        25.0095366870127     
   1.29000000000000        25.0094045518469     
   1.29500000000000        25.0092739045621     
   1.30000000000000        25.0091447353931     
   1.30500000000000        25.0090170344674     
   1.31000000000000        25.0088907918124     
   1.31500000000000        25.0087659973612     
   1.32000000000000        25.0086426409591     
   1.32500000000000        25.0085207123695     
   1.33000000000000        25.0084002012794     
   1.33500000000000        25.0082810973050     
   1.34000000000000        25.0081633899965     
   1.34500000000000        25.0080470688432     
   1.35000000000000        25.0079321232781     
   1.35500000000000        25.0078185426821     
   1.36000000000000        25.0077063163882     
   1.36500000000000        25.0075954336860     
   1.37000000000000        25.0074858838247     
   1.37500000000000        25.0073776560177     
   1.38000000000000        25.0072707394454     
   1.38500000000000        25.0071651232594     
   1.39000000000000        25.0070607965858     
   1.39500000000000        25.0069577485282     
   1.40000000000000        25.0068559681718     
   1.40500000000000        25.0067554445864     
   1.41000000000000        25.0066561668299     
   1.41500000000000        25.0065581239515     
   1.42000000000000        25.0064613049952     
   1.42500000000000        25.0063656990034     
   1.43000000000000        25.0062712950196     
   1.43500000000000        25.0061780820920     
   1.44000000000000        25.0060860492766     
   1.44500000000000        25.0059951856402     
   1.45000000000000        25.0059054802633     
   1.45500000000000        25.0058169222429     
   1.46000000000000        25.0057295006952     
   1.46500000000000        25.0056432047583     
   1.47000000000000        25.0055580235939     
   1.47500000000000        25.0054739463902     
   1.48000000000000        25.0053909623633     
   1.48500000000000        25.0053090607596     
   1.49000000000000        25.0052282308569     
   1.49500000000000        25.0051484619663     
   1.50000000000000        25.0050697434336     
   1.50500000000000        25.0049920646406     
   1.51000000000000        25.0049154150064     
   1.51500000000000        25.0048397839887     
   1.52000000000000        25.0047651610847     
   1.52500000000000        25.0046915358329     
   1.53000000000000        25.0046188978135     
   1.53500000000000        25.0045472366504     
   1.54000000000000        25.0044765420120     
   1.54500000000000        25.0044068036126     
   1.55000000000000        25.0043380112141     
   1.55500000000000        25.0042701546267     
   1.56000000000000        25.0042032237111     
   1.56500000000000        25.0041372083791     
   1.57000000000000        25.0040720985960     
   1.57500000000000        25.0040078843811     
   1.58000000000000        25.0039445558096     
   1.58500000000000        25.0038821030139     
   1.59000000000000        25.0038205161846     
   1.59500000000000        25.0037597855718     
   1.60000000000000        25.0036999014862     
   1.60500000000000        25.0036408542999     
   1.61000000000000        25.0035826344473     
   1.61500000000000        25.0035252324257     
   1.62000000000000        25.0034686387960     
   1.62500000000000        25.0034128441830     
   1.63000000000000        25.0033578392756     
   1.63500000000000        25.0033036148276     
   1.64000000000000        25.0032501616572     
   1.64500000000000        25.0031974706475     
   1.65000000000000        25.0031455327466     
   1.65500000000000        25.0030943389676     
   1.66000000000000        25.0030438803888     
   1.66500000000000        25.0029941481535     
   1.67000000000000        25.0029451334707     
   1.67500000000000        25.0028968276149     
   1.68000000000000        25.0028492219263     
   1.68500000000000        25.0028023078118     
   1.69000000000000        25.0027560767447     
   1.69500000000000        25.0027105202655     
   1.70000000000000        25.0026656299822     
   1.70500000000000        25.0026213975712     
   1.71000000000000        25.0025778147774     
   1.71500000000000        25.0025348734153     
   1.72000000000000        25.0024925653688     
   1.72500000000000        25.0024508825923     
   1.73000000000000        25.0024098171108     
   1.73500000000000        25.0023693610206     
   1.74000000000000        25.0023295064890     
   1.74500000000000        25.0022902457548     
   1.75000000000000        25.0022515711285     
   1.75500000000000        25.0022134749918     
   1.76000000000000        25.0021759497979     
   1.76500000000000        25.0021389880711     
   1.77000000000000        25.0021025824063     
   1.77500000000000        25.0020667254690     
   1.78000000000000        25.0020314099944     
   1.78500000000000        25.0019966287873     
   1.79000000000000        25.0019623747215     
   1.79500000000000        25.0019286407396     
   1.80000000000000        25.0018954198520     
   1.80500000000000        25.0018627051371     
   1.81000000000000        25.0018304897407     
   1.81500000000000        25.0017987668757     
   1.82000000000000        25.0017675298222     
   1.82500000000000        25.0017367719270     
   1.83000000000000        25.0017064866039     
   1.83500000000000        25.0016766673336     
   1.84000000000000        25.0016473076637     
   1.84500000000000        25.0016184012089     
   1.85000000000000        25.0015899416509     
   1.85500000000000        25.0015619227388     
   1.86000000000000        25.0015343382892     
   1.86500000000000        25.0015071821860     
   1.87000000000000        25.0014804483807     
   1.87500000000000        25.0014541308919     
   1.88000000000000        25.0014282238057     
   1.88500000000000        25.0014027212753     
   1.89000000000000        25.0013776175204     
   1.89500000000000        25.0013529068269     
   1.90000000000000        25.0013285835469     
   1.90500000000000        25.0013046420973     
   1.91000000000000        25.0012810769600     
   1.91500000000000        25.0012578826804     
   1.92000000000000        25.0012350538675     
   1.92500000000000        25.0012125851925     
   1.93000000000000        25.0011904713886     
   1.93500000000000        25.0011687072500     
   1.94000000000000        25.0011472876313     
   1.94500000000000        25.0011262074469     
   1.95000000000000        25.0011054616707     
   1.95500000000000        25.0010850453354     
   1.96000000000000        25.0010649535322     
   1.96500000000000        25.0010451814105     
   1.97000000000000        25.0010257241775     
   1.97500000000000        25.0010065770985     
   1.98000000000000        25.0009877354962     
   1.98500000000000        25.0009691947510     
   1.99000000000000        25.0009509503008     
   1.99500000000000        25.0009329976410     
   2.00000000000000        25.0009153323241     
   2.00500000000000        25.0008979499601     
   2.01000000000000        25.0008808462158     
   2.01500000000000        25.0008640168148     
   2.02000000000000        25.0008474575373     
   2.02500000000000        25.0008311642194     
   2.03000000000000        25.0008151327528     
   2.03500000000000        25.0007993590842     
   2.04000000000000        25.0007838392148     
   2.04500000000000        25.0007685691992     
   2.05000000000000        25.0007535451451     
   2.05500000000000        25.0007387632125     
   2.06000000000000        25.0007242196124     
   2.06500000000000        25.0007099106065     
   2.07000000000000        25.0006958325063     
   2.07500000000000        25.0006819816722     
   2.08000000000000        25.0006683545131     
   2.08500000000000        25.0006549474855     
   2.09000000000000        25.0006417570928     
   2.09500000000000        25.0006287798854     
   2.10000000000000        25.0006160124596     
   2.10500000000000        25.0006034514577     
   2.11000000000000        25.0005910935677     
   2.11500000000000        25.0005789355228     
   2.12000000000000        25.0005669741017     
   2.12500000000000        25.0005552061279     
   2.13000000000000        25.0005436284701     
   2.13500000000000        25.0005322380418     
   2.14000000000000        25.0005210318010     
   2.14500000000000        25.0005100067505     
   2.15000000000000        25.0004991599373     
   2.15500000000000        25.0004884884522     
   2.16000000000000        25.0004779894298     
   2.16500000000000        25.0004676600478     
   2.17000000000000        25.0004574975266     
   2.17500000000000        25.0004474991286     
   2.18000000000000        25.0004376621576     
   2.18500000000000        25.0004279839581     
   2.19000000000000        25.0004184619146     
   2.19500000000000        25.0004090934508     
   2.20000000000000        25.0003998760288     
   2.20500000000000        25.0003908071484     
   2.21000000000000        25.0003818843462     
   2.21500000000000        25.0003731051951     
   2.22000000000000        25.0003644673035     
   2.22500000000000        25.0003559683149     
   2.23000000000000        25.0003476059072     
   2.23500000000000        25.0003393777924     
   2.24000000000000        25.0003312817163     
   2.24500000000000        25.0003233154578     
   2.25000000000000        25.0003154768295     
   2.25500000000000        25.0003077636767     
   2.26000000000000        25.0003001738777     
   2.26500000000000        25.0002927053436     
   2.27000000000000        25.0002853560186     
   2.27500000000000        25.0002781238789     
   2.28000000000000        25.0002710069339     
   2.28500000000000        25.0002640032248     
   2.29000000000000        25.0002571108254     
   2.29500000000000        25.0002503278411     
   2.30000000000000        25.0002436524089     
   2.30500000000000        25.0002370826970     
   2.31000000000000        25.0002306169043     
   2.31500000000000        25.0002242532596     
   2.32000000000000        25.0002179900214     
   2.32500000000000        25.0002118254771     
   2.33000000000000        25.0002057579420     
   2.33500000000000        25.0001997857593     
   2.34000000000000        25.0001939072989     
   2.34500000000000        25.0001881209565     
   2.35000000000000        25.0001824251539     
   2.35500000000000        25.0001768183373     
   2.36000000000000        25.0001712989776     
   2.36500000000000        25.0001658655695     
   2.37000000000000        25.0001605166311     
   2.37500000000000        25.0001552507039     
   2.38000000000000        25.0001500663522     
   2.38500000000000        25.0001449621632     
   2.39000000000000        25.0001399367466     
   2.39500000000000        25.0001349887347     
   2.40000000000000        25.0001301167825     
   2.40500000000000        25.0001253195673     
   2.41000000000000        25.0001205957889     
   2.41500000000000        25.0001159441697     
   2.42000000000000        25.0001113634545     
   2.42500000000000        25.0001068524102     
   2.43000000000000        25.0001024098261     
   2.43500000000000        25.0000980345133     
   2.44000000000000        25.0000937253044     
   2.44500000000000        25.0000894810537     
   2.45000000000000        25.0000853006361     
   2.45500000000000        25.0000811829469     
   2.46000000000000        25.0000771269016     
   2.46500000000000        25.0000731314347     
   2.47000000000000        25.0000691954998     
   2.47500000000000        25.0000653180684     
   2.48000000000000        25.0000614981299     
   2.48500000000000        25.0000577346905     
   2.49000000000000        25.0000540267731     
   2.49500000000000        25.0000503734166     
   2.50000000000000        25.0000467736754     
   2.52500000000000        25.0000297764169     
   2.55000000000000        25.0000139482624     
   2.57500000000000        24.9999991928781     
   2.60000000000000        24.9999854223518     
   2.62500000000000        24.9999725564911     
   2.65000000000000        24.9999605220169     
   2.67500000000000        24.9999492518651     
   2.70000000000000        24.9999386846872     
   2.72500000000000        24.9999287644784     
   2.75000000000000        24.9999194402117     
   2.77500000000000        24.9999106654181     
   2.80000000000000        24.9999023977397     
   2.82500000000000        24.9998945985219     
   2.85000000000000        24.9998872324792     
   2.87500000000000        24.9998802674234     
   2.90000000000000        24.9998736740165     
   2.92500000000000        24.9998674255222     
   2.95000000000000        24.9998614975586     
   2.97500000000000        24.9998558678668     
   3.00000000000000        24.9998505161111     
   3.02500000000000        24.9998454237069     
   3.05000000000000        24.9998405736685     
   3.07500000000000        24.9998359504644     
   3.10000000000000        24.9998315398794     
   3.12500000000000        24.9998273288865     
   3.15000000000000        24.9998233055325     
   3.17500000000000        24.9998194588382     
   3.20000000000000        24.9998157787090     
   3.22500000000000        24.9998122558538     
   3.25000000000000        24.9998088817085     
   3.27500000000000        24.9998056483668     
   3.30000000000000        24.9998025485169     
   3.32500000000000        24.9997995753857     
   3.35000000000000        24.9997967226897     
   3.37500000000000        24.9997939845897     
   3.40000000000000        24.9997913556497     
   3.42500000000000        24.9997888308003     
   3.45000000000000        24.9997864053038     
   3.47500000000000        24.9997840747253     
   3.50000000000000        24.9997818349051     
   3.52500000000000        24.9997796819349     
   3.55000000000000        24.9997776121362     
   3.57500000000000        24.9997756220400     
   3.60000000000000        24.9997737083699     
   3.62500000000000        24.9997718680252     
   3.65000000000000        24.9997700980673     
   3.67500000000000        24.9997683957070     
   3.70000000000000        24.9997667582926     
   3.72500000000000        24.9997651832996     
   3.75000000000000        24.9997636683216     
   3.77500000000000        24.9997622110618     
   3.80000000000000        24.9997608093252     
   3.82500000000000        24.9997594610120     
   3.85000000000000        24.9997581641115     
   3.87500000000000        24.9997569166965     
   3.90000000000000        24.9997557169182     
   3.92500000000000        24.9997545630017     
   3.95000000000000        24.9997534532416     
   3.97500000000000        24.9997523859988     
   4.00000000000000        24.9997513596967     
   4.02500000000000        24.9997503728178     
   4.05000000000000        24.9997494239016     
   4.07500000000000        24.9997485115411     
   4.10000000000000        24.9997476343810     
   4.12500000000000        24.9997467911152     
   4.15000000000000        24.9997459804848     
   4.17500000000000        24.9997452012759     
   4.20000000000000        24.9997444523183     
   4.22500000000000        24.9997437324833     
   4.25000000000000        24.9997430406826     
   4.27500000000000        24.9997423758663     
   4.30000000000000        24.9997417370220     
   4.32500000000000        24.9997411231732     
   4.35000000000000        24.9997405333778     
   4.37500000000000        24.9997399667276     
   4.40000000000000        24.9997394223464     
   4.42500000000000        24.9997388993894     
   4.45000000000000        24.9997383970419     
   4.47500000000000        24.9997379145183     
   4.50000000000000        24.9997374510614     
   4.52500000000000        24.9997370059411     
   4.55000000000000        24.9997365784537     
   4.57500000000000        24.9997361679210     
   4.60000000000000        24.9997357736895     
   4.62500000000000        24.9997353951293     
   4.65000000000000        24.9997350316338     
   4.67500000000000        24.9997346826186     
   4.70000000000000        24.9997343475207     
   4.72500000000000        24.9997340257981     
   4.75000000000000        24.9997337169288     
   4.77500000000000        24.9997334204102     
   4.80000000000000        24.9997331357585     
   4.82500000000000        24.9997328625081     
   4.85000000000000        24.9997326002108     
   4.87500000000000        24.9997323484354     
   4.90000000000000        24.9997321067669     
   4.92500000000000        24.9997318748061     
   4.95000000000000        24.9997316521691     
   4.97500000000000        24.9997314384865     
   5.00000000000000        24.9997312334032     
   5.02500000000000        24.9997310365776     
   5.05000000000000        24.9997308476814     
   5.07500000000000        24.9997306663988     
   5.10000000000000        24.9997304924263     
   5.12500000000000        24.9997303254723     
   5.15000000000000        24.9997301652564     
   5.17500000000000        24.9997300115092     
   5.20000000000000        24.9997298639717     
   5.22500000000000        24.9997297223952     
   5.25000000000000        24.9997295865407     
   5.27500000000000        24.9997294561786     
   5.30000000000000        24.9997293310883     
   5.32500000000000        24.9997292110580     
   5.35000000000000        24.9997290958841     
   5.37500000000000        24.9997289853713     
   5.40000000000000        24.9997288793318     
   5.42500000000000        24.9997287775855     
   5.45000000000000        24.9997286799592     
   5.47500000000000        24.9997285862868     
   5.50000000000000        24.9997284964087     
   5.52500000000000        24.9997284101718     
   5.55000000000000        24.9997283274289     
   5.57500000000000        24.9997282480390     
   5.60000000000000        24.9997281718665     
   5.62500000000000        24.9997280987813     
   5.65000000000000        24.9997280286585     
   5.67500000000000        24.9997279613783     
   5.70000000000000        24.9997278968257     
   5.72500000000000        24.9997278348902     
   5.75000000000000        24.9997277754659     
   5.77500000000000        24.9997277184511     
   5.80000000000000        24.9997276637481     
   5.82500000000000        24.9997276112634     
   5.85000000000000        24.9997275609070     
   5.87500000000000        24.9997275125927     
   5.90000000000000        24.9997274662377     
   5.92500000000000        24.9997274217626     
   5.95000000000000        24.9997273790912     
   5.97500000000000        24.9997273381504     
   6.00000000000000        24.9997272988699     
   6.02500000000000        24.9997272611824     
   6.05000000000000        24.9997272250234     
   6.07500000000000        24.9997271903309     
   6.10000000000000        24.9997271570453     
   6.12500000000000        24.9997271251096     
   6.15000000000000        24.9997270944691     
   6.17500000000000        24.9997270650711     
   6.20000000000000        24.9997270368654     
   6.22500000000000        24.9997270098035     
   6.25000000000000        24.9997269838390     
