  5.000000000000000E-003  4.999998817986307E+017
  1.000000000000000E-002  4.999996869981254E+017
  1.500000000000000E-002  4.999995280918938E+017
  2.000000000000000E-002  4.999994026904227E+017
  2.500000000000000E-002  4.999993019162809E+017
  3.000000000000000E-002  4.999992190080620E+017
  3.500000000000000E-002  4.999991493931960E+017
  4.000000000000000E-002  4.999990899517016E+017
  4.500000000000000E-002  4.999990384620054E+017
  5.000000000000000E-002  4.999989932304470E+017
  5.500000000000000E-002  4.999989528687021E+017
  6.000000000000000E-002  4.999989161944900E+017
  6.500000000000000E-002  4.999988822387888E+017
  7.000000000000001E-002  4.999988503318628E+017
  7.500000000000000E-002  4.999988202271156E+017
  8.000000000000000E-002  4.999987922176460E+017
  8.500000000000001E-002  4.999987672085149E+017
  9.000000000000000E-002  4.999987467238563E+017
  9.500000000000000E-002  4.999987328454662E+017
  0.100000000000000       4.999987280933795E+017
  0.105000000000000       4.999987352669727E+017
  0.110000000000000       4.999987572675626E+017
  0.115000000000000       4.999987969217246E+017
  0.120000000000000       4.999988568204605E+017
  0.125000000000000       4.999989391843795E+017
  0.130000000000000       4.999990457603069E+017
  0.135000000000000       4.999991777507516E+017
  0.140000000000000       4.999993357747216E+017
  0.145000000000000       4.999995198564146E+017
  0.150000000000000       4.999997294372187E+017
  0.155000000000000       4.999999634060662E+017
  0.160000000000000       5.000002201432386E+017
  0.165000000000000       5.000004975731290E+017
  0.170000000000000       5.000007932220337E+017
  0.175000000000000       5.000011042776958E+017
  0.180000000000000       5.000014276479874E+017
  0.185000000000000       5.000017600167341E+017
  0.190000000000000       5.000020978952527E+017
  0.195000000000000       5.000024376686495E+017
  0.200000000000000       5.000027756363347E+017
  0.205000000000000       5.000031080465439E+017
  0.210000000000000       5.000034311249001E+017
  0.215000000000000       5.000037410972686E+017
  0.220000000000000       5.000040342072879E+017
  0.225000000000000       5.000043067290650E+017
  0.230000000000000       5.000045549755814E+017
  0.235000000000000       5.000047753034038E+017
  0.240000000000000       5.000049641142774E+017
  0.245000000000000       5.000051178541943E+017
  0.250000000000000       5.000052330104943E+017
  0.255000000000000       5.000053061075111E+017
  0.260000000000000       5.000053337012526E+017
  0.265000000000000       5.000053123735394E+017
  0.270000000000000       5.000052387259810E+017
  0.275000000000000       5.000051093741133E+017
  0.280000000000000       5.000049209419698E+017
  0.285000000000000       5.000046700573108E+017
  0.290000000000000       5.000043533476720E+017
  0.295000000000000       5.000039674373629E+017
  0.300000000000000       5.000035089454972E+017
  0.305000000000000       5.000029744850879E+017
  0.310000000000000       5.000023606632245E+017
  0.315000000000000       5.000016640823016E+017
  0.320000000000000       5.000008813422527E+017
  0.325000000000000       5.000000090437169E+017
  0.330000000000000       4.999990437920537E+017
  0.335000000000000       4.999979822021032E+017
  0.340000000000000       4.999968209035850E+017
  0.345000000000000       4.999955565470175E+017
  0.350000000000000       4.999941858100515E+017
  0.355000000000000       4.999927054040890E+017
  0.360000000000000       4.999911120810899E+017
  0.365000000000000       4.999894026404525E+017
  0.370000000000000       4.999875739358735E+017
  0.375000000000000       4.999856228820936E+017
  0.380000000000000       4.999835464614565E+017
  0.385000000000000       4.999813417302028E+017
  0.390000000000000       4.999790058244460E+017
  0.395000000000000       4.999765359657758E+017
  0.400000000000000       4.999739294664586E+017
  0.405000000000000       4.999711837341937E+017
  0.410000000000000       4.999682962764173E+017
  0.415000000000000       4.999652647041332E+017
  0.420000000000000       4.999620867352728E+017
  0.425000000000000       4.999587601975777E+017
  0.430000000000000       4.999552830310241E+017
  0.435000000000000       4.999516532897886E+017
  0.440000000000000       4.999478691437844E+017
  0.445000000000000       4.999439288797716E+017
  0.450000000000000       4.999398309020806E+017
  0.455000000000000       4.999355737329568E+017
  0.460000000000000       4.999311560125555E+017
  0.465000000000000       4.999265764986159E+017
  0.470000000000000       4.999218340658300E+017
  0.475000000000000       4.999169277049386E+017
  0.480000000000000       4.999118565215695E+017
  0.485000000000000       4.999066197348493E+017
  0.490000000000000       4.999012166758033E+017
  0.495000000000000       4.998956467855703E+017
  0.500000000000000       4.998899096134474E+017
  0.505000000000000       4.998840048147853E+017
  0.510000000000000       4.998779321487567E+017
  0.515000000000000       4.998716914760026E+017
  0.520000000000000       4.998652827561895E+017
  0.525000000000000       4.998587060454743E+017
  0.530000000000000       4.998519614939037E+017
  0.535000000000000       4.998450493427569E+017
  0.540000000000000       4.998379699218400E+017
  0.545000000000000       4.998307236467499E+017
  0.550000000000000       4.998233110161107E+017
  0.555000000000000       4.998157326087972E+017
  0.560000000000000       4.998079890811487E+017
  0.565000000000000       4.998000811641857E+017
  0.570000000000000       4.997920096608298E+017
  0.575000000000000       4.997837754431346E+017
  0.580000000000000       4.997753794495358E+017
  0.585000000000000       4.997668226821167E+017
  0.590000000000000       4.997581062038970E+017
  0.595000000000000       4.997492311361480E+017
  0.600000000000000       4.997401986557312E+017
  0.605000000000000       4.997310099924675E+017
  0.610000000000000       4.997216664265359E+017
  0.615000000000000       4.997121692858986E+017
  0.620000000000000       4.997025199437646E+017
  0.625000000000000       4.996927198160770E+017
  0.630000000000000       4.996827703590438E+017
  0.635000000000000       4.996726730666971E+017
  0.640000000000000       4.996624294684927E+017
  0.645000000000000       4.996520411269487E+017
  0.650000000000000       4.996415096353279E+017
  0.655000000000000       4.996308366153610E+017
  0.660000000000000       4.996200237150220E+017
  0.665000000000000       4.996090726063505E+017
  0.670000000000000       4.995979849833314E+017
  0.675000000000000       4.995867625598289E+017
  0.680000000000000       4.995754070675836E+017
  0.685000000000000       4.995639202542708E+017
  0.690000000000000       4.995523038816245E+017
  0.695000000000000       4.995405597236285E+017
  0.700000000000000       4.995286895647799E+017
  0.705000000000000       4.995166951984171E+017
  0.710000000000000       4.995045784251222E+017
  0.715000000000000       4.994923410511917E+017
  0.720000000000000       4.994799848871757E+017
  0.725000000000000       4.994675117464835E+017
  0.730000000000000       4.994549234440545E+017
  0.735000000000000       4.994422217950919E+017
  0.740000000000000       4.994294086138528E+017
  0.745000000000000       4.994164857124960E+017
  0.750000000000000       4.994034548999794E+017
  0.755000000000000       4.993903179810074E+017
  0.760000000000000       4.993770767550213E+017
  0.765000000000000       4.993637330152332E+017
  0.770000000000000       4.993502885476948E+017
  0.775000000000000       4.993367451304075E+017
  0.780000000000000       4.993231045324620E+017
  0.785000000000000       4.993093685132111E+017
  0.790000000000000       4.992955388214785E+017
  0.795000000000000       4.992816171947905E+017
  0.800000000000000       4.992676053586483E+017
  0.805000000000000       4.992535050258257E+017
  0.810000000000000       4.992393178957003E+017
  0.815000000000000       4.992250456536233E+017
  0.820000000000000       4.992106899703148E+017
  0.825000000000000       4.991962525013063E+017
  0.830000000000000       4.991817348864122E+017
  0.835000000000000       4.991671387492425E+017
  0.840000000000000       4.991524656967553E+017
  0.845000000000000       4.991377173188466E+017
  0.850000000000000       4.991228951879798E+017
  0.855000000000000       4.991080008588525E+017
  0.860000000000000       4.990930358681023E+017
  0.865000000000000       4.990780017340454E+017
  0.870000000000000       4.990628999564485E+017
  0.875000000000000       4.990477320163362E+017
  0.880000000000000       4.990324993758179E+017
  0.885000000000000       4.990172034779466E+017
  0.890000000000000       4.990018457465982E+017
  0.895000000000000       4.989864275863674E+017
  0.900000000000000       4.989709503824820E+017
  0.905000000000000       4.989554155007294E+017
  0.910000000000000       4.989398242873944E+017
  0.915000000000000       4.989241780692072E+017
  0.920000000000000       4.989084781532957E+017
  0.925000000000000       4.988927258271506E+017
  0.930000000000000       4.988769223585901E+017
  0.935000000000000       4.988610689957359E+017
  0.940000000000000       4.988451669669930E+017
  0.945000000000000       4.988292174810386E+017
  0.950000000000000       4.988132217268210E+017
  0.955000000000000       4.987971808735656E+017
  0.960000000000000       4.987810960707949E+017
  0.965000000000000       4.987649684483634E+017
  0.970000000000000       4.987487991165016E+017
  0.975000000000000       4.987325891658842E+017
  0.980000000000000       4.987163396677059E+017
  0.985000000000000       4.987000516737834E+017
  0.990000000000000       4.986837262166665E+017
  0.995000000000000       4.986673643097752E+017
   1.00000000000000       4.986509669475441E+017
   1.00500000000000       4.986345351055901E+017
   1.01000000000000       4.986180697408879E+017
   1.01500000000000       4.986015717919604E+017
   1.02000000000000       4.985850421790788E+017
   1.02500000000000       4.985684818044664E+017
   1.03000000000000       4.985518915525123E+017
   1.03500000000000       4.985352722899821E+017
   1.04000000000000       4.985186248662356E+017
   1.04500000000000       4.985019501134348E+017
   1.05000000000000       4.984852488467559E+017
   1.05500000000000       4.984685218645914E+017
   1.06000000000000       4.984517699487507E+017
   1.06500000000000       4.984349938646511E+017
   1.07000000000000       4.984181943615071E+017
   1.07500000000000       4.984013721725109E+017
   1.08000000000000       4.983845280150122E+017
   1.08500000000000       4.983676625906916E+017
   1.09000000000000       4.983507765857348E+017
   1.09500000000000       4.983338706710074E+017
   1.10000000000000       4.983169455022296E+017
   1.10500000000000       4.983000017201565E+017
   1.11000000000000       4.982830399507631E+017
   1.11500000000000       4.982660608054353E+017
   1.12000000000000       4.982490648811708E+017
   1.12500000000000       4.982320527607842E+017
   1.13000000000000       4.982150250131251E+017
   1.13500000000000       4.981979821933036E+017
   1.14000000000000       4.981809248429212E+017
   1.14500000000000       4.981638534903114E+017
   1.15000000000000       4.981467686507844E+017
   1.15500000000000       4.981296708268771E+017
   1.16000000000000       4.981125605086033E+017
   1.16500000000000       4.980954381737052E+017
   1.17000000000000       4.980783042879030E+017
   1.17500000000000       4.980611593051398E+017
   1.18000000000000       4.980440036678212E+017
   1.18500000000000       4.980268378070483E+017
   1.19000000000000       4.980096621428409E+017
   1.19500000000000       4.979924770843525E+017
   1.20000000000000       4.979752830300752E+017
   1.20500000000000       4.979580803680342E+017
   1.21000000000000       4.979408694759747E+017
   1.21500000000000       4.979236507215376E+017
   1.22000000000000       4.979064244624304E+017
   1.22500000000000       4.978891910465905E+017
   1.23000000000000       4.978719508123466E+017
   1.23500000000000       4.978547040885731E+017
   1.24000000000000       4.978374511948493E+017
   1.24500000000000       4.978201924416163E+017
   1.25000000000000       4.978029281303359E+017
   1.25500000000000       4.977856585536565E+017
   1.26000000000000       4.977683839955825E+017
   1.26500000000000       4.977511047316482E+017
   1.27000000000000       4.977338210290979E+017
   1.27500000000000       4.977165331470736E+017
   1.28000000000000       4.976992413368061E+017
   1.28500000000000       4.976819458418091E+017
   1.29000000000000       4.976646468980793E+017
   1.29500000000000       4.976473447342953E+017
   1.30000000000000       4.976300395720162E+017
   1.30500000000000       4.976127316258792E+017
   1.31000000000000       4.975954211037933E+017
   1.31500000000000       4.975781082071253E+017
   1.32000000000000       4.975607931308797E+017
   1.32500000000000       4.975434760638712E+017
   1.33000000000000       4.975261571888865E+017
   1.33500000000000       4.975088366828340E+017
   1.34000000000000       4.974915147168884E+017
   1.34500000000000       4.974741914566199E+017
   1.35000000000000       4.974568670621172E+017
   1.35500000000000       4.974395416880999E+017
   1.36000000000000       4.974222154840269E+017
   1.36500000000000       4.974048885941959E+017
   1.37000000000000       4.973875611578392E+017
   1.37500000000000       4.973702333092207E+017
   1.38000000000000       4.973529051777265E+017
   1.38500000000000       4.973355768879646E+017
   1.39000000000000       4.973182485598596E+017
   1.39500000000000       4.973009203087565E+017
   1.40000000000000       4.972835922455261E+017
   1.40500000000000       4.972662644766786E+017
   1.41000000000000       4.972489371044799E+017
   1.41500000000000       4.972316102270750E+017
   1.42000000000000       4.972142839386147E+017
   1.42500000000000       4.971969583293874E+017
   1.43000000000000       4.971796334859507E+017
   1.43500000000000       4.971623094912661E+017
   1.44000000000000       4.971449864248319E+017
   1.44500000000000       4.971276643628134E+017
   1.45000000000000       4.971103433781689E+017
   1.45500000000000       4.970930235407700E+017
   1.46000000000000       4.970757049175164E+017
   1.46500000000000       4.970583875724369E+017
   1.47000000000000       4.970410715667907E+017
   1.47500000000000       4.970237569591497E+017
   1.48000000000000       4.970064438054781E+017
   1.48500000000000       4.969891321591997E+017
   1.49000000000000       4.969718220712583E+017
   1.49500000000000       4.969545135901706E+017
   1.50000000000000       4.969372067620722E+017
   1.50500000000000       4.969199016307618E+017
   1.51000000000000       4.969025982377398E+017
   1.51500000000000       4.968852966222481E+017
   1.52000000000000       4.968679968213096E+017
   1.52500000000000       4.968506988697716E+017
   1.53000000000000       4.968334028003480E+017
   1.53500000000000       4.968161086436743E+017
   1.54000000000000       4.967988164283592E+017
   1.54500000000000       4.967815261810497E+017
   1.55000000000000       4.967642379264947E+017
   1.55500000000000       4.967469516876209E+017
   1.56000000000000       4.967296674856084E+017
   1.56500000000000       4.967123853399710E+017
   1.57000000000000       4.966951052686406E+017
   1.57500000000000       4.966778272880513E+017
   1.58000000000000       4.966605514132211E+017
   1.58500000000000       4.966432776578332E+017
   1.59000000000000       4.966260060343135E+017
   1.59500000000000       4.966087365539018E+017
   1.60000000000000       4.965914692267157E+017
   1.60500000000000       4.965742040618090E+017
   1.61000000000000       4.965569410672203E+017
   1.61500000000000       4.965396802500141E+017
   1.62000000000000       4.965224216163129E+017
   1.62500000000000       4.965051651713234E+017
   1.63000000000000       4.964879109193528E+017
   1.63500000000000       4.964706588638233E+017
   1.64000000000000       4.964534090072767E+017
   1.64500000000000       4.964361613513834E+017
   1.65000000000000       4.964189158969421E+017
   1.65500000000000       4.964016726438867E+017
   1.66000000000000       4.963844315912915E+017
   1.66500000000000       4.963671927373791E+017
   1.67000000000000       4.963499560795359E+017
   1.67500000000000       4.963327216143302E+017
   1.68000000000000       4.963154893375380E+017
   1.68500000000000       4.962982592441735E+017
   1.69000000000000       4.962810313285258E+017
   1.69500000000000       4.962638055842038E+017
   1.70000000000000       4.962465820041804E+017
   1.70500000000000       4.962293605808463E+017
   1.71000000000000       4.962121413060620E+017
   1.71500000000000       4.961949241712113E+017
   1.72000000000000       4.961777091672548E+017
   1.72500000000000       4.961604962847826E+017
   1.73000000000000       4.961432855140584E+017
   1.73500000000000       4.961260768450637E+017
   1.74000000000000       4.961088702675331E+017
   1.74500000000000       4.960916657709832E+017
   1.75000000000000       4.960744633447349E+017
   1.75500000000000       4.960572629779274E+017
   1.76000000000000       4.960400646595241E+017
   1.76500000000000       4.960228683783152E+017
   1.77000000000000       4.960056741229100E+017
   1.77500000000000       4.959884818817286E+017
   1.78000000000000       4.959712916429889E+017
   1.78500000000000       4.959541033946891E+017
   1.79000000000000       4.959369171245962E+017
   1.79500000000000       4.959197328202301E+017
   1.80000000000000       4.959025504688534E+017
   1.80500000000000       4.958853700574639E+017
   1.81000000000000       4.958681915727937E+017
   1.81500000000000       4.958510150013130E+017
   1.82000000000000       4.958338403292393E+017
   1.82500000000000       4.958166675425549E+017
   1.83000000000000       4.957994966270291E+017
   1.83500000000000       4.957823275682460E+017
   1.84000000000000       4.957651603516373E+017
   1.84500000000000       4.957479949625174E+017
   1.85000000000000       4.957308313861204E+017
   1.85500000000000       4.957136696076407E+017
   1.86000000000000       4.956965096122681E+017
   1.86500000000000       4.956793513852232E+017
   1.87000000000000       4.956621949117894E+017
   1.87500000000000       4.956450401773380E+017
   1.88000000000000       4.956278871673496E+017
   1.88500000000000       4.956107358674271E+017
   1.89000000000000       4.955935862633042E+017
   1.89500000000000       4.955764383408425E+017
   1.90000000000000       4.955592920860293E+017
   1.90500000000000       4.955421474849636E+017
   1.91000000000000       4.955250045238384E+017
   1.91500000000000       4.955078631889223E+017
   1.92000000000000       4.954907234665364E+017
   1.92500000000000       4.954735853430293E+017
   1.93000000000000       4.954564488047552E+017
   1.93500000000000       4.954393138380542E+017
   1.94000000000000       4.954221804292319E+017
   1.94500000000000       4.954050485645507E+017
   1.95000000000000       4.953879182302173E+017
   1.95500000000000       4.953707894123851E+017
   1.96000000000000       4.953536620971571E+017
   1.96500000000000       4.953365362705972E+017
   1.97000000000000       4.953194119187456E+017
   1.97500000000000       4.953022890276424E+017
   1.98000000000000       4.952851675833512E+017
   1.98500000000000       4.952680475719902E+017
   1.99000000000000       4.952509289797599E+017
   1.99500000000000       4.952338117929754E+017
   2.00000000000000       4.952166959980952E+017
   2.00500000000000       4.951995815817462E+017
   2.01000000000000       4.951824685307495E+017
   2.01500000000000       4.951653568321356E+017
   2.02000000000000       4.951482464731569E+017
   2.02500000000000       4.951311374412945E+017
   2.03000000000000       4.951140297242575E+017
   2.03500000000000       4.950969233099749E+017
   2.04000000000000       4.950798181865845E+017
   2.04500000000000       4.950627143424147E+017
   2.05000000000000       4.950456117659622E+017
   2.05500000000000       4.950285104458691E+017
   2.06000000000000       4.950114103708934E+017
   2.06500000000000       4.949943115298866E+017
   2.07000000000000       4.949772139117656E+017
   2.07500000000000       4.949601175054924E+017
   2.08000000000000       4.949430223000534E+017
   2.08500000000000       4.949259282844469E+017
   2.09000000000000       4.949088354476742E+017
   2.09500000000000       4.948917437787369E+017
   2.10000000000000       4.948746532666415E+017
   2.10500000000000       4.948575639004081E+017
   2.11000000000000       4.948404756690844E+017
   2.11500000000000       4.948233885617669E+017
   2.12000000000000       4.948063025676240E+017
   2.12500000000000       4.947892176759199E+017
   2.13000000000000       4.947721338760431E+017
   2.13500000000000       4.947550511575328E+017
   2.14000000000000       4.947379695101015E+017
   2.14500000000000       4.947208889236602E+017
   2.15000000000000       4.947038093883335E+017
   2.15500000000000       4.946867308944745E+017
   2.16000000000000       4.946696534326710E+017
   2.16500000000000       4.946525769937471E+017
   2.17000000000000       4.946355015687593E+017
   2.17500000000000       4.946184271489850E+017
   2.18000000000000       4.946013537259065E+017
   2.18500000000000       4.945842812911931E+017
   2.19000000000000       4.945672098366748E+017
   2.19500000000000       4.945501393543169E+017
   2.20000000000000       4.945330698361951E+017
   2.20500000000000       4.945160012744672E+017
   2.21000000000000       4.944989336613488E+017
   2.21500000000000       4.944818669890926E+017
   2.22000000000000       4.944648012499697E+017
   2.22500000000000       4.944477364362588E+017
   2.23000000000000       4.944306725402362E+017
   2.23500000000000       4.944136095541773E+017
   2.24000000000000       4.943965474703596E+017
   2.24500000000000       4.943794862810727E+017
   2.25000000000000       4.943624259786349E+017
   2.25500000000000       4.943453665554103E+017
   2.26000000000000       4.943283080038324E+017
   2.26500000000000       4.943112503164282E+017
   2.27000000000000       4.942941934858427E+017
   2.27500000000000       4.942771375048627E+017
   2.28000000000000       4.942600823664409E+017
   2.28500000000000       4.942430280637112E+017
   2.29000000000000       4.942259745900066E+017
   2.29500000000000       4.942089219388676E+017
   2.30000000000000       4.941918701040468E+017
   2.30500000000000       4.941748190795078E+017
   2.31000000000000       4.941577688594174E+017
   2.31500000000000       4.941407194381325E+017
   2.32000000000000       4.941236708101844E+017
   2.32500000000000       4.941066229702568E+017
   2.33000000000000       4.940895759131609E+017
   2.33500000000000       4.940725296338111E+017
   2.34000000000000       4.940554841271982E+017
   2.34500000000000       4.940384393883643E+017
   2.35000000000000       4.940213954123804E+017
   2.35500000000000       4.940043521943254E+017
   2.36000000000000       4.939873097292721E+017
   2.36500000000000       4.939702680122762E+017
   2.37000000000000       4.939532270383711E+017
   2.37500000000000       4.939361868025688E+017
   2.38000000000000       4.939191472998662E+017
   2.38500000000000       4.939021085252549E+017
   2.39000000000000       4.938850704737398E+017
   2.39500000000000       4.938680331403564E+017
   2.40000000000000       4.938509965201934E+017
   2.40500000000000       4.938339606084156E+017
   2.41000000000000       4.938169254002894E+017
   2.41500000000000       4.937998908912020E+017
   2.42000000000000       4.937828570766840E+017
   2.42500000000000       4.937658239524250E+017
   2.43000000000000       4.937487915142865E+017
   2.43500000000000       4.937317597583077E+017
   2.44000000000000       4.937147286807088E+017
   2.44500000000000       4.936976982778881E+017
   2.45000000000000       4.936806685464113E+017
   2.45500000000000       4.936636394829985E+017
   2.46000000000000       4.936466110845058E+017
   2.46500000000000       4.936295833479047E+017
   2.47000000000000       4.936125562702571E+017
   2.47500000000000       4.935955298486916E+017
   2.48000000000000       4.935785040803772E+017
   2.48500000000000       4.935614789625019E+017
   2.49000000000000       4.935444544922498E+017
   2.49500000000000       4.935274306667853E+017
   2.50000000000000       4.935104074832396E+017
   2.52500000000000       4.934253041268634E+017
   2.55000000000000       4.933402162348241E+017
   2.57500000000000       4.932551434922744E+017
   2.60000000000000       4.931700856361626E+017
   2.62500000000000       4.930850424484845E+017
   2.65000000000000       4.930000137371489E+017
   2.67500000000000       4.929149993225425E+017
   2.70000000000000       4.928299990370697E+017
   2.72500000000000       4.927450127323137E+017
   2.75000000000000       4.926600402842490E+017
   2.77500000000000       4.925750815916942E+017
   2.80000000000000       4.924901365701636E+017
   2.82500000000000       4.924052051463219E+017
   2.85000000000000       4.923202872561320E+017
   2.87500000000000       4.922353828459331E+017
   2.90000000000000       4.921504918737096E+017
   2.92500000000000       4.920656143085953E+017
   2.95000000000000       4.919807501287834E+017
   2.97500000000000       4.918958993192609E+017
   3.00000000000000       4.918110618705306E+017
   3.02500000000000       4.917262377783806E+017
   3.05000000000000       4.916414270439602E+017
   3.07500000000000       4.915566296734719E+017
   3.10000000000000       4.914718456773642E+017
   3.12500000000000       4.913870750693857E+017
   3.15000000000000       4.913023178658895E+017
   3.17500000000000       4.912175740854963E+017
   3.20000000000000       4.911328437489293E+017
   3.22500000000000       4.910481268788035E+017
   3.25000000000000       4.909634234992769E+017
   3.27500000000000       4.908787336356464E+017
   3.30000000000000       4.907940573140076E+017
   3.32500000000000       4.907093945610310E+017
   3.35000000000000       4.906247454038273E+017
   3.37500000000000       4.905401098698172E+017
   3.40000000000000       4.904554879865809E+017
   3.42500000000000       4.903708797816841E+017
   3.45000000000000       4.902862852825300E+017
   3.47500000000000       4.902017045162458E+017
   3.50000000000000       4.901171375096111E+017
   3.52500000000000       4.900325842889938E+017
   3.55000000000000       4.899480448802918E+017
   3.57500000000000       4.898635193088705E+017
   3.60000000000000       4.897790075995030E+017
   3.62500000000000       4.896945097763340E+017
   3.65000000000000       4.896100258628459E+017
   3.67500000000000       4.895255558818491E+017
   3.70000000000000       4.894410998554605E+017
   3.72500000000000       4.893566578050939E+017
   3.75000000000000       4.892722297514476E+017
   3.77500000000000       4.891878157145005E+017
   3.80000000000000       4.891034157135108E+017
   3.82500000000000       4.890190297670233E+017
   3.85000000000000       4.889346578928759E+017
   3.87500000000000       4.888503001082056E+017
   3.90000000000000       4.887659564294605E+017
   3.92500000000000       4.886816268724100E+017
   3.95000000000000       4.885973114521588E+017
   3.97500000000000       4.885130101831603E+017
   4.00000000000000       4.884287230792352E+017
   4.02500000000000       4.883444501535831E+017
   4.05000000000000       4.882601914188042E+017
   4.07500000000000       4.881759468869115E+017
   4.10000000000000       4.880917165693520E+017
   4.12500000000000       4.880075004770230E+017
   4.15000000000000       4.879232986202876E+017
   4.17500000000000       4.878391110089955E+017
   4.20000000000000       4.877549376524991E+017
   4.22500000000000       4.876707785596707E+017
   4.25000000000000       4.875866337389187E+017
   4.27500000000000       4.875025031982065E+017
   4.30000000000000       4.874183869450669E+017
   4.32500000000000       4.873342849866196E+017
   4.35000000000000       4.872501973295861E+017
   4.37500000000000       4.871661239803054E+017
   4.40000000000000       4.870820649447484E+017
   4.42500000000000       4.869980202285344E+017
   4.45000000000000       4.869139898369411E+017
   4.47500000000000       4.868299737749217E+017
   4.50000000000000       4.867459720471192E+017
   4.52500000000000       4.866619846578744E+017
   4.55000000000000       4.865780116112416E+017
   4.57500000000000       4.864940529109993E+017
   4.60000000000000       4.864101085606625E+017
   4.62500000000000       4.863261785634931E+017
   4.65000000000000       4.862422629225100E+017
   4.67500000000000       4.861583616405009E+017
   4.70000000000000       4.860744747200309E+017
   4.72500000000000       4.859906021634509E+017
   4.75000000000000       4.859067439729091E+017
   4.77500000000000       4.858229001503574E+017
   4.80000000000000       4.857390706975609E+017
   4.82500000000000       4.856552556161059E+017
   4.85000000000000       4.855714549074074E+017
   4.87500000000000       4.854876685727171E+017
   4.90000000000000       4.854038966131266E+017
   4.92500000000000       4.853201390295800E+017
   4.95000000000000       4.852363958228767E+017
   4.97500000000000       4.851526669936781E+017
   5.00000000000000       4.850689525425146E+017
   5.02500000000000       4.849852524697884E+017
   5.05000000000000       4.849015667757836E+017
   5.07500000000000       4.848178954606659E+017
   5.10000000000000       4.847342385244929E+017
   5.12500000000000       4.846505959672141E+017
   5.15000000000000       4.845669677886794E+017
   5.17500000000000       4.844833539886396E+017
   5.20000000000000       4.843997545667540E+017
   5.22500000000000       4.843161695225933E+017
   5.25000000000000       4.842325988556416E+017
   5.27500000000000       4.841490425653023E+017
   5.30000000000000       4.840655006509006E+017
   5.32500000000000       4.839819731116869E+017
   5.35000000000000       4.838984599468397E+017
   5.37500000000000       4.838149611554693E+017
   5.40000000000000       4.837314767366209E+017
   5.42500000000000       4.836480066892761E+017
   5.45000000000000       4.835645510123551E+017
   5.47500000000000       4.834811097047233E+017
   5.50000000000000       4.833976827651894E+017
   5.52500000000000       4.833142701925092E+017
   5.55000000000000       4.832308719853873E+017
   5.57500000000000       4.831474881424798E+017
   5.60000000000000       4.830641186623981E+017
   5.62500000000000       4.829807635437078E+017
   5.65000000000000       4.828974227849316E+017
   5.67500000000000       4.828140963845519E+017
   5.70000000000000       4.827307843410107E+017
   5.72500000000000       4.826474866527149E+017
   5.75000000000000       4.825642033180330E+017
   5.77500000000000       4.824809343353011E+017
   5.80000000000000       4.823976797028212E+017
   5.82500000000000       4.823144394188639E+017
   5.85000000000000       4.822312134816694E+017
   5.87500000000000       4.821480018894495E+017
   5.90000000000000       4.820648046403877E+017
   5.92500000000000       4.819816217326413E+017
   5.95000000000000       4.818984531643411E+017
   5.97500000000000       4.818152989335943E+017
   6.00000000000000       4.817321590384850E+017
   6.02500000000000       4.816490334770744E+017
   6.05000000000000       4.815659222474017E+017
   6.07500000000000       4.814828253474863E+017
   6.10000000000000       4.813997427753285E+017
   6.12500000000000       4.813166745289082E+017
   6.15000000000000       4.812336206061873E+017
   6.17500000000000       4.811505810051108E+017
   6.20000000000000       4.810675557236086E+017
   6.22500000000000       4.809845447595909E+017
   6.25000000000000       4.809015481109567E+017
