  5.000000000000000E-003   23.0374877408877        17.8878249470613     
  1.000000000000000E-002   34.5776795495348        29.1887013934163     
  1.500000000000000E-002   49.8814446257053        44.1599553289242     
  2.000000000000000E-002   68.8051280893557        62.6738232781314     
  2.500000000000000E-002   90.9883612755770        84.3816690493513     
  3.000000000000000E-002   115.961507723470        108.823505903027     
  3.500000000000000E-002   143.221504451481        135.504763190840     
  4.000000000000000E-002   172.278225773374        163.942985123966     
  4.500000000000000E-002   202.679632534838        193.693083122505     
  5.000000000000000E-002   234.023237178054        224.358831397088     
  5.500000000000000E-002   265.959325650992        255.596107977109     
  6.000000000000000E-002   298.189522100324        287.111486330923     
  6.500000000000000E-002   330.462942802935        318.658426872279     
  7.000000000000001E-002   362.571294206998        350.032420621534     
  7.500000000000000E-002   394.343701162449        381.065867423932     
  8.000000000000000E-002   425.641698562956        411.623118742034     
  8.500000000000001E-002   456.354605815985        441.595902098212     
  9.000000000000000E-002   486.395377229667        470.899218737978     
  9.500000000000000E-002   515.696949168887        499.467734500184     
  0.100000000000000        544.209065529222        527.252645045755     
  0.105000000000000        571.895543487443        554.218977323249     
  0.110000000000000        598.731933445254        580.343281308014     
  0.115000000000000        624.703525596021        605.611664682569     
  0.120000000000000        649.803657594075        630.018125236719     
  0.125000000000000        674.032281594188        653.563139577722     
  0.130000000000000        697.394753405045        676.252471217165     
  0.135000000000000        719.900811071155        698.096165657870     
  0.140000000000000        741.563714544301        719.107704428930     
  0.145000000000000        762.399522073880        739.303293959813     
  0.150000000000000        782.426482476737        758.701268689131     
  0.155000000000000        801.664525536558        777.321590867290     
  0.160000000000000        820.134835454908        795.185432159703     
  0.165000000000000        837.859494568239        812.314824427167     
  0.170000000000000        854.861186500902        828.732368995295     
  0.175000000000000        871.162949586034        844.460995368720     
  0.180000000000000        886.787972794801        859.523761738320     
  0.185000000000000        901.759427606268        873.943690807466     
  0.190000000000000        916.100330257537        887.743635458322     
  0.195000000000000        929.833429664909        900.946169619636     
  0.200000000000000        942.981117025748        913.573500407029     
  0.205000000000000        955.565353718188        925.647398206215     
  0.210000000000000        967.607614629393        937.189141876053     
  0.215000000000000        979.128844477326        948.219476676593     
  0.220000000000000        990.149425058654        958.758582889640     
  0.225000000000000        1000.68915166683        968.826053406226     
  0.230000000000000        1010.76721718841        978.440878815484     
  0.235000000000000        1020.40220260959        987.621438749951     
  0.240000000000000        1029.61207285554        996.385498429770     
  0.245000000000000        1038.41417704626        1004.75020950728     
  0.250000000000000        1046.82525239099        1012.73211444893     
  0.255000000000000        1054.86143105954        1020.34715380657     
  0.260000000000000        1062.53824946951        1027.61067582840     
  0.265000000000000        1069.87065951256        1034.53744794317     
  0.270000000000000        1076.87304131633        1041.14166972292     
  0.275000000000000        1083.55921719978        1047.43698698998     
  0.280000000000000        1089.94246653302        1053.43650678607     
  0.285000000000000        1096.03554125778        1059.15281296546     
  0.290000000000000        1101.85068186307        1064.59798221221     
  0.295000000000000        1107.39963364374        1069.78360031360     
  0.300000000000000        1112.69366309768        1074.72077854946     
  0.305000000000000        1117.74357434144        1079.42017008086     
  0.310000000000000        1122.55972544468        1083.89198624137     
  0.315000000000000        1127.15204460132        1088.14601265165     
  0.320000000000000        1131.53004607022        1092.19162509244     
  0.325000000000000        1135.70284583115        1096.03780508364     
  0.330000000000000        1139.67917691239        1099.69315512780     
  0.335000000000000        1143.46740435587        1103.16591358524     
  0.340000000000000        1147.07553979342        1106.46396915593     
  0.345000000000000        1150.51125561447        1109.59487494939     
  0.350000000000000        1153.78189871130        1112.56586212985     
  0.355000000000000        1156.89450379245        1115.38385312812     
  0.360000000000000        1159.85580625922        1118.05547441582     
  0.365000000000000        1162.67225464350        1120.58706884076     
  0.370000000000000        1165.35002260780        1122.98470752509     
  0.375000000000000        1167.89502051111        1125.25420132994     
  0.380000000000000        1170.31290654569        1127.40111189245     
  0.385000000000000        1172.60909745189        1129.43076224229     
  0.390000000000000        1174.78877881919        1131.34824700622     
  0.395000000000000        1176.85691498268        1133.15844221014     
  0.400000000000000        1178.81825852504        1134.86601468890     
  0.405000000000000        1180.67735939483        1136.47543111463     
  0.410000000000000        1182.43857365206        1137.99096665491     
  0.415000000000000        1184.10607185266        1139.41671327229     
  0.420000000000000        1185.68384708346        1140.75658767684     
  0.425000000000000        1187.17572265938        1142.01433894358     
  0.430000000000000        1188.58535949475        1143.19355580658     
  0.435000000000000        1189.91626316035        1144.29767364138     
  0.440000000000000        1191.17179063787        1145.32998114741     
  0.445000000000000        1192.35515678324        1146.29362674183     
  0.450000000000000        1193.46944050994        1147.19162467587     
  0.455000000000000        1194.51759070350        1148.02686088479     
  0.460000000000000        1195.50243187778        1148.80209858215     
  0.465000000000000        1196.42666958357        1149.51998360860     
  0.470000000000000        1197.29289557963        1150.18304954559     
  0.475000000000000        1198.10359277612        1150.79372260357     
  0.480000000000000        1198.86113995991        1151.35432629436     
  0.485000000000000        1199.56781631095        1151.86708589667     
  0.490000000000000        1200.22580571883        1152.33413272381     
  0.495000000000000        1200.83720090793        1152.75750820199     
  0.500000000000000        1201.40400737952        1153.13916776759     
  0.505000000000000        1201.92814717887        1153.48098459112     
  0.510000000000000        1202.41146249500        1153.78475313570     
  0.515000000000000        1202.85571910039        1154.05219255722     
  0.520000000000000        1203.26260963792        1154.28494995328     
  0.525000000000000        1203.63375676166        1154.48460346770     
  0.530000000000000        1203.97071613814        1154.65266525688     
  0.535000000000000        1204.27497931439        1154.79058432451     
  0.540000000000000        1204.54797645864        1154.89974923024     
  0.545000000000000        1204.79107897952        1154.98149067822     
  0.550000000000000        1205.00560202915        1155.03708399085     
  0.555000000000000        1205.19280689549        1155.06775147294     
  0.560000000000000        1205.35390328886        1155.07466467118     
  0.565000000000000        1205.49005152740        1155.05894653384     
  0.570000000000000        1205.60236462615        1155.02167347498     
  0.575000000000000        1205.69191029403        1154.96387734760     
  0.580000000000000        1205.75971284282        1154.88654732988     
  0.585000000000000        1205.80675501225        1154.79063172836     
  0.590000000000000        1205.83397971483        1154.67703970179     
  0.595000000000000        1205.84229170410        1154.54664290922     
  0.600000000000000        1205.83255916975        1154.40027708581     
  0.605000000000000        1205.80561526277        1154.23874354944     
  0.610000000000000        1205.76225955393        1154.06281064137     
  0.615000000000000        1205.70325942842        1153.87321510378     
  0.620000000000000        1205.62935141955        1153.67066339709     
  0.625000000000000        1205.54124248425        1153.45583295968     
  0.630000000000000        1205.43961122303        1153.22937341264     
  0.635000000000000        1205.32510904666        1152.99190771202     
  0.640000000000000        1205.19836129228        1152.74403325084     
  0.645000000000000        1205.05996829098        1152.48632291322     
  0.650000000000000        1204.91050638906        1152.21932608282     
  0.655000000000000        1204.75052892523        1151.94356960746     
  0.660000000000000        1204.58056716553        1151.65955872213     
  0.665000000000000        1204.40113119806        1151.36777793219     
  0.670000000000000        1204.21271078927        1151.06869185852     
  0.675000000000000        1204.01577620358        1150.76274604651     
  0.680000000000000        1203.81077898802        1150.45036774031     
  0.685000000000000        1203.59815272351        1150.13196662422     
  0.690000000000000        1203.37831374428        1149.80793553247     
  0.695000000000000        1203.15166182683        1149.47865112900     
  0.700000000000000        1202.91858084997        1149.14447455846     
  0.705000000000000        1202.67943942707        1148.80575206992     
  0.710000000000000        1202.43459151190        1148.46281561432     
  0.715000000000000        1202.18437697919        1148.11598341694     
  0.720000000000000        1201.92912218098        1147.76556052602     
  0.725000000000000        1201.66914047998        1147.41183933849     
  0.730000000000000        1201.40473276072        1147.05510010389     
  0.735000000000000        1201.13618791958        1146.69561140732     
  0.740000000000000        1200.86378333470        1146.33363063244     
  0.745000000000000        1200.58778531632        1145.96940440526     
  0.750000000000000        1200.30844953864        1145.60316901957     
  0.755000000000000        1200.02602145394        1145.23515084477     
  0.760000000000000        1199.74073668951        1144.86556671686     
  0.765000000000000        1199.45282142832        1144.49462431321     
  0.770000000000000        1199.16249277401        1144.12252251189     
  0.775000000000000        1198.86995910087        1143.74945173616     
  0.780000000000000        1198.57542038938        1143.37559428468     
  0.785000000000000        1198.27906854807        1143.00112464820     
  0.790000000000000        1197.98108772212        1142.62620981313     
  0.795000000000000        1197.68165458944        1142.25100955269     
  0.800000000000000        1197.38093864455        1141.87567670618     
  0.805000000000000        1197.07910247113        1141.50035744675     
  0.810000000000000        1196.77630200337        1141.12519153846     
  0.815000000000000        1196.47268677697        1140.75031258275     
  0.820000000000000        1196.16840017006        1140.37584825522     
  0.825000000000000        1195.86357963449        1140.00192053275     
  0.830000000000000        1195.55835691809        1139.62864591177     
  0.835000000000000        1195.25285827817        1139.25613561778     
  0.840000000000000        1194.94720468668        1138.88449580674     
  0.845000000000000        1194.64151202749        1138.51382775858     
  0.850000000000000        1194.33589128598        1138.14422806317     
  0.855000000000000        1194.03044873149        1137.77578879916     
  0.860000000000000        1193.72528609263        1137.40859770593     
  0.865000000000000        1193.42050072612        1137.04273834889     
  0.870000000000000        1193.11618577902        1136.67829027851     
  0.875000000000000        1192.81243034495        1136.31532918324     
  0.880000000000000        1192.50931961426        1135.95392703654     
  0.885000000000000        1192.20693501858        1135.59415223832     
  0.890000000000000        1191.90535436975        1135.23606975087     
  0.895000000000000        1191.60465199354        1134.87974122961     
  0.900000000000000        1191.30489885817        1134.52522514872     
  0.905000000000000        1191.00616269790        1134.17257692191     
  0.910000000000000        1190.70850813181        1133.82184901849     
  0.915000000000000        1190.41199677807        1133.47309107488     
  0.920000000000000        1190.11668736367        1133.12635000174     
  0.925000000000000        1189.82263582996        1132.78167008695     
  0.930000000000000        1189.52989543407        1132.43909309449     
  0.935000000000000        1189.23851684644        1132.09865835953     
  0.940000000000000        1188.94854824458        1131.76040287977     
  0.945000000000000        1188.66003540325        1131.42436140329     
  0.950000000000000        1188.37302178124        1131.09056651298     
  0.955000000000000        1188.08754860490        1130.75904870784     
  0.960000000000000        1187.80365494855        1130.42983648117     
  0.965000000000000        1187.52137781197        1130.10295639592     
  0.970000000000000        1187.24075219513        1129.77843315722     
  0.975000000000000        1186.96181117021        1129.45628968237     
  0.980000000000000        1186.68458595110        1129.13654716825     
  0.985000000000000        1186.40910596053        1128.81922515647     
  0.990000000000000        1186.13539889486        1128.50434159613     
  0.995000000000000        1185.86349078664        1128.19191290449     
   1.00000000000000        1185.59340606515        1127.88195402553     
   1.00500000000000        1185.32516761473        1127.57447848649     
   1.01000000000000        1185.05879683133        1127.26949845245     
   1.01500000000000        1184.79431367693        1126.96702477905     
   1.02000000000000        1184.53173673223        1126.66706706336     
   1.02500000000000        1184.27108324749        1126.36963369290     
   1.03000000000000        1184.01236919149        1126.07473189300     
   1.03500000000000        1183.75560929888        1125.78236777237     
   1.04000000000000        1183.50081711572        1125.49254636701     
   1.04500000000000        1183.24800504336        1125.20527168251     
   1.05000000000000        1182.99718438073        1124.92054673465     
   1.05500000000000        1182.74836536500        1124.63837358860     
   1.06000000000000        1182.50155721074        1124.35875339648     
   1.06500000000000        1182.25676814753        1124.08168643352     
   1.07000000000000        1182.01400545624        1123.80717213277     
   1.07500000000000        1181.77327550382        1123.53520911857     
   1.08000000000000        1181.53458377690        1123.26579523864     
   1.08500000000000        1181.29793491405        1122.99892759497     
   1.09000000000000        1181.06333273698        1122.73460257364     
   1.09500000000000        1180.83078028052        1122.47281587348     
   1.10000000000000        1180.60027982169        1122.21356253376     
   1.10500000000000        1180.37183290768        1121.95683696094     
   1.11000000000000        1180.14544038308        1121.70263295454     
   1.11500000000000        1179.92110241610        1121.45094373212     
   1.12000000000000        1179.69881852412        1121.20176195360     
   1.12500000000000        1179.47858759843        1120.95507974475     
   1.13000000000000        1179.26040792828        1120.71088871999     
   1.13500000000000        1179.04427722422        1120.46918000460     
   1.14000000000000        1178.83019264082        1120.22994425620     
   1.14500000000000        1178.61815079869        1119.99317168564     
   1.15000000000000        1178.40814780591        1119.75885207726     
   1.15500000000000        1178.20017927879        1119.52697480850     
   1.16000000000000        1177.99424036200        1119.29752886895     
   1.16500000000000        1177.79032574807        1119.07050287876     
   1.17000000000000        1177.58842969624        1118.84588510633     
   1.17500000000000        1177.38854605063        1118.62366348553     
   1.18000000000000        1177.19066825782        1118.40382563213     
   1.18500000000000        1176.99478938369        1118.18635885967     
   1.19000000000000        1176.80090212969        1117.97125019472     
   1.19500000000000        1176.60899884841        1117.75848639144     
   1.20000000000000        1176.41907155855        1117.54805394557     
   1.20500000000000        1176.23111195925        1117.33993910786     
   1.21000000000000        1176.04511144389        1117.13412789684     
   1.21500000000000        1175.86106111328        1116.93060611116     
   1.22000000000000        1175.67895178836        1116.72935934134     
   1.22500000000000        1175.49877402237        1116.53037298109     
   1.23000000000000        1175.32051811265        1116.33363223819     
   1.23500000000000        1175.14417411200        1116.13912214498     
   1.24000000000000        1174.96973183964        1115.94682756849     
   1.24500000000000        1174.79718089191        1115.75673322029     
   1.25000000000000        1174.62651065265        1115.56882366602     
   1.25500000000000        1174.45771030332        1115.38308333469     
   1.26000000000000        1174.29076883289        1115.19949652777     
   1.26500000000000        1174.12567504756        1115.01804742806     
   1.27000000000000        1173.96241758018        1114.83872010838     
   1.27500000000000        1173.80098489963        1114.66149854010     
   1.28000000000000        1173.64136531987        1114.48636660142     
   1.28500000000000        1173.48354700890        1114.31330808557     
   1.29000000000000        1173.32751799745        1114.14230670873     
   1.29500000000000        1173.17326618747        1113.97334611779     
   1.30000000000000        1173.02077936046        1113.80640989785     
   1.30500000000000        1172.87004518539        1113.64148157955     
   1.31000000000000        1172.72105122654        1113.47854464602     
   1.31500000000000        1172.57378495090        1113.31758253971     
   1.32000000000000        1172.42823373537        1113.15857866879     
   1.32500000000000        1172.28438487356        1113.00151641334     
   1.33000000000000        1172.14222558238        1112.84637913118     
   1.33500000000000        1172.00174300821        1112.69315016344     
   1.34000000000000        1171.86292423281        1112.54181283979     
   1.34500000000000        1171.72575627891        1112.39235048339     
   1.35000000000000        1171.59022611551        1112.24474641553     
   1.35500000000000        1171.45632066294        1112.09898396012     
   1.36000000000000        1171.32402679759        1111.95504644777     
   1.36500000000000        1171.19333135657        1111.81291721982     
   1.37000000000000        1171.06422114202        1111.67257963214     
   1.37500000000000        1170.93668292542        1111.53401705874     
   1.38000000000000        1170.81070345164        1111.39721289533     
   1.38500000000000        1170.68626944300        1111.26215056271     
   1.39000000000000        1170.56336760319        1111.12881351024     
   1.39500000000000        1170.44198462119        1110.99718521906     
   1.40000000000000        1170.32210717515        1110.86724920547     
   1.40500000000000        1170.20372193620        1110.73898902419     
   1.41000000000000        1170.08681557228        1110.61238827164     
   1.41500000000000        1169.97137475201        1110.48743058920     
   1.42000000000000        1169.85738614843        1110.36409966645     
   1.42500000000000        1169.74483644273        1110.24237924436     
   1.43000000000000        1169.63371232804        1110.12225311851     
   1.43500000000000        1169.52400051296        1110.00370514213     
   1.44000000000000        1169.41568772516        1109.88671922916     
   1.44500000000000        1169.30876071480        1109.77127935710     
   1.45000000000000        1169.20320625778        1109.65736956984     
   1.45500000000000        1169.09901115892        1109.54497398026     
   1.46000000000000        1168.99616225486        1109.43407677269     
   1.46500000000000        1168.89464641691        1109.32466220520     
   1.47000000000000        1168.79445055354        1109.21671461169     
   1.47500000000000        1168.69556161284        1109.11021840381     
   1.48000000000000        1168.59796658465        1109.00515807268     
   1.48500000000000        1168.50165250259        1108.90151819042     
   1.49000000000000        1168.40660644589        1108.79928341155     
   1.49500000000000        1168.31281554102        1108.69843847418     
   1.50000000000000        1168.22026696330        1108.59896820118     
   1.50500000000000        1168.12894793830        1108.50085750109     
   1.51000000000000        1168.03884574316        1108.40409136915     
   1.51500000000000        1167.94994770795        1108.30865488807     
   1.52000000000000        1167.86224121689        1108.21453322896     
   1.52500000000000        1167.77571370962        1108.12171165212     
   1.53000000000000        1167.69035268252        1108.03017550794     
   1.53500000000000        1167.60614568995        1107.93991023776     
   1.54000000000000        1167.52308034568        1107.85090137487     
   1.54500000000000        1167.44114432423        1107.76313454544     
   1.55000000000000        1167.36032536236        1107.67659546960     
   1.55500000000000        1167.28061126055        1107.59126996252     
   1.56000000000000        1167.20198988454        1107.50714393556     
   1.56500000000000        1167.12444916689        1107.42420339739     
   1.57000000000000        1167.04797710849        1107.34243445515     
   1.57500000000000        1166.97256178015        1107.26182331561     
   1.58000000000000        1166.89819132405        1107.18235628623     
   1.58500000000000        1166.82485395517        1107.10401977624     
   1.59000000000000        1166.75253796263        1107.02680029757     
   1.59500000000000        1166.68123171092        1106.95068446572     
   1.60000000000000        1166.61092364101        1106.87565900047     
   1.60500000000000        1166.54160227129        1106.80171072651     
   1.61000000000000        1166.47325619844        1106.72882657393     
   1.61500000000000        1166.40587409810        1106.65699357849     
   1.62000000000000        1166.33944472537        1106.58619888188     
   1.62500000000000        1166.27395691528        1106.51642973174     
   1.63000000000000        1166.20939958302        1106.44767348165     
   1.63500000000000        1166.14576172415        1106.37991759094     
   1.64000000000000        1166.08303241471        1106.31314962451     
   1.64500000000000        1166.02120081125        1106.24735725253     
   1.65000000000000        1165.96025615082        1106.18252825014     
   1.65500000000000        1165.90018775103        1106.11865049714     
   1.66000000000000        1165.84098501001        1106.05571197766     
   1.66500000000000        1165.78263740648        1105.99370077995     
   1.67000000000000        1165.72513449983        1105.93260509611     
   1.67500000000000        1165.66846593035        1105.87241322199     
   1.68000000000000        1165.61262141939        1105.81311355709     
   1.68500000000000        1165.55759076971        1105.75469460460     
   1.69000000000000        1165.50336386589        1105.69714497144     
   1.69500000000000        1165.44993067473        1105.64045336843     
   1.70000000000000        1165.39728124582        1105.58460861048     
   1.70500000000000        1165.34540571204        1105.52959961685     
   1.71000000000000        1165.29429429013        1105.47541541139     
   1.71500000000000        1165.24393728130        1105.42204512282     
   1.72000000000000        1165.19432507166        1105.36947798493     
   1.72500000000000        1165.14544813283        1105.31770333684     
   1.73000000000000        1165.09729702224        1105.26671062305     
   1.73500000000000        1165.04986238354        1105.21648939355     
   1.74000000000000        1165.00313494681        1105.16702930374     
   1.74500000000000        1164.95710552862        1105.11832011425     
   1.75000000000000        1164.91176503209        1105.07035169071     
   1.75500000000000        1164.86710444673        1105.02311400332     
   1.76000000000000        1164.82311484820        1104.97659712638     
   1.76500000000000        1164.77978739798        1104.93079123766     
   1.77000000000000        1164.73711334290        1104.88568661777     
   1.77500000000000        1164.69508401468        1104.84127364933     
   1.78000000000000        1164.65369082930        1104.79754281620     
   1.78500000000000        1164.61292528644        1104.75448470265     
   1.79000000000000        1164.57277896888        1104.71208999250     
   1.79500000000000        1164.53324354190        1104.67034946832     
   1.80000000000000        1164.49431075272        1104.62925401061     
   1.80500000000000        1164.45597243002        1104.58879459709     
   1.81000000000000        1164.41822048347        1104.54896230202     
   1.81500000000000        1164.38104690345        1104.50974829564     
   1.82000000000000        1164.34444376070        1104.47114384364     
   1.82500000000000        1164.30840320620        1104.43314030677     
   1.83000000000000        1164.27291747104        1104.39572914052     
   1.83500000000000        1164.23797886642        1104.35890189483     
   1.84000000000000        1164.20357978365        1104.32265021388     
   1.84500000000000        1164.16971269424        1104.28696583602     
   1.85000000000000        1164.13637015001        1104.25184059351     
   1.85500000000000        1164.10354478312        1104.21726641251     
   1.86000000000000        1164.07122930624        1104.18323531284     
   1.86500000000000        1164.03941651247        1104.14973940785     
   1.87000000000000        1164.00809927541        1104.11677090414     
   1.87500000000000        1163.97727054895        1104.08432210123     
   1.88000000000000        1163.94692336715        1104.05238539121     
   1.88500000000000        1163.91705084386        1104.02095325814     
   1.89000000000000        1163.88764617236        1103.99001827753     
   1.89500000000000        1163.85870262481        1103.95957311557     
   1.90000000000000        1163.83021355168        1103.92961052838     
   1.90500000000000        1163.80217238098        1103.90012336108     
   1.91000000000000        1163.77457261756        1103.87110454687     
   1.91500000000000        1163.74740784224        1103.84254710601     
   1.92000000000000        1163.72067171093        1103.81444414479     
   1.92500000000000        1163.69435795382        1103.78678885448     
   1.93000000000000        1163.66846037442        1103.75957451030     
   1.93500000000000        1163.64297284883        1103.73279447040     
   1.94000000000000        1163.61788932485        1103.70644217492     
   1.94500000000000        1163.59320382134        1103.68051114510     
   1.95000000000000        1163.56891042752        1103.65499498245     
   1.95500000000000        1163.54500330244        1103.62988736805     
   1.96000000000000        1163.52147667452        1103.60518206190     
   1.96500000000000        1163.49832484115        1103.58087290239     
   1.97000000000000        1163.47554216839        1103.55695380581     
   1.97500000000000        1163.45312309078        1103.53341876597     
   1.98000000000000        1163.43106211113        1103.51026185389     
   1.98500000000000        1163.40935380043        1103.48747721747     
   1.99000000000000        1163.38799279769        1103.46505908123     
   1.99500000000000        1163.36697380989        1103.44300174604     
   2.00000000000000        1163.34629161180        1103.42129958886     
   2.00500000000000        1163.32594104583        1103.39994706235     
   2.01000000000000        1163.30591702177        1103.37893869454     
   2.01500000000000        1163.28621451653        1103.35826908834     
   2.02000000000000        1163.26682857368        1103.33793292101     
   2.02500000000000        1163.24775430300        1103.31792494354     
   2.03000000000000        1163.22898687989        1103.29823997994     
   2.03500000000000        1163.21052154470        1103.27887292640     
   2.04000000000000        1163.19235360194        1103.25981875043     
   2.04500000000000        1163.17447841949        1103.24107248991     
   2.05000000000000        1163.15689142767        1103.22262925206     
   2.05500000000000        1163.13958811833        1103.20448421237     
   2.06000000000000        1163.12256404388        1103.18663261359     
   2.06500000000000        1163.10581481637        1103.16906976461     
   2.07000000000000        1163.08933610651        1103.15179103945     
   2.07500000000000        1163.07312364285        1103.13479187623     
   2.08000000000000        1163.05717321087        1103.11806777628     
   2.08500000000000        1163.04148065229        1103.10161430320     
   2.09000000000000        1163.02604186436        1103.08542708212     
   2.09500000000000        1163.01085279930        1103.06950179900     
   2.10000000000000        1162.99590946378        1103.05383420000     
   2.10500000000000        1162.98120791853        1103.03842009099     
   2.11000000000000        1162.96674427800        1103.02325533707     
   2.11500000000000        1162.95251471014        1103.00833586224     
   2.12000000000000        1162.93851543613        1102.99365764906     
   2.12500000000000        1162.92474273029        1102.97921673838     
   2.13000000000000        1162.91119291984        1102.96500922904     
   2.13500000000000        1162.89786238482        1102.95103127767     
   2.14000000000000        1162.88474755785        1102.93727909833     
   2.14500000000000        1162.87184492393        1102.92374896222     
   2.15000000000000        1162.85915102014        1102.91043719729     
   2.15500000000000        1162.84666243530        1102.89734018778     
   2.16000000000000        1162.83437580951        1102.88445437369     
   2.16500000000000        1162.82228783363        1102.87177625016     
   2.17000000000000        1162.81039524868        1102.85930236676     
   2.17500000000000        1162.79869484512        1102.84702932675     
   2.18000000000000        1162.78718346210        1102.83495378619     
   2.18500000000000        1162.77585798661        1102.82307245304     
   2.19000000000000        1162.76471535262        1102.81138208625     
   2.19500000000000        1162.75375254016        1102.79987949471     
   2.20000000000000        1162.74296657440        1102.78856153631     
   2.20500000000000        1162.73235452479        1102.77742511698     
   2.21000000000000        1162.72191350412        1102.76646718971     
   2.21500000000000        1162.71164066776        1102.75568475368     
   2.22000000000000        1162.70153321286        1102.74507485343     
   2.22500000000000        1162.69158837770        1102.73463457810     
   2.23000000000000        1162.68180344107        1102.72436106078     
   2.23500000000000        1162.67217572177        1102.71425147791     
   2.24000000000000        1162.66270257820        1102.70430304882     
   2.24500000000000        1162.65338140803        1102.69451303529     
   2.25000000000000        1162.64420964792        1102.68487874123     
   2.25500000000000        1162.63518477337        1102.67539751245     
   2.26000000000000        1162.62630429852        1102.66606673638     
   2.26500000000000        1162.61756577607        1102.65688384190     
   2.27000000000000        1162.60896679714        1102.64784629918     
   2.27500000000000        1162.60050499119        1102.63895161948     
   2.28000000000000        1162.59217802585        1102.63019735493     
   2.28500000000000        1162.58398360672        1102.62158109829     
   2.29000000000000        1162.57591947714        1102.61310048261     
   2.29500000000000        1162.56798341785        1102.60475318088     
   2.30000000000000        1162.56017324662        1102.59653690555     
   2.30500000000000        1162.55248681771        1102.58844940801     
   2.31000000000000        1162.54492202137        1102.58048847795     
   2.31500000000000        1162.53747678315        1102.57265194272     
   2.32000000000000        1162.53014906323        1102.56493766655     
   2.32500000000000        1162.52293685566        1102.55734354974     
   2.33000000000000        1162.51583818756        1102.54986752787     
   2.33500000000000        1162.50885111830        1102.54250757092     
   2.34000000000000        1162.50197373872        1102.53526168242     
   2.34500000000000        1162.49520417032        1102.52812789864     
   2.35000000000000        1162.48854056452        1102.52110428779     
   2.35500000000000        1162.48198110194        1102.51418894928     
   2.36000000000000        1162.47552399182        1102.50738001307     
   2.36500000000000        1162.46916747141        1102.50067563906     
   2.37000000000000        1162.46290980556        1102.49407401657     
   2.37500000000000        1162.45674928628        1102.48757336396     
   2.38000000000000        1162.45068423253        1102.48117192827     
   2.38500000000000        1162.44471298995        1102.47486798495     
   2.39000000000000        1162.43883393069        1102.46865983769     
   2.39500000000000        1162.43304545342        1102.46254581827     
   2.40000000000000        1162.42734598318        1102.45652428649     
   2.40500000000000        1162.42173397141        1102.45059363007     
   2.41000000000000        1162.41620789590        1102.44475226459     
   2.41500000000000        1162.41076626079        1102.43899863343     
   2.42000000000000        1162.40540759644        1102.43333120763     
   2.42500000000000        1162.40013045937        1102.42774848575     
   2.43000000000000        1162.39493343203        1102.42224899363     
   2.43500000000000        1162.38981512257        1102.41683128414     
   2.44000000000000        1162.38477416454        1102.41149393679     
   2.44500000000000        1162.37980921642        1102.40623555731     
   2.45000000000000        1162.37491896119        1102.40105477713     
   2.45500000000000        1162.37010210577        1102.39595025284     
   2.46000000000000        1162.36535738041        1102.39092066551     
   2.46500000000000        1162.36068353802        1102.38596472006     
   2.47000000000000        1162.35607935353        1102.38108114455     
   2.47500000000000        1162.35154362317        1102.37626868947     
   2.48000000000000        1162.34707516381        1102.37152612703     
   2.48500000000000        1162.34267281229        1102.36685225051     
   2.49000000000000        1162.33833542480        1102.36224587361     
   2.49500000000000        1162.33406187636        1102.35770582988     
   2.50000000000000        1162.32985106030        1102.35323097221     
   2.52500000000000        1162.30996863299        1102.33207410166     
   2.55000000000000        1162.29145406099        1102.31233946625     
   2.57500000000000        1162.27419459789        1102.29391048867     
   2.60000000000000        1162.25808735901        1102.27668086597     
   2.62500000000000        1162.24303849840        1102.26055369927     
   2.65000000000000        1162.22896226401        1102.24544051076     
   2.67500000000000        1162.21578018000        1102.23126039030     
   2.70000000000000        1162.20342046127        1102.21793937387     
   2.72500000000000        1162.19181757772        1102.20540997376     
   2.75000000000000        1162.18091182553        1102.19361072059     
   2.77500000000000        1162.17064883518        1102.18248564757     
   2.80000000000000        1162.16097904875        1102.17198374848     
   2.82500000000000        1162.15185724195        1102.16205848226     
   2.85000000000000        1162.14324213330        1102.15266736574     
   2.87500000000000        1162.13509606565        1102.14377163986     
   2.90000000000000        1162.12738471678        1102.13533596685     
   2.92500000000000        1162.12007680902        1102.12732812874     
   2.95000000000000        1162.11314381910        1102.11971872805     
   2.97500000000000        1162.10655970812        1102.11248090982     
   3.00000000000000        1162.10030068684        1102.10559011975     
   3.02500000000000        1162.09434501526        1102.09902389718     
   3.05000000000000        1162.08867282363        1102.09276169048     
   3.07500000000000        1162.08326594368        1102.08678468336     
   3.10000000000000        1162.07810774706        1102.08107562952     
   3.12500000000000        1162.07318299541        1102.07561869925     
   3.15000000000000        1162.06847770665        1102.07039934296     
   3.17500000000000        1162.06397903799        1102.06540417149     
   3.20000000000000        1162.05967518173        1102.06062084974     
   3.22500000000000        1162.05555526981        1102.05603799939     
   3.25000000000000        1162.05160928503        1102.05164510851     
   3.27500000000000        1162.04782797926        1102.04743244862     
   3.30000000000000        1162.04420279995        1102.04339100009     
   3.32500000000000        1162.04072582492        1102.03951238609     
   3.35000000000000        1162.03738970439        1102.03578881371     
   3.37500000000000        1162.03418760843        1102.03221302098     
   3.40000000000000        1162.03111317907        1102.02877822829     
   3.42500000000000        1162.02816048650        1102.02547809427     
   3.45000000000000        1162.02532398966        1102.02230667605     
   3.47500000000000        1162.02259850107        1102.01925839377     
   3.50000000000000        1162.01997915548        1102.01632799904     
   3.52500000000000        1162.01746138173        1102.01351054655     
   3.55000000000000        1162.01504087722        1102.01080136847     
   3.57500000000000        1162.01271358487        1102.00819605116     
   3.60000000000000        1162.01047567225        1102.00569041430     
   3.62500000000000        1162.00832351301        1102.00328049218     
   3.65000000000000        1162.00625367025        1102.00096251693     
   3.67500000000000        1162.00426288154        1101.99873290357     
   3.70000000000000        1162.00234804554        1101.99658823644     
   3.72500000000000        1162.00050620982        1101.99452525699     
   3.75000000000000        1161.99873455991        1101.99254085277     
   3.77500000000000        1161.99703040943        1101.99063204745     
   3.80000000000000        1161.99539119130        1101.98879599193     
   3.82500000000000        1161.99381444975        1101.98702995633     
   3.85000000000000        1161.99229783317        1101.98533132265     
   3.87500000000000        1161.99083908758        1101.98369757822     
   3.90000000000000        1161.98943605073        1101.98212630966     
   3.92500000000000        1161.98808664680        1101.98061519748     
   3.95000000000000        1161.98678888150        1101.97916201108     
   3.97500000000000        1161.98554083773        1101.97776460424     
   4.00000000000000        1161.98434067153        1101.97642091102     
   4.02500000000000        1161.98318660847        1101.97512894194     
   4.05000000000000        1161.98207694020        1101.97388678050     
   4.07500000000000        1161.98101002146        1101.97269257995     
   4.10000000000000        1161.97998426717        1101.97154456030     
   4.12500000000000        1161.97899814984        1101.97044100557     
   4.15000000000000        1161.97805019712        1101.96938026123     
   4.17500000000000        1161.97713898957        1101.96836073177     
   4.20000000000000        1161.97626315853        1101.96738087844     
   4.22500000000000        1161.97542138415        1101.96643921717     
   4.25000000000000        1161.97461239355        1101.96553431654     
   4.27500000000000        1161.97383495908        1101.96466479588     
   4.30000000000000        1161.97308789666        1101.96382932353     
   4.32500000000000        1161.97237006425        1101.96302661508     
   4.35000000000000        1161.97168036036        1101.96225543177     
   4.37500000000000        1161.97101772265        1101.96151457896     
   4.40000000000000        1161.97038112657        1101.96080290461     
   4.42500000000000        1161.96976958411        1101.96011929784     
   4.45000000000000        1161.96918214255        1101.95946268761     
   4.47500000000000        1161.96861788328        1101.95883204137     
   4.50000000000000        1161.96807592066        1101.95822636379     
   4.52500000000000        1161.96755540095        1101.95764469551     
   4.55000000000000        1161.96705550121        1101.95708611198     
   4.57500000000000        1161.96657542834        1101.95654972230     
   4.60000000000000        1161.96611441804        1101.95603466810     
   4.62500000000000        1161.96567173387        1101.95554012247     
   4.65000000000000        1161.96524666634        1101.95506528891     
   4.67500000000000        1161.96483853202        1101.95460940029     
   4.70000000000000        1161.96444667263        1101.95417171791     
   4.72500000000000        1161.96407045424        1101.95375153051     
   4.75000000000000        1161.96370926642        1101.95334815334     
   4.77500000000000        1161.96336252148        1101.95296092727     
   4.80000000000000        1161.96302965367        1101.95258921794     
   4.82500000000000        1161.96271011842        1101.95223241484     
   4.85000000000000        1161.96240339168        1101.95188993056     
   4.87500000000000        1161.96210896911        1101.95156119994     
   4.90000000000000        1161.96182636552        1101.95124567930     
   4.92500000000000        1161.96155511407        1101.95094284572     
   4.95000000000000        1161.96129476576        1101.95065219625     
   4.97500000000000        1161.96104488867        1101.95037324725     
   5.00000000000000        1161.96080506748        1101.95010553368     
   5.02500000000000        1161.96057490280        1101.94984860844     
   5.05000000000000        1161.96035401060        1101.94960204170     
   5.07500000000000        1161.96014202171        1101.94936542031     
   5.10000000000000        1161.95993858124        1101.94913834716     
   5.12500000000000        1161.95974334805        1101.94892044062     
   5.15000000000000        1161.95955599431        1101.94871133395     
   5.17500000000000        1161.95937620494        1101.94851067474     
   5.20000000000000        1161.95920367718        1101.94831812444     
   5.22500000000000        1161.95903812013        1101.94813335775     
   5.25000000000000        1161.95887925431        1101.94795606219     
   5.27500000000000        1161.95872681120        1101.94778593761     
   5.30000000000000        1161.95858053288        1101.94762269571     
   5.32500000000000        1161.95844017161        1101.94746605957     
   5.35000000000000        1161.95830548941        1101.94731576329     
   5.37500000000000        1161.95817625776        1101.94717155147     
   5.40000000000000        1161.95805225718        1101.94703317890     
   5.42500000000000        1161.95793327690        1101.94690041011     
   5.45000000000000        1161.95781911455        1101.94677301901     
   5.47500000000000        1161.95770957580        1101.94665078855     
   5.50000000000000        1161.95760447408        1101.94653351032     
   5.52500000000000        1161.95750363026        1101.94642098428     
   5.55000000000000        1161.95740687238        1101.94631301836     
   5.57500000000000        1161.95731403535        1101.94620942822     
   5.60000000000000        1161.95722496068        1101.94611003690     
   5.62500000000000        1161.95713949626        1101.94601467453     
   5.65000000000000        1161.95705749607        1101.94592317809     
   5.67500000000000        1161.95697881995        1101.94583539111     
   5.70000000000000        1161.95690333338        1101.94575116340     
   5.72500000000000        1161.95683090725        1101.94567035083     
   5.75000000000000        1161.95676141765        1101.94559281508     
   5.77500000000000        1161.95669474565        1101.94551842340     
   5.80000000000000        1161.95663077712        1101.94544704841     
   5.82500000000000        1161.95656940254        1101.94537856785     
   5.85000000000000        1161.95651051680        1101.94531286442     
   5.87500000000000        1161.95645401903        1101.94524982553     
   5.90000000000000        1161.95639981245        1101.94518934319     
   5.92500000000000        1161.95634780419        1101.94513131372     
   5.95000000000000        1161.95629790511        1101.94507563767     
   5.97500000000000        1161.95625002971        1101.94502221960     
   6.00000000000000        1161.95620409591        1101.94497096796     
   6.02500000000000        1161.95616002499        1101.94492179486     
   6.05000000000000        1161.95611774140        1101.94487461601     
   6.07500000000000        1161.95607717264        1101.94482935051     
   6.10000000000000        1161.95603824916        1101.94478592076     
   6.12500000000000        1161.95600090423        1101.94474425230     
   6.15000000000000        1161.95596507382        1101.94470427366     
   6.17500000000000        1161.95593069649        1101.94466591631     
   6.20000000000000        1161.95589771329        1101.94462911447     
   6.22500000000000        1161.95586606767        1101.94459380503     
   6.25000000000000        1161.95583570537        1101.94455992747     
