  5.000000000000000E-003 -4.431888245405694E-003
  1.000000000000000E-002 -9.256058834557504E-003
  1.500000000000000E-002 -1.359916316120997E-002
  2.000000000000000E-002 -1.767800315701745E-002
  2.500000000000000E-002 -2.164238803533532E-002
  3.000000000000000E-002 -2.557258751739710E-002
  3.500000000000000E-002 -2.950395011650839E-002
  4.000000000000000E-002 -3.344575541144796E-002
  4.500000000000000E-002 -3.739313033403256E-002
  5.000000000000000E-002 -4.133422857512618E-002
  5.500000000000000E-002 -4.525443728740598E-002
  6.000000000000000E-002 -4.913876808263165E-002
  6.500000000000000E-002 -5.297315116457339E-002
  7.000000000000001E-002 -5.674507392467250E-002
  7.500000000000000E-002 -6.044383374701293E-002
  8.000000000000000E-002 -6.406056952791789E-002
  8.500000000000001E-002 -6.758817183915315E-002
  9.000000000000000E-002 -7.102113198612585E-002
  9.500000000000000E-002 -7.435536580407449E-002
  0.100000000000000      -7.758803302418021E-002
  0.105000000000000      -8.071736383418369E-002
  0.110000000000000      -8.374249864639180E-002
  0.115000000000000      -8.666334370657038E-002
  0.120000000000000      -8.948044318447458E-002
  0.125000000000000      -9.219486725376527E-002
  0.130000000000000      -9.480811506599185E-002
  0.135000000000000      -9.732203124360332E-002
  0.140000000000000      -9.973873443059801E-002
  0.145000000000000      -0.102060556465090     
  0.150000000000000      -0.104289990825074     
  0.155000000000000      -0.106429649115565     
  0.160000000000000      -0.108482224493146     
  0.165000000000000      -0.110450461051514     
  0.170000000000000      -0.112337128312666     
  0.175000000000000      -0.114145000079586     
  0.180000000000000      -0.115876837006528     
  0.185000000000000      -0.117535372331819     
  0.190000000000000      -0.119123300296263     
  0.195000000000000      -0.120643266838197     
  0.200000000000000      -0.122097862215347     
  0.205000000000000      -0.123489615254397     
  0.210000000000000      -0.124820988973135     
  0.215000000000000      -0.126094377357446     
  0.220000000000000      -0.127312103107810     
  0.225000000000000      -0.128476416197284     
  0.230000000000000      -0.129589493106672     
  0.235000000000000      -0.130653436622508     
  0.240000000000000      -0.131670276100721     
  0.245000000000000      -0.132641968113415     
  0.250000000000000      -0.133570397408661     
  0.255000000000000      -0.134457378123817     
  0.260000000000000      -0.135304655201964     
  0.265000000000000      -0.136113905968691     
  0.270000000000000      -0.136886741833125     
  0.275000000000000      -0.137624710082584     
  0.280000000000000      -0.138329295745089     
  0.285000000000000      -0.139001923497987     
  0.290000000000000      -0.139643959604383     
  0.295000000000000      -0.140256713862039     
  0.300000000000000      -0.140841441551918     
  0.305000000000000      -0.141399345375637     
  0.310000000000000      -0.141931577372987     
  0.315000000000000      -0.142439240812139     
  0.320000000000000      -0.142923392046556     
  0.325000000000000      -0.143385042333712     
  0.330000000000000      -0.143825159611697     
  0.335000000000000      -0.144244670230625     
  0.340000000000000      -0.144644460636432     
  0.345000000000000      -0.145025379005304     
  0.350000000000000      -0.145388236827469     
  0.355000000000000      -0.145733810439515     
  0.360000000000000      -0.146062842504863     
  0.365000000000000      -0.146376043442265     
  0.370000000000000      -0.146674092802553     
  0.375000000000000      -0.146957640594084     
  0.380000000000000      -0.147227308557582     
  0.385000000000000      -0.147483691391212     
  0.390000000000000      -0.147727357926934     
  0.395000000000000      -0.147958852259276     
  0.400000000000000      -0.148178694827823     
  0.405000000000000      -0.148387383454767     
  0.410000000000000      -0.148585394338956     
  0.415000000000000      -0.148773183007941     
  0.420000000000000      -0.148951185229521     
  0.425000000000000      -0.149119817884330     
  0.430000000000000      -0.149279479801014     
  0.435000000000000      -0.149430552555495     
  0.440000000000000      -0.149573401235828     
  0.445000000000000      -0.149708375174107     
  0.450000000000000      -0.149835808646825     
  0.455000000000000      -0.149956021545002     
  0.460000000000000      -0.150069320015425     
  0.465000000000000      -0.150175997074139     
  0.470000000000000      -0.150276333193390     
  0.475000000000000      -0.150370596863071     
  0.480000000000000      -0.150459045127662     
  0.485000000000000      -0.150541924099628     
  0.490000000000000      -0.150619469450162     
  0.495000000000000      -0.150691906878057     
  0.500000000000000      -0.150759452557560     
  0.505000000000000      -0.150822313565899     
  0.510000000000000      -0.150880688291231     
  0.515000000000000      -0.150934766821708     
  0.520000000000000      -0.150984731316346     
  0.525000000000000      -0.151030756358379     
  0.530000000000000      -0.151073009291777     
  0.535000000000000      -0.151111650541606     
  0.540000000000000      -0.151146833918945     
  0.545000000000000      -0.151178706911028     
  0.550000000000000      -0.151207410957320     
  0.555000000000000      -0.151233081712257     
  0.560000000000000      -0.151255849295331     
  0.565000000000000      -0.151275838529225     
  0.570000000000000      -0.151293169166719     
  0.575000000000000      -0.151307956106998     
  0.580000000000000      -0.151320309602033     
  0.585000000000000      -0.151330335453683     
  0.590000000000000      -0.151338135202031     
  0.595000000000000      -0.151343806305566     
  0.600000000000000      -0.151347442313660     
  0.605000000000000      -0.151349133031792     
  0.610000000000000      -0.151348964679919     
  0.615000000000000      -0.151347020044328     
  0.620000000000000      -0.151343378623252     
  0.625000000000000      -0.151338116766503     
  0.630000000000000      -0.151331307809318     
  0.635000000000000      -0.151323022200592     
  0.640000000000000      -0.151313327625621     
  0.645000000000000      -0.151302289123485     
  0.650000000000000      -0.151289969199163     
  0.655000000000000      -0.151276427930492     
  0.660000000000000      -0.151261723070059     
  0.665000000000000      -0.151245910142141     
  0.670000000000000      -0.151229042534817     
  0.675000000000000      -0.151211171587409     
  0.680000000000000      -0.151192346673399     
  0.685000000000000      -0.151172615279042     
  0.690000000000000      -0.151152023077864     
  0.695000000000000      -0.151130614001309     
  0.700000000000000      -0.151108430305775     
  0.705000000000000      -0.151085512636317     
  0.710000000000000      -0.151061900087299     
  0.715000000000000      -0.151037630260272     
  0.720000000000000      -0.151012739319350     
  0.725000000000000      -0.150987262044363     
  0.730000000000000      -0.150961231882003     
  0.735000000000000      -0.150934680995215     
  0.740000000000000      -0.150907640310995     
  0.745000000000000      -0.150880139566763     
  0.750000000000000      -0.150852207355433     
  0.755000000000000      -0.150823871169236     
  0.760000000000000      -0.150795157442390     
  0.765000000000000      -0.150766091592569     
  0.770000000000000      -0.150736698061199     
  0.775000000000000      -0.150707000352511     
  0.780000000000000      -0.150677021071300     
  0.785000000000000      -0.150646781959311     
  0.790000000000000      -0.150616303930161     
  0.795000000000000      -0.150585607102748     
  0.800000000000000      -0.150554710833051     
  0.805000000000000      -0.150523633744271     
  0.810000000000000      -0.150492393755313     
  0.815000000000000      -0.150461008107551     
  0.820000000000000      -0.150429493389952     
  0.825000000000000      -0.150397865562569     
  0.830000000000000      -0.150366139978505     
  0.835000000000000      -0.150334331404453     
  0.840000000000000      -0.150302454039929     
  0.845000000000000      -0.150270521535366     
  0.850000000000000      -0.150238547009215     
  0.855000000000000      -0.150206543064236     
  0.860000000000000      -0.150174521803134     
  0.865000000000000      -0.150142494843721     
  0.870000000000000      -0.150110473333723     
  0.875000000000000      -0.150078467965407     
  0.880000000000000      -0.150046488990090     
  0.885000000000000      -0.150014546232628     
  0.890000000000000      -0.149982649105945     
  0.895000000000000      -0.149950806625582     
  0.900000000000000      -0.149919027424302     
  0.905000000000000      -0.149887319766658     
  0.910000000000000      -0.149855691563496     
  0.915000000000000      -0.149824150386278     
  0.920000000000000      -0.149792703481141     
  0.925000000000000      -0.149761357782569     
  0.930000000000000      -0.149730119926570     
  0.935000000000000      -0.149698996263246     
  0.940000000000000      -0.149667992868666     
  0.945000000000000      -0.149637115555948     
  0.950000000000000      -0.149606369885514     
  0.955000000000000      -0.149575761174455     
  0.960000000000000      -0.149545294505030     
  0.965000000000000      -0.149514974732295     
  0.970000000000000      -0.149484806490932     
  0.975000000000000      -0.149454794201348     
  0.980000000000000      -0.149424942075128     
  0.985000000000000      -0.149395254119989     
  0.990000000000000      -0.149365734144325     
  0.995000000000000      -0.149336385761509     
   1.00000000000000      -0.149307212394069     
   1.00500000000000      -0.149278217277869     
   1.01000000000000      -0.149249403466408     
   1.01500000000000      -0.149220773835345     
   1.02000000000000      -0.149192331087307     
   1.02500000000000      -0.149164077757042     
   1.03000000000000      -0.149136016216926     
   1.03500000000000      -0.149108148682843     
   1.04000000000000      -0.149080477220362     
   1.04500000000000      -0.149053003751191     
   1.05000000000000      -0.149025730059805     
   1.05500000000000      -0.148998657800152     
   1.06000000000000      -0.148971788502334     
   1.06500000000000      -0.148945123579143     
   1.07000000000000      -0.148918664332334     
   1.07500000000000      -0.148892411958531     
   1.08000000000000      -0.148866367554670     
   1.08500000000000      -0.148840532122895     
   1.09000000000000      -0.148814906574865     
   1.09500000000000      -0.148789491735410     
   1.10000000000000      -0.148764288345580     
   1.10500000000000      -0.148739297065043     
   1.11000000000000      -0.148714518473956     
   1.11500000000000      -0.148689953074302     
   1.12000000000000      -0.148665601290854     
   1.12500000000000      -0.148641463471814     
   1.13000000000000      -0.148617539889295     
   1.13500000000000      -0.148593830739720     
   1.14000000000000      -0.148570336144298     
   1.14500000000000      -0.148547056149651     
   1.15000000000000      -0.148523990728723     
   1.15500000000000      -0.148501139782028     
   1.16000000000000      -0.148478503139301     
   1.16500000000000      -0.148456080561591     
   1.17000000000000      -0.148433871743799     
   1.17500000000000      -0.148411876317623     
   1.18000000000000      -0.148390093854911     
   1.18500000000000      -0.148368523871298     
   1.19000000000000      -0.148347165830088     
   1.19500000000000      -0.148326019146249     
   1.20000000000000      -0.148305083190431     
   1.20500000000000      -0.148284357292874     
   1.21000000000000      -0.148263840747129     
   1.21500000000000      -0.148243532813443     
   1.22000000000000      -0.148223432721769     
   1.22500000000000      -0.148203539674289     
   1.23000000000000      -0.148183852847432     
   1.23500000000000      -0.148164371393347     
   1.24000000000000      -0.148145094440841     
   1.24500000000000      -0.148126021095798     
   1.25000000000000      -0.148107150441145     
   1.25500000000000      -0.148088481536425     
   1.26000000000000      -0.148070013417076     
   1.26500000000000      -0.148051745093512     
   1.27000000000000      -0.148033675550118     
   1.27500000000000      -0.148015803744281     
   1.28000000000000      -0.147998128605550     
   1.28500000000000      -0.147980649035045     
   1.29000000000000      -0.147963363905172     
   1.29500000000000      -0.147946272059751     
   1.30000000000000      -0.147929372314556     
   1.30500000000000      -0.147912663458335     
   1.31000000000000      -0.147896144254264     
   1.31500000000000      -0.147879813441833     
   1.32000000000000      -0.147863669739108     
   1.32500000000000      -0.147847711845284     
   1.33000000000000      -0.147831938443459     
   1.33500000000000      -0.147816348203506     
   1.34000000000000      -0.147800939784970     
   1.34500000000000      -0.147785711839831     
   1.35000000000000      -0.147770663015089     
   1.35500000000000      -0.147755791955027     
   1.36000000000000      -0.147741097303101     
   1.36500000000000      -0.147726577703387     
   1.37000000000000      -0.147712231801546     
   1.37500000000000      -0.147698058245306     
   1.38000000000000      -0.147684055684437     
   1.38500000000000      -0.147670222770306     
   1.39000000000000      -0.147656558155001     
   1.39500000000000      -0.147643060490167     
   1.40000000000000      -0.147629728425593     
   1.40500000000000      -0.147616560607668     
   1.41000000000000      -0.147603555677838     
   1.41500000000000      -0.147590712271114     
   1.42000000000000      -0.147578029014784     
   1.42500000000000      -0.147565504527399     
   1.43000000000000      -0.147553137418105     
   1.43500000000000      -0.147540926286380     
   1.44000000000000      -0.147528869722213     
   1.44500000000000      -0.147516966306734     
   1.45000000000000      -0.147505214613286     
   1.45500000000000      -0.147493613208892     
   1.46000000000000      -0.147482160656068     
   1.46500000000000      -0.147470855514915     
   1.47000000000000      -0.147459696345372     
   1.47500000000000      -0.147448681709576     
   1.48000000000000      -0.147437810174162     
   1.48500000000000      -0.147427080312475     
   1.49000000000000      -0.147416490706532     
   1.49500000000000      -0.147406039948691     
   1.50000000000000      -0.147395726642936     
   1.50500000000000      -0.147385549405736     
   1.51000000000000      -0.147375506866449     
   1.51500000000000      -0.147365597667263     
   1.52000000000000      -0.147355820462688     
   1.52500000000000      -0.147346173918653     
   1.53000000000000      -0.147336656711244     
   1.53500000000000      -0.147327267525193     
   1.54000000000000      -0.147318005052176     
   1.54500000000000      -0.147308867989027     
   1.55000000000000      -0.147299855036002     
   1.55500000000000      -0.147290964895140     
   1.56000000000000      -0.147282196268853     
   1.56500000000000      -0.147273547858812     
   1.57000000000000      -0.147265018365198     
   1.57500000000000      -0.147256606486361     
   1.58000000000000      -0.147248310918911     
   1.58500000000000      -0.147240130358247     
   1.59000000000000      -0.147232063499503     
   1.59500000000000      -0.147224109038856     
   1.60000000000000      -0.147216265675162     
   1.60500000000000      -0.147208532111804     
   1.61000000000000      -0.147200907058696     
   1.61500000000000      -0.147193389234333     
   1.62000000000000      -0.147185977367773     
   1.62500000000000      -0.147178670200486     
   1.63000000000000      -0.147171466487949     
   1.63500000000000      -0.147164365000932     
   1.64000000000000      -0.147157364526408     
   1.64500000000000      -0.147150463868037     
   1.65000000000000      -0.147143661846227     
   1.65500000000000      -0.147136957297742     
   1.66000000000000      -0.147130349074923     
   1.66500000000000      -0.147123836044523     
   1.67000000000000      -0.147117417086257     
   1.67500000000000      -0.147111091091124     
   1.68000000000000      -0.147104856959603     
   1.68500000000000      -0.147098713599801     
   1.69000000000000      -0.147092659925688     
   1.69500000000000      -0.147086694855459     
   1.70000000000000      -0.147080817310161     
   1.70500000000000      -0.147075026212620     
   1.71000000000000      -0.147069320486741     
   1.71500000000000      -0.147063699057221     
   1.72000000000000      -0.147058160849673     
   1.72500000000000      -0.147052704791171     
   1.73000000000000      -0.147047329811176     
   1.73500000000000      -0.147042034842820     
   1.74000000000000      -0.147036818824429     
   1.74500000000000      -0.147031680701277     
   1.75000000000000      -0.147026619427412     
   1.75500000000000      -0.147021633967528     
   1.76000000000000      -0.147016723298716     
   1.76500000000000      -0.147011886412059     
   1.77000000000000      -0.147007122313976     
   1.77500000000000      -0.147002430027229     
   1.78000000000000      -0.146997808591557     
   1.78500000000000      -0.146993257063912     
   1.79000000000000      -0.146988774518263     
   1.79500000000000      -0.146984360045009     
   1.80000000000000      -0.146980012750000     
   1.80500000000000      -0.146975731753245     
   1.81000000000000      -0.146971516187347     
   1.81500000000000      -0.146967365195779     
   1.82000000000000      -0.146963277931051     
   1.82500000000000      -0.146959253552895     
   1.83000000000000      -0.146955291226535     
   1.83500000000000      -0.146951390121144     
   1.84000000000000      -0.146947549408567     
   1.84500000000000      -0.146943768262358     
   1.85000000000000      -0.146940045857193     
   1.85500000000000      -0.146936381368689     
   1.86000000000000      -0.146932773973609     
   1.86500000000000      -0.146929222850483     
   1.87000000000000      -0.146925727180565     
   1.87500000000000      -0.146922286149105     
   1.88000000000000      -0.146918898946857     
   1.88500000000000      -0.146915564771738     
   1.89000000000000      -0.146912282830563     
   1.89500000000000      -0.146909052340747     
   1.90000000000000      -0.146905872531903     
   1.90500000000000      -0.146902742647242     
   1.91000000000000      -0.146899661944693     
   1.91500000000000      -0.146896629697707     
   1.92000000000000      -0.146893645195683     
   1.92500000000000      -0.146890707743991     
   1.93000000000000      -0.146887816663617     
   1.93500000000000      -0.146884971290401     
   1.94000000000000      -0.146882170973957     
   1.94500000000000      -0.146879415076288     
   1.95000000000000      -0.146876702970191     
   1.95500000000000      -0.146874034037513     
   1.96000000000000      -0.146871407667371     
   1.96500000000000      -0.146868823254389     
   1.97000000000000      -0.146866280197081     
   1.97500000000000      -0.146863777896421     
   1.98000000000000      -0.146861315754703     
   1.98500000000000      -0.146858893174719     
   1.99000000000000      -0.146856509559321     
   1.99500000000000      -0.146854164311348     
   2.00000000000000      -0.146851856833966     
   2.00500000000000      -0.146849586531349     
   2.01000000000000      -0.146847352809707     
   2.01500000000000      -0.146845155078567     
   2.02000000000000      -0.146842992752264     
   2.02500000000000      -0.146840865251548     
   2.03000000000000      -0.146838772005224     
   2.03500000000000      -0.146836712451738     
   2.04000000000000      -0.146834686040625     
   2.04500000000000      -0.146832692233745     
   2.05000000000000      -0.146830730506225     
   2.05500000000000      -0.146828800347089     
   2.06000000000000      -0.146826901259500     
   2.06500000000000      -0.146825032760634     
   2.07000000000000      -0.146823194381177     
   2.07500000000000      -0.146821385664462     
   2.08000000000000      -0.146819606165299     
   2.08500000000000      -0.146817855448561     
   2.09000000000000      -0.146816133087574     
   2.09500000000000      -0.146814438662409     
   2.10000000000000      -0.146812771758174     
   2.10500000000000      -0.146811131963341     
   2.11000000000000      -0.146809518868266     
   2.11500000000000      -0.146807932063884     
   2.12000000000000      -0.146806371140742     
   2.12500000000000      -0.146804835688319     
   2.13000000000000      -0.146803325294740     
   2.13500000000000      -0.146801839546847     
   2.14000000000000      -0.146800378030646     
   2.14500000000000      -0.146798940332085     
   2.15000000000000      -0.146797526038132     
   2.15500000000000      -0.146796134738084     
   2.16000000000000      -0.146794766025038     
   2.16500000000000      -0.146793419497460     
   2.17000000000000      -0.146792094760732     
   2.17500000000000      -0.146790791428639     
   2.18000000000000      -0.146789509124681     
   2.18500000000000      -0.146788247483156     
   2.19000000000000      -0.146787006149959     
   2.19500000000000      -0.146785784783041     
   2.20000000000000      -0.146784583052512     
   2.20500000000000      -0.146783400640383     
   2.21000000000000      -0.146782237239949     
   2.21500000000000      -0.146781092554845     
   2.22000000000000      -0.146779966297833     
   2.22500000000000      -0.146778858189363     
   2.23000000000000      -0.146777767955992     
   2.23500000000000      -0.146776695328741     
   2.24000000000000      -0.146775640041453     
   2.24500000000000      -0.146774601829265     
   2.25000000000000      -0.146773580427239     
   2.25500000000000      -0.146772575569237     
   2.26000000000000      -0.146771586987090     
   2.26500000000000      -0.146770614410095     
   2.27000000000000      -0.146769657564872     
   2.27500000000000      -0.146768716175579     
   2.28000000000000      -0.146767789964458     
   2.28500000000000      -0.146766878652713     
   2.29000000000000      -0.146765981961629     
   2.29500000000000      -0.146765099613908     
   2.30000000000000      -0.146764231335121     
   2.30500000000000      -0.146763376855226     
   2.31000000000000      -0.146762535910045     
   2.31500000000000      -0.146761708242631     
   2.32000000000000      -0.146760893604470     
   2.32500000000000      -0.146760091756420     
   2.33000000000000      -0.146759302469365     
   2.33500000000000      -0.146758525524541     
   2.34000000000000      -0.146757760713503     
   2.34500000000000      -0.146757007837760     
   2.35000000000000      -0.146756266708059     
   2.35500000000000      -0.146755537143399     
   2.36000000000000      -0.146754818969765     
   2.36500000000000      -0.146754112018721     
   2.37000000000000      -0.146753416125850     
   2.37500000000000      -0.146752731129191     
   2.38000000000000      -0.146752056867702     
   2.38500000000000      -0.146751393179851     
   2.39000000000000      -0.146750739902397     
   2.39500000000000      -0.146750096869419     
   2.40000000000000      -0.146749463911647     
   2.40500000000000      -0.146748840856116     
   2.41000000000000      -0.146748227526169     
   2.41500000000000      -0.146747623741795     
   2.42000000000000      -0.146747029320287     
   2.42500000000000      -0.146746444077187     
   2.43000000000000      -0.146745867827455     
   2.43500000000000      -0.146745300386809     
   2.44000000000000      -0.146744741573164     
   2.44500000000000      -0.146744191208080     
   2.45000000000000      -0.146743649118172     
   2.45500000000000      -0.146743115136365     
   2.46000000000000      -0.146742589102973     
   2.46500000000000      -0.146742070866510     
   2.47000000000000      -0.146741560284211     
   2.47500000000000      -0.146741057222221     
   2.48000000000000      -0.146740561555457     
   2.48500000000000      -0.146740073167130     
   2.49000000000000      -0.146739591947974     
   2.49500000000000      -0.146739117795194     
   2.50000000000000      -0.146738650611215     
   2.52500000000000      -0.146736446496407     
   2.55000000000000      -0.146734396907413     
   2.57500000000000      -0.146732488574519     
   2.60000000000000      -0.146730708593185     
   2.62500000000000      -0.146729045664197     
   2.65000000000000      -0.146727490420983     
   2.67500000000000      -0.146726034816456     
   2.70000000000000      -0.146724671307121     
   2.72500000000000      -0.146723392492536     
   2.75000000000000      -0.146722191298153     
   2.77500000000000      -0.146721061334440     
   2.80000000000000      -0.146719997048718     
   2.82500000000000      -0.146718993578208     
   2.85000000000000      -0.146718046481896     
   2.87500000000000      -0.146717151569703     
   2.90000000000000      -0.146716304901937     
   2.92500000000000      -0.146715502876056     
   2.95000000000000      -0.146714742278065     
   2.97500000000000      -0.146714020245911     
   3.00000000000000      -0.146713334181036     
   3.02500000000000      -0.146712681675259     
   3.05000000000000      -0.146712060487918     
   3.07500000000000      -0.146711468558569     
   3.10000000000000      -0.146710904018708     
   3.12500000000000      -0.146710365179963     
   3.15000000000000      -0.146709850503379     
   3.17500000000000      -0.146709358569037     
   3.20000000000000      -0.146708888059696     
   3.22500000000000      -0.146708437757593     
   3.25000000000000      -0.146708006544220     
   3.27500000000000      -0.146707593394706     
   3.30000000000000      -0.146707197366103     
   3.32500000000000      -0.146706817584611     
   3.35000000000000      -0.146706453236564     
   3.37500000000000      -0.146706103564012     
   3.40000000000000      -0.146705767862285     
   3.42500000000000      -0.146705445476720     
   3.45000000000000      -0.146705135797645     
   3.47500000000000      -0.146704838254835     
   3.50000000000000      -0.146704552312939     
   3.52500000000000      -0.146704277468494     
   3.55000000000000      -0.146704013247883     
   3.57500000000000      -0.146703759205383     
   3.60000000000000      -0.146703514920802     
   3.62500000000000      -0.146703279996957     
   3.65000000000000      -0.146703054057424     
   3.67500000000000      -0.146702836744825     
   3.70000000000000      -0.146702627719528     
   3.72500000000000      -0.146702426658514     
   3.75000000000000      -0.146702233254186     
   3.77500000000000      -0.146702047213156     
   3.80000000000000      -0.146701868255139     
   3.82500000000000      -0.146701696112009     
   3.85000000000000      -0.146701530527056     
   3.87500000000000      -0.146701371254329     
   3.90000000000000      -0.146701218057996     
   3.92500000000000      -0.146701070711742     
   3.95000000000000      -0.146700928998173     
   3.97500000000000      -0.146700792708318     
   4.00000000000000      -0.146700661641193     
   4.02500000000000      -0.146700535603406     
   4.05000000000000      -0.146700414408811     
   4.07500000000000      -0.146700297878148     
   4.10000000000000      -0.146700185838726     
   4.12500000000000      -0.146700078124129     
   4.15000000000000      -0.146699974573940     
   4.17500000000000      -0.146699875033503     
   4.20000000000000      -0.146699779353696     
   4.22500000000000      -0.146699687390715     
   4.25000000000000      -0.146699599005871     
   4.27500000000000      -0.146699514065388     
   4.30000000000000      -0.146699432440235     
   4.32500000000000      -0.146699354005946     
   4.35000000000000      -0.146699278642470     
   4.37500000000000      -0.146699206234017     
   4.40000000000000      -0.146699136668901     
   4.42500000000000      -0.146699069839417     
   4.45000000000000      -0.146699005641689     
   4.47500000000000      -0.146698943975558     
   4.50000000000000      -0.146698884744448     
   4.52500000000000      -0.146698827855252     
   4.55000000000000      -0.146698773218214     
   4.57500000000000      -0.146698720746828     
   4.60000000000000      -0.146698670357716     
   4.62500000000000      -0.146698621970538     
   4.65000000000000      -0.146698575507881     
   4.67500000000000      -0.146698530895171     
   4.70000000000000      -0.146698488060574     
   4.72500000000000      -0.146698446934903     
   4.75000000000000      -0.146698407451536     
   4.77500000000000      -0.146698369546322     
   4.80000000000000      -0.146698333157502     
   4.82500000000000      -0.146698298225624     
   4.85000000000000      -0.146698264693472     
   4.87500000000000      -0.146698232505981     
   4.90000000000000      -0.146698201610166     
   4.92500000000000      -0.146698171955048     
   4.95000000000000      -0.146698143491592     
   4.97500000000000      -0.146698116172624     
   5.00000000000000      -0.146698089952781     
   5.02500000000000      -0.146698064788434     
   5.05000000000000      -0.146698040637635     
   5.07500000000000      -0.146698017460054     
   5.10000000000000      -0.146697995216919     
   5.12500000000000      -0.146697973870958     
   5.15000000000000      -0.146697953386354     
   5.17500000000000      -0.146697933728676     
   5.20000000000000      -0.146697914864845     
   5.22500000000000      -0.146697896763069     
   5.25000000000000      -0.146697879392808     
   5.27500000000000      -0.146697862724716     
   5.30000000000000      -0.146697846730607     
   5.32500000000000      -0.146697831383403     
   5.35000000000000      -0.146697816657096     
   5.37500000000000      -0.146697802526706     
   5.40000000000000      -0.146697788968244     
   5.42500000000000      -0.146697775958674     
   5.45000000000000      -0.146697763475871     
   5.47500000000000      -0.146697751498595     
   5.50000000000000      -0.146697740006452     
   5.52500000000000      -0.146697728979858     
   5.55000000000000      -0.146697718400016     
   5.57500000000000      -0.146697708248875     
   5.60000000000000      -0.146697698509112     
   5.62500000000000      -0.146697689164097     
   5.65000000000000      -0.146697680197864     
   5.67500000000000      -0.146697671595091     
   5.70000000000000      -0.146697663341070     
   5.72500000000000      -0.146697655421685     
   5.75000000000000      -0.146697647823390     
   5.77500000000000      -0.146697640533180     
   5.80000000000000      -0.146697633538577     
   5.82500000000000      -0.146697626827609     
   5.85000000000000      -0.146697620388778     
   5.87500000000000      -0.146697614211060     
   5.90000000000000      -0.146697608283871     
   5.92500000000000      -0.146697602597056     
   5.95000000000000      -0.146697597140869     
   5.97500000000000      -0.146697591905962     
   6.00000000000000      -0.146697586883360     
   6.02500000000000      -0.146697582064453     
   6.05000000000000      -0.146697577440984     
   6.07500000000000      -0.146697573005022     
   6.10000000000000      -0.146697568748965     
   6.12500000000000      -0.146697564665515     
   6.15000000000000      -0.146697560747670     
   6.17500000000000      -0.146697556988712     
   6.20000000000000      -0.146697553382198     
   6.22500000000000      -0.146697549921940     
   6.25000000000000      -0.146697546602007     
