  5.000000000000000E-003 -6.207160685655541E-005
  1.000000000000000E-002 -1.472907216761871E-003
  1.500000000000000E-002 -3.337428166665595E-003
  2.000000000000000E-002 -5.635517046282227E-003
  2.500000000000000E-002 -8.321493900810217E-003
  3.000000000000000E-002 -1.133723514273098E-002
  3.500000000000000E-002 -1.462126461957442E-002
  4.000000000000000E-002 -1.811420889795407E-002
  4.500000000000000E-002 -2.176168424611297E-002
  5.000000000000000E-002 -2.551555217172746E-002
  5.500000000000000E-002 -2.933420745434732E-002
  6.000000000000000E-002 -3.318233003758651E-002
  6.500000000000000E-002 -3.703036755906967E-002
  7.000000000000001E-002 -4.085390725782787E-002
  7.500000000000000E-002 -4.463302787128400E-002
  8.000000000000000E-002 -4.835168034173695E-002
  8.500000000000001E-002 -5.199712113713551E-002
  9.000000000000000E-002 -5.555940742579733E-002
  9.500000000000000E-002 -5.903095517397148E-002
  0.100000000000000      -6.240615691125877E-002
  0.105000000000000      -6.568105385537296E-002
  0.110000000000000      -6.885305634119201E-002
  0.115000000000000      -7.192070647782908E-002
  0.120000000000000      -7.488347731492040E-002
  0.125000000000000      -7.774160333229632E-002
  0.130000000000000      -8.049593765931992E-002
  0.135000000000000      -8.314783201726451E-002
  0.140000000000000      -8.569903592693930E-002
  0.145000000000000      -8.815161221931682E-002
  0.150000000000000      -9.050786632450905E-002
  0.155000000000000      -9.277028719513764E-002
  0.160000000000000      -9.494149804795543E-002
  0.165000000000000      -9.702421538782267E-002
  0.170000000000000      -9.902121501650112E-002
  0.175000000000000      -0.100935303930739     
  0.180000000000000      -0.102769297184911     
  0.185000000000000      -0.104525998937617     
  0.190000000000000      -0.106208187023234     
  0.195000000000000      -0.107818600491809     
  0.200000000000000      -0.109359929647082     
  0.205000000000000      -0.110834808185139     
  0.210000000000000      -0.112245807097591     
  0.215000000000000      -0.113595430054919     
  0.220000000000000      -0.114886110029324     
  0.225000000000000      -0.116120206953333     
  0.230000000000000      -0.117300006241645     
  0.235000000000000      -0.118427718030059     
  0.240000000000000      -0.119505477007737     
  0.245000000000000      -0.120535342737967     
  0.250000000000000      -0.121519300378682     
  0.255000000000000      -0.122459261727599     
  0.260000000000000      -0.123357066528447     
  0.265000000000000      -0.124214483984553     
  0.270000000000000      -0.125033214434450     
  0.275000000000000      -0.125814891151233     
  0.280000000000000      -0.126561082233456     
  0.285000000000000      -0.127273292560495     
  0.290000000000000      -0.127952965789664     
  0.295000000000000      -0.128601486376085     
  0.300000000000000      -0.129220181599492     
  0.305000000000000      -0.129810323584801     
  0.310000000000000      -0.130373131305604     
  0.315000000000000      -0.130909772561654     
  0.320000000000000      -0.131421365923070     
  0.325000000000000      -0.131908982635409     
  0.330000000000000      -0.132373648480923     
  0.335000000000000      -0.132816345592348     
  0.340000000000000      -0.133238014216427     
  0.345000000000000      -0.133639554425127     
  0.350000000000000      -0.134021827773095     
  0.355000000000000      -0.134385658900469     
  0.360000000000000      -0.134731837080606     
  0.365000000000000      -0.135061117712664     
  0.370000000000000      -0.135374223759318     
  0.375000000000000      -0.135671847130175     
  0.380000000000000      -0.135954650011681     
  0.385000000000000      -0.136223266144522     
  0.390000000000000      -0.136478302049689     
  0.395000000000000      -0.136720338204522     
  0.400000000000000      -0.136949930170143     
  0.405000000000000      -0.137167609671804     
  0.410000000000000      -0.137373885633715     
  0.415000000000000      -0.137569245169985     
  0.420000000000000      -0.137754154533321     
  0.425000000000000      -0.137929060023140     
  0.430000000000000      -0.138094388854756     
  0.435000000000000      -0.138250549991256     
  0.440000000000000      -0.138397934939666     
  0.445000000000000      -0.138536918512953     
  0.450000000000000      -0.138667859559344     
  0.455000000000000      -0.138791101660387     
  0.460000000000000      -0.138906973799112     
  0.465000000000000      -0.139015790999560     
  0.470000000000000      -0.139117854938887     
  0.475000000000000      -0.139213454533176     
  0.480000000000000      -0.139302866497996     
  0.485000000000000      -0.139386355884705     
  0.490000000000000      -0.139464176593424     
  0.495000000000000      -0.139536571863526     
  0.500000000000000      -0.139603774742483     
  0.505000000000000      -0.139666008533838     
  0.510000000000000      -0.139723487225046     
  0.515000000000000      -0.139776415895911     
  0.520000000000000      -0.139824991108334     
  0.525000000000000      -0.139869401278056     
  0.530000000000000      -0.139909827029114     
  0.535000000000000      -0.139946441531688     
  0.540000000000000      -0.139979410824062     
  0.545000000000000      -0.140008894119390     
  0.550000000000000      -0.140035044097996     
  0.555000000000000      -0.140058007185917     
  0.560000000000000      -0.140077923820395     
  0.565000000000000      -0.140094928703058     
  0.570000000000000      -0.140109151041450     
  0.575000000000000      -0.140120714779621     
  0.580000000000000      -0.140129738818418     
  0.585000000000000      -0.140136337226113     
  0.590000000000000      -0.140140619439939     
  0.595000000000000      -0.140142690459104     
  0.600000000000000      -0.140142651029760     
  0.605000000000000      -0.140140597822386     
  0.610000000000000      -0.140136623601983     
  0.615000000000000      -0.140130817391421     
  0.620000000000000      -0.140123264628239     
  0.625000000000000      -0.140114047315150     
  0.630000000000000      -0.140103244164445     
  0.635000000000000      -0.140090930736488     
  0.640000000000000      -0.140077179572430     
  0.645000000000000      -0.140062060321272     
  0.650000000000000      -0.140045639861380     
  0.655000000000000      -0.140027982416568     
  0.660000000000000      -0.140009149666840     
  0.665000000000000      -0.139989200853917     
  0.670000000000000      -0.139968192881678     
  0.675000000000000      -0.139946180411669     
  0.680000000000000      -0.139923215953838     
  0.685000000000000      -0.139899349952720     
  0.690000000000000      -0.139874630869269     
  0.695000000000000      -0.139849105258588     
  0.700000000000000      -0.139822817843829     
  0.705000000000000      -0.139795811586520     
  0.710000000000000      -0.139768127753621     
  0.715000000000000      -0.139739805981579     
  0.720000000000000      -0.139710884337680     
  0.725000000000000      -0.139681399378940     
  0.730000000000000      -0.139651386208819     
  0.735000000000000      -0.139620878531943     
  0.740000000000000      -0.139589908707070     
  0.745000000000000      -0.139558507798417     
  0.750000000000000      -0.139526705625515     
  0.755000000000000      -0.139494530811641     
  0.760000000000000      -0.139462010830912     
  0.765000000000000      -0.139429172054027     
  0.770000000000000      -0.139396039792673     
  0.775000000000000      -0.139362638342529     
  0.780000000000000      -0.139328991024834     
  0.785000000000000      -0.139295120226435     
  0.790000000000000      -0.139261047438244     
  0.795000000000000      -0.139226793292033     
  0.800000000000000      -0.139192377595500     
  0.805000000000000      -0.139157819365563     
  0.810000000000000      -0.139123136859847     
  0.815000000000000      -0.139088347606369     
  0.820000000000000      -0.139053468431442     
  0.825000000000000      -0.139018515485857     
  0.830000000000000      -0.138983504269413     
  0.835000000000000      -0.138948449653924     
  0.840000000000000      -0.138913365904821     
  0.845000000000000      -0.138878266701506     
  0.850000000000000      -0.138843165156617     
  0.855000000000000      -0.138808073834393     
  0.860000000000000      -0.138773004768288     
  0.865000000000000      -0.138737969478017     
  0.870000000000000      -0.138702978986171     
  0.875000000000000      -0.138668043834558     
  0.880000000000000      -0.138633174100344     
  0.885000000000000      -0.138598379412114     
  0.890000000000000      -0.138563668965874     
  0.895000000000000      -0.138529051541029     
  0.900000000000000      -0.138494535516324     
  0.905000000000000      -0.138460128885710     
  0.910000000000000      -0.138425839274062     
  0.915000000000000      -0.138391673952682     
  0.920000000000000      -0.138357639854463     
  0.925000000000000      -0.138323743588635     
  0.930000000000000      -0.138289991454951     
  0.935000000000000      -0.138256389457232     
  0.940000000000000      -0.138222943316164     
  0.945000000000000      -0.138189658481270     
  0.950000000000000      -0.138156540141997     
  0.955000000000000      -0.138123593237900     
  0.960000000000000      -0.138090822467893     
  0.965000000000000      -0.138058232298616     
  0.970000000000000      -0.138025826971953     
  0.975000000000000      -0.137993610511779     
  0.980000000000000      -0.137961586730045     
  0.985000000000000      -0.137929759232304     
  0.990000000000000      -0.137898131422811     
  0.995000000000000      -0.137866706509343     
   1.00000000000000      -0.137835487507853     
   1.00500000000000      -0.137804477247106     
   1.01000000000000      -0.137773678373398     
   1.01500000000000      -0.137743093355471     
   1.02000000000000      -0.137712724489687     
   1.02500000000000      -0.137682573905513     
   1.03000000000000      -0.137652643571354     
   1.03500000000000      -0.137622935300706     
   1.04000000000000      -0.137593450758617     
   1.04500000000000      -0.137564191468386     
   1.05000000000000      -0.137535158818424     
   1.05500000000000      -0.137506354069180     
   1.06000000000000      -0.137477778360028     
   1.06500000000000      -0.137449432715990     
   1.07000000000000      -0.137421318054191     
   1.07500000000000      -0.137393435189934     
   1.08000000000000      -0.137365784842301     
   1.08500000000000      -0.137338367639205     
   1.09000000000000      -0.137311184121823     
   1.09500000000000      -0.137284234748399     
   1.10000000000000      -0.137257519897398     
   1.10500000000000      -0.137231039870034     
   1.11000000000000      -0.137204794892222     
   1.11500000000000      -0.137178785116027     
   1.12000000000000      -0.137153010620690     
   1.12500000000000      -0.137127471413351     
   1.13000000000000      -0.137102167429583     
   1.13500000000000      -0.137077098533839     
   1.14000000000000      -0.137052264519966     
   1.14500000000000      -0.137027665111859     
   1.15000000000000      -0.137003299964386     
   1.15500000000000      -0.136979168664639     
   1.16000000000000      -0.136955270733586     
   1.16500000000000      -0.136931605628155     
   1.17000000000000      -0.136908172743745     
   1.17500000000000      -0.136884971417166     
   1.18000000000000      -0.136862000929948     
   1.18500000000000      -0.136839260511956     
   1.19000000000000      -0.136816749345233     
   1.19500000000000      -0.136794466567968     
   1.20000000000000      -0.136772411278469     
   1.20500000000000      -0.136750582539045     
   1.21000000000000      -0.136728979379683     
   1.21500000000000      -0.136707600801408     
   1.22000000000000      -0.136686445779250     
   1.22500000000000      -0.136665513264745     
   1.23000000000000      -0.136644802187912     
   1.23500000000000      -0.136624311458702     
   1.24000000000000      -0.136604039967897     
   1.24500000000000      -0.136583986587502     
   1.25000000000000      -0.136564150170674     
   1.25500000000000      -0.136544529551256     
   1.26000000000000      -0.136525123543021     
   1.26500000000000      -0.136505930938703     
   1.27000000000000      -0.136486950508956     
   1.27500000000000      -0.136468181001321     
   1.28000000000000      -0.136449621139342     
   1.28500000000000      -0.136431269621904     
   1.29000000000000      -0.136413125122899     
   1.29500000000000      -0.136395186291275     
   1.30000000000000      -0.136377451751514     
   1.30500000000000      -0.136359920104576     
   1.31000000000000      -0.136342589929282     
   1.31500000000000      -0.136325459784126     
   1.32000000000000      -0.136308528209463     
   1.32500000000000      -0.136291793729989     
   1.33000000000000      -0.136275254857443     
   1.33500000000000      -0.136258910093421     
   1.34000000000000      -0.136242757932190     
   1.34500000000000      -0.136226796863409     
   1.35000000000000      -0.136211025374641     
   1.35500000000000      -0.136195441953573     
   1.36000000000000      -0.136180045089846     
   1.36500000000000      -0.136164833276467     
   1.37000000000000      -0.136149805010721     
   1.37500000000000      -0.136134958794612     
   1.38000000000000      -0.136120293134806     
   1.38500000000000      -0.136105806542134     
   1.39000000000000      -0.136091497530694     
   1.39500000000000      -0.136077364616631     
   1.40000000000000      -0.136063406316694     
   1.40500000000000      -0.136049621146653     
   1.41000000000000      -0.136036007619699     
   1.41500000000000      -0.136022564244914     
   1.42000000000000      -0.136009289525939     
   1.42500000000000      -0.135996181959896     
   1.43000000000000      -0.135983240036673     
   1.43500000000000      -0.135970462238608     
   1.44000000000000      -0.135957847040602     
   1.44500000000000      -0.135945392910701     
   1.45000000000000      -0.135933098311100     
   1.45500000000000      -0.135920961699559     
   1.46000000000000      -0.135908981531158     
   1.46500000000000      -0.135897156260332     
   1.47000000000000      -0.135885484343082     
   1.47500000000000      -0.135873964239267     
   1.48000000000000      -0.135862594414886     
   1.48500000000000      -0.135851373344228     
   1.49000000000000      -0.135840299511808     
   1.49500000000000      -0.135829371413999     
   1.50000000000000      -0.135818587560294     
   1.50500000000000      -0.135807946474134     
   1.51000000000000      -0.135797446693291     
   1.51500000000000      -0.135787086769793     
   1.52000000000000      -0.135776865269391     
   1.52500000000000      -0.135766780770644     
   1.53000000000000      -0.135756831863637     
   1.53500000000000      -0.135747017148450     
   1.54000000000000      -0.135737335233437     
   1.54500000000000      -0.135727784733427     
   1.55000000000000      -0.135718364267952     
   1.55500000000000      -0.135709072459588     
   1.56000000000000      -0.135699907932518     
   1.56500000000000      -0.135690869311387     
   1.57000000000000      -0.135681955220520     
   1.57500000000000      -0.135673164283542     
   1.58000000000000      -0.135664495123441     
   1.58500000000000      -0.135655946363055     
   1.59000000000000      -0.135647516625982     
   1.59500000000000      -0.135639204537857     
   1.60000000000000      -0.135631008727944     
   1.60500000000000      -0.135622927830964     
   1.61000000000000      -0.135614960489061     
   1.61500000000000      -0.135607105353824     
   1.62000000000000      -0.135599361088256     
   1.62500000000000      -0.135591726368591     
   1.63000000000000      -0.135584199885885     
   1.63500000000000      -0.135576780347281     
   1.64000000000000      -0.135569466476911     
   1.64500000000000      -0.135562257016381     
   1.65000000000000      -0.135555150724817     
   1.65500000000000      -0.135548146378485     
   1.66000000000000      -0.135541242769992     
   1.66500000000000      -0.135534438707138     
   1.67000000000000      -0.135527733011453     
   1.67500000000000      -0.135521124516522     
   1.68000000000000      -0.135514612066169     
   1.68500000000000      -0.135508194512613     
   1.69000000000000      -0.135501870714676     
   1.69500000000000      -0.135495639536149     
   1.70000000000000      -0.135489499844393     
   1.70500000000000      -0.135483450509256     
   1.71000000000000      -0.135477490402356     
   1.71500000000000      -0.135471618396765     
   1.72000000000000      -0.135465833367114     
   1.72500000000000      -0.135460134190119     
   1.73000000000000      -0.135454519745485     
   1.73500000000000      -0.135448988917153     
   1.74000000000000      -0.135443540594826     
   1.74500000000000      -0.135438173675681     
   1.75000000000000      -0.135432887066198     
   1.75500000000000      -0.135427679684000     
   1.76000000000000      -0.135422550459607     
   1.76500000000000      -0.135417498338018     
   1.77000000000000      -0.135412522280052     
   1.77500000000000      -0.135407621263350     
   1.78000000000000      -0.135402794283017     
   1.78500000000000      -0.135398040351855     
   1.79000000000000      -0.135393358500181     
   1.79500000000000      -0.135388747775234     
   1.80000000000000      -0.135384207240216     
   1.80500000000000      -0.135379735972993     
   1.81000000000000      -0.135375333064551     
   1.81500000000000      -0.135370997617263     
   1.82000000000000      -0.135366728743066     
   1.82500000000000      -0.135362525561639     
   1.83000000000000      -0.135358387198676     
   1.83500000000000      -0.135354312784335     
   1.84000000000000      -0.135350301451951     
   1.84500000000000      -0.135346352337061     
   1.85000000000000      -0.135342464576812     
   1.85500000000000      -0.135338637309751     
   1.86000000000000      -0.135334869676029     
   1.86500000000000      -0.135331160817989     
   1.87000000000000      -0.135327509881119     
   1.87500000000000      -0.135323916015304     
   1.88000000000000      -0.135320378376314     
   1.88500000000000      -0.135316896127458     
   1.89000000000000      -0.135313468441300     
   1.89500000000000      -0.135310094501359     
   1.90000000000000      -0.135306773503700     
   1.90500000000000      -0.135303504658327     
   1.91000000000000      -0.135300287190312     
   1.91500000000000      -0.135297120340597     
   1.92000000000000      -0.135294003366420     
   1.92500000000000      -0.135290935541361     
   1.93000000000000      -0.135287916154975     
   1.93500000000000      -0.135284944512057     
   1.94000000000000      -0.135282019931560     
   1.94500000000000      -0.135279141745223     
   1.95000000000000      -0.135276309295982     
   1.95500000000000      -0.135273521936233     
   1.96000000000000      -0.135270779026050     
   1.96500000000000      -0.135268079931433     
   1.97000000000000      -0.135265424022676     
   1.97500000000000      -0.135262810672944     
   1.98000000000000      -0.135260239257115     
   1.98500000000000      -0.135257709150961     
   1.99000000000000      -0.135255219730681     
   1.99500000000000      -0.135252770372832     
   2.00000000000000      -0.135250360454640     
   2.00500000000000      -0.135247989354676     
   2.01000000000000      -0.135245656453864     
   2.01500000000000      -0.135243361136748     
   2.02000000000000      -0.135241102792972     
   2.02500000000000      -0.135238880818876     
   2.03000000000000      -0.135236694619124     
   2.03500000000000      -0.135234543608292     
   2.04000000000000      -0.135232427212302     
   2.04500000000000      -0.135230344869665     
   2.05000000000000      -0.135228296032425     
   2.05500000000000      -0.135226280166787     
   2.06000000000000      -0.135224296753374     
   2.06500000000000      -0.135222345287103     
   2.07000000000000      -0.135220425276691     
   2.07500000000000      -0.135218536243807     
   2.08000000000000      -0.135216677721904     
   2.08500000000000      -0.135214849254816     
   2.09000000000000      -0.135213050395154     
   2.09500000000000      -0.135211280702609     
   2.10000000000000      -0.135209539742231     
   2.10500000000000      -0.135207827082778     
   2.11000000000000      -0.135206142295207     
   2.11500000000000      -0.135204484951393     
   2.12000000000000      -0.135202854623127     
   2.12500000000000      -0.135201250881445     
   2.13000000000000      -0.135199673296318     
   2.13500000000000      -0.135198121436718     
   2.14000000000000      -0.135196594871047     
   2.14500000000000      -0.135195093167900     
   2.15000000000000      -0.135193615897129     
   2.15500000000000      -0.135192162631140     
   2.16000000000000      -0.135190732946357     
   2.16500000000000      -0.135189326424771     
   2.17000000000000      -0.135187942655490     
   2.17500000000000      -0.135186581236213     
   2.18000000000000      -0.135185241774546     
   2.18500000000000      -0.135183923889085     
   2.19000000000000      -0.135182627210212     
   2.19500000000000      -0.135181351380565     
   2.20000000000000      -0.135180096055150     
   2.20500000000000      -0.135178860901081     
   2.21000000000000      -0.135177645596981     
   2.21500000000000      -0.135176449832045     
   2.22000000000000      -0.135175273304830     
   2.22500000000000      -0.135174115721833     
   2.23000000000000      -0.135172976795908     
   2.23500000000000      -0.135171856244627     
   2.24000000000000      -0.135170753788648     
   2.24500000000000      -0.135169669150174     
   2.25000000000000      -0.135168602051588     
   2.25500000000000      -0.135167552214324     
   2.26000000000000      -0.135166519358020     
   2.26500000000000      -0.135165503200012     
   2.27000000000000      -0.135164503455176     
   2.27500000000000      -0.135163519836125     
   2.28000000000000      -0.135162552053755     
   2.28500000000000      -0.135161599818093     
   2.29000000000000      -0.135160662839416     
   2.29500000000000      -0.135159740829566     
   2.30000000000000      -0.135158833503400     
   2.30500000000000      -0.135157940580292     
   2.31000000000000      -0.135157061785608     
   2.31500000000000      -0.135156196852072     
   2.32000000000000      -0.135155345520962     
   2.32500000000000      -0.135154507543053     
   2.33000000000000      -0.135153682679275     
   2.33500000000000      -0.135152870701045     
   2.34000000000000      -0.135152071390241     
   2.34500000000000      -0.135151284538844     
   2.35000000000000      -0.135150509948233     
   2.35500000000000      -0.135149747428203     
   2.36000000000000      -0.135148996795719     
   2.36500000000000      -0.135148257873498     
   2.37000000000000      -0.135147530488471     
   2.37500000000000      -0.135146814470211     
   2.38000000000000      -0.135146109649403     
   2.38500000000000      -0.135145415856433     
   2.39000000000000      -0.135144732920166     
   2.39500000000000      -0.135144060666965     
   2.40000000000000      -0.135143398920015     
   2.40500000000000      -0.135142747498972     
   2.41000000000000      -0.135142106219944     
   2.41500000000000      -0.135141474895825     
   2.42000000000000      -0.135140853336941     
   2.42500000000000      -0.135140241351975     
   2.43000000000000      -0.135139638749129     
   2.43500000000000      -0.135139045337457     
   2.44000000000000      -0.135138460928286     
   2.44500000000000      -0.135137885336667     
   2.45000000000000      -0.135137318382773     
   2.45500000000000      -0.135136759893157     
   2.46000000000000      -0.135136209701831     
   2.46500000000000      -0.135135667651077     
   2.47000000000000      -0.135135133591971     
   2.47500000000000      -0.135134607384589     
   2.48000000000000      -0.135134088897864     
   2.48500000000000      -0.135133578009126     
   2.49000000000000      -0.135133074603333     
   2.49500000000000      -0.135132578572036     
   2.50000000000000      -0.135132089812123     
   2.52500000000000      -0.135129783408005     
   2.55000000000000      -0.135127638146342     
   2.57500000000000      -0.135125640227602     
   2.60000000000000      -0.135123776259540     
   2.62500000000000      -0.135122034490045     
   2.65000000000000      -0.135120405135414     
   2.67500000000000      -0.135118879770856     
   2.70000000000000      -0.135117450513653     
   2.72500000000000      -0.135116109657378     
   2.75000000000000      -0.135114849848367     
   2.77500000000000      -0.135113664440671     
   2.80000000000000      -0.135112547646569     
   2.82500000000000      -0.135111494389476     
   2.85000000000000      -0.135110500034960     
   2.87500000000000      -0.135109560217765     
   2.90000000000000      -0.135108670838572     
   2.92500000000000      -0.135107828148615     
   2.95000000000000      -0.135107028799836     
   2.97500000000000      -0.135106269807631     
   3.00000000000000      -0.135105548461708     
   3.02500000000000      -0.135104862251974     
   3.05000000000000      -0.135104208844457     
   3.07500000000000      -0.135103586092946     
   3.10000000000000      -0.135102992049933     
   3.12500000000000      -0.135102424954275     
   3.15000000000000      -0.135101883200029     
   3.17500000000000      -0.135101365305545     
   3.20000000000000      -0.135100869896551     
   3.22500000000000      -0.135100395702415     
   3.25000000000000      -0.135099941555505     
   3.27500000000000      -0.135099506385238     
   3.30000000000000      -0.135099089206091     
   3.32500000000000      -0.135098689104557     
   3.35000000000000      -0.135098305229856     
   3.37500000000000      -0.135097936789252     
   3.40000000000000      -0.135097583045401     
   3.42500000000000      -0.135097243312883     
   3.45000000000000      -0.135096916953048     
   3.47500000000000      -0.135096603368313     
   3.50000000000000      -0.135096301997466     
   3.52500000000000      -0.135096012312535     
   3.55000000000000      -0.135095733816646     
   3.57500000000000      -0.135095466041959     
   3.60000000000000      -0.135095208547235     
   3.62500000000000      -0.135094960915229     
   3.65000000000000      -0.135094722750372     
   3.67500000000000      -0.135094493676991     
   3.70000000000000      -0.135094273337953     
   3.72500000000000      -0.135094061393477     
   3.75000000000000      -0.135093857519895     
   3.77500000000000      -0.135093661408406     
   3.80000000000000      -0.135093472763921     
   3.82500000000000      -0.135093291304095     
   3.85000000000000      -0.135093116758545     
   3.87500000000000      -0.135092948868164     
   3.90000000000000      -0.135092787384464     
   3.92500000000000      -0.135092632068934     
   3.95000000000000      -0.135092482692438     
   3.97500000000000      -0.135092339034691     
   4.00000000000000      -0.135092200883799     
   4.02500000000000      -0.135092068035859     
   4.05000000000000      -0.135091940294581     
   4.07500000000000      -0.135091817470928     
   4.10000000000000      -0.135091699382779     
   4.12500000000000      -0.135091585854615     
   4.15000000000000      -0.135091476717244     
   4.17500000000000      -0.135091371807543     
   4.20000000000000      -0.135091270968224     
   4.22500000000000      -0.135091174047601     
   4.25000000000000      -0.135091080899382     
   4.27500000000000      -0.135090991382462     
   4.30000000000000      -0.135090905360734     
   4.32500000000000      -0.135090822702915     
   4.35000000000000      -0.135090743282374     
   4.37500000000000      -0.135090666976977     
   4.40000000000000      -0.135090593668924     
   4.42500000000000      -0.135090523244612     
   4.45000000000000      -0.135090455594484     
   4.47500000000000      -0.135090390612901     
   4.50000000000000      -0.135090328198007     
   4.52500000000000      -0.135090268251610     
   4.55000000000000      -0.135090210679054     
   4.57500000000000      -0.135090155389109     
   4.60000000000000      -0.135090102293851     
   4.62500000000000      -0.135090051308560     
   4.65000000000000      -0.135090002351609     
   4.67500000000000      -0.135089955344361     
   4.70000000000000      -0.135089910211074     
   4.72500000000000      -0.135089866878801     
   4.75000000000000      -0.135089825277297     
   4.77500000000000      -0.135089785338928     
   4.80000000000000      -0.135089746998582     
   4.82500000000000      -0.135089710193586     
   4.85000000000000      -0.135089674863618     
   4.87500000000000      -0.135089640950630     
   4.90000000000000      -0.135089608398769     
   4.92500000000000      -0.135089577154297     
   4.95000000000000      -0.135089547165524     
   4.97500000000000      -0.135089518382729     
   5.00000000000000      -0.135089490758094     
   5.02500000000000      -0.135089464245637     
   5.05000000000000      -0.135089438801145     
   5.07500000000000      -0.135089414382109     
   5.10000000000000      -0.135089390947666     
   5.12500000000000      -0.135089368458538     
   5.15000000000000      -0.135089346876973     
   5.17500000000000      -0.135089326166689     
   5.20000000000000      -0.135089306292823     
   5.22500000000000      -0.135089287221874     
   5.25000000000000      -0.135089268921656     
   5.27500000000000      -0.135089251361247     
   5.30000000000000      -0.135089234510943     
   5.32500000000000      -0.135089218342211     
   5.35000000000000      -0.135089202827646     
   5.37500000000000      -0.135089187940925     
   5.40000000000000      -0.135089173656772     
   5.42500000000000      -0.135089159950911     
   5.45000000000000      -0.135089146800032     
   5.47500000000000      -0.135089134181754     
   5.50000000000000      -0.135089122074588     
   5.52500000000000      -0.135089110457900     
   5.55000000000000      -0.135089099311883     
   5.57500000000000      -0.135089088617522     
   5.60000000000000      -0.135089078356562     
   5.62500000000000      -0.135089068511481     
   5.65000000000000      -0.135089059065459     
   5.67500000000000      -0.135089050002351     
   5.70000000000000      -0.135089041306663     
   5.72500000000000      -0.135089032963522     
   5.75000000000000      -0.135089024958654     
   5.77500000000000      -0.135089017278360     
   5.80000000000000      -0.135089009909494     
   5.82500000000000      -0.135089002839439     
   5.85000000000000      -0.135088996056087     
   5.87500000000000      -0.135088989547819     
   5.90000000000000      -0.135088983303487     
   5.92500000000000      -0.135088977312391     
   5.95000000000000      -0.135088971564264     
   5.97500000000000      -0.135088966049256     
   6.00000000000000      -0.135088960757913     
   6.02500000000000      -0.135088955681165     
   6.05000000000000      -0.135088950810310     
   6.07500000000000      -0.135088946136997     
   6.10000000000000      -0.135088941653214     
   6.12500000000000      -0.135088937351273     
   6.15000000000000      -0.135088933223797     
   6.17500000000000      -0.135088929263710     
   6.20000000000000      -0.135088925464222     
   6.22500000000000      -0.135088921818816     
   6.25000000000000      -0.135088918321244     
