  5.000000000000000E-003 -4.369816638549138E-003
  1.000000000000000E-002 -7.783151617795632E-003
  1.500000000000000E-002 -1.026173499454438E-002
  2.000000000000000E-002 -1.204248611073522E-002
  2.500000000000000E-002 -1.332089413452510E-002
  3.000000000000000E-002 -1.423535237466612E-002
  3.500000000000000E-002 -1.488268549693397E-002
  4.000000000000000E-002 -1.533154651349389E-002
  4.500000000000000E-002 -1.563144608791958E-002
  5.000000000000000E-002 -1.581867640339872E-002
  5.500000000000000E-002 -1.592022983305866E-002
  6.000000000000000E-002 -1.595643804504514E-002
  6.500000000000000E-002 -1.594278360550372E-002
  7.000000000000001E-002 -1.589116666684464E-002
  7.500000000000000E-002 -1.581080587572893E-002
  8.000000000000000E-002 -1.570888918618095E-002
  8.500000000000001E-002 -1.559105070201764E-002
  9.000000000000000E-002 -1.546172456032853E-002
  9.500000000000000E-002 -1.532441063010301E-002
  0.100000000000000      -1.518187611292145E-002
  0.105000000000000      -1.503630997881073E-002
  0.110000000000000      -1.488944230519978E-002
  0.115000000000000      -1.474263722874129E-002
  0.120000000000000      -1.459696586955418E-002
  0.125000000000000      -1.445326392146896E-002
  0.130000000000000      -1.431217740667192E-002
  0.135000000000000      -1.417419922633881E-002
  0.140000000000000      -1.403969850365871E-002
  0.145000000000000      -1.390894424577341E-002
  0.150000000000000      -1.378212450056517E-002
  0.155000000000000      -1.365936192042718E-002
  0.160000000000000      -1.354072644519037E-002
  0.165000000000000      -1.342624566369177E-002
  0.170000000000000      -1.331591329616506E-002
  0.175000000000000      -1.320969614884685E-002
  0.180000000000000      -1.310753982161742E-002
  0.185000000000000      -1.300937339420207E-002
  0.190000000000000      -1.291511327302908E-002
  0.195000000000000      -1.282466634638762E-002
  0.200000000000000      -1.273793256826470E-002
  0.205000000000000      -1.265480706925871E-002
  0.210000000000000      -1.257518187554342E-002
  0.215000000000000      -1.249894730252691E-002
  0.220000000000000      -1.242599307848616E-002
  0.225000000000000      -1.235620924395065E-002
  0.230000000000000      -1.228948686502732E-002
  0.235000000000000      -1.222571859244854E-002
  0.240000000000000      -1.216479909298396E-002
  0.245000000000000      -1.210662537544852E-002
  0.250000000000000      -1.205109702997930E-002
  0.255000000000000      -1.199811639621782E-002
  0.260000000000000      -1.194758867351676E-002
  0.265000000000000      -1.189942198413816E-002
  0.270000000000000      -1.185352739867492E-002
  0.275000000000000      -1.180981893135111E-002
  0.280000000000000      -1.176821351163233E-002
  0.285000000000000      -1.172863093749108E-002
  0.290000000000000      -1.169099381471939E-002
  0.295000000000000      -1.165522748595407E-002
  0.300000000000000      -1.162125995242623E-002
  0.305000000000000      -1.158902179083618E-002
  0.310000000000000      -1.155844606738264E-002
  0.315000000000000      -1.152946825048495E-002
  0.320000000000000      -1.150202612348666E-002
  0.325000000000000      -1.147605969830304E-002
  0.330000000000000      -1.145151113077348E-002
  0.335000000000000      -1.142832463827753E-002
  0.340000000000000      -1.140644642000547E-002
  0.345000000000000      -1.138582458017708E-002
  0.350000000000000      -1.136640905437393E-002
  0.355000000000000      -1.134815153904596E-002
  0.360000000000000      -1.133100542425679E-002
  0.365000000000000      -1.131492572960150E-002
  0.370000000000000      -1.129986904323508E-002
  0.375000000000000      -1.128579346390836E-002
  0.380000000000000      -1.127265854590028E-002
  0.385000000000000      -1.126042524668999E-002
  0.390000000000000      -1.124905587724427E-002
  0.395000000000000      -1.123851405475350E-002
  0.400000000000000      -1.122876465767965E-002
  0.405000000000000      -1.121977378296316E-002
  0.410000000000000      -1.121150870524127E-002
  0.415000000000000      -1.120393783795640E-002
  0.420000000000000      -1.119703069619994E-002
  0.425000000000000      -1.119075786118966E-002
  0.430000000000000      -1.118509094625793E-002
  0.435000000000000      -1.118000256423952E-002
  0.440000000000000      -1.117546629616230E-002
  0.445000000000000      -1.117145666115457E-002
  0.450000000000000      -1.116794908748098E-002
  0.455000000000000      -1.116491988461498E-002
  0.460000000000000      -1.116234621631296E-002
  0.465000000000000      -1.116020607457975E-002
  0.470000000000000      -1.115847825450331E-002
  0.475000000000000      -1.115714232989508E-002
  0.480000000000000      -1.115617862966611E-002
  0.485000000000000      -1.115556821492263E-002
  0.490000000000000      -1.115529285673727E-002
  0.495000000000000      -1.115533501453139E-002
  0.500000000000000      -1.115567781507773E-002
  0.505000000000000      -1.115630503206128E-002
  0.510000000000000      -1.115720106618531E-002
  0.515000000000000      -1.115835092579631E-002
  0.520000000000000      -1.115974020801233E-002
  0.525000000000000      -1.116135508032296E-002
  0.530000000000000      -1.116318226266244E-002
  0.535000000000000      -1.116520900991728E-002
  0.540000000000000      -1.116742309488344E-002
  0.545000000000000      -1.116981279163872E-002
  0.550000000000000      -1.117236685932396E-002
  0.555000000000000      -1.117507452634079E-002
  0.560000000000000      -1.117792547493532E-002
  0.565000000000000      -1.118090982616650E-002
  0.570000000000000      -1.118401812526895E-002
  0.575000000000000      -1.118724132737652E-002
  0.580000000000000      -1.119057078361497E-002
  0.585000000000000      -1.119399822757041E-002
  0.590000000000000      -1.119751576209239E-002
  0.595000000000000      -1.120111584646229E-002
  0.600000000000000      -1.120479128389987E-002
  0.605000000000000      -1.120853520940540E-002
  0.610000000000000      -1.121234107793633E-002
  0.615000000000000      -1.121620265290751E-002
  0.620000000000000      -1.122011399501320E-002
  0.625000000000000      -1.122406945135305E-002
  0.630000000000000      -1.122806364487278E-002
  0.635000000000000      -1.123209146410357E-002
  0.640000000000000      -1.123614805319114E-002
  0.645000000000000      -1.124022880221320E-002
  0.650000000000000      -1.124432933778319E-002
  0.655000000000000      -1.124844551392368E-002
  0.660000000000000      -1.125257340321936E-002
  0.665000000000000      -1.125670928822407E-002
  0.670000000000000      -1.126084965313902E-002
  0.675000000000000      -1.126499117574051E-002
  0.680000000000000      -1.126913071956157E-002
  0.685000000000000      -1.127326532632141E-002
  0.690000000000000      -1.127739220859482E-002
  0.695000000000000      -1.128150874272076E-002
  0.700000000000000      -1.128561246194641E-002
  0.705000000000000      -1.128970104979708E-002
  0.710000000000000      -1.129377233367853E-002
  0.715000000000000      -1.129782427869282E-002
  0.720000000000000      -1.130185498167009E-002
  0.725000000000000      -1.130586266542298E-002
  0.730000000000000      -1.130984567318433E-002
  0.735000000000000      -1.131380246327193E-002
  0.740000000000000      -1.131773160392537E-002
  0.745000000000000      -1.132163176834594E-002
  0.750000000000000      -1.132550172991801E-002
  0.755000000000000      -1.132934035759475E-002
  0.760000000000000      -1.133314661147836E-002
  0.765000000000000      -1.133691953854147E-002
  0.770000000000000      -1.134065826852560E-002
  0.775000000000000      -1.134436200998183E-002
  0.780000000000000      -1.134803004646557E-002
  0.785000000000000      -1.135166173287569E-002
  0.790000000000000      -1.135525649191662E-002
  0.795000000000000      -1.135881381071483E-002
  0.800000000000000      -1.136233323755036E-002
  0.805000000000000      -1.136581437870816E-002
  0.810000000000000      -1.136925689546622E-002
  0.815000000000000      -1.137266050118277E-002
  0.820000000000000      -1.137602495850981E-002
  0.825000000000000      -1.137935007671180E-002
  0.830000000000000      -1.138263570909261E-002
  0.835000000000000      -1.138588175052857E-002
  0.840000000000000      -1.138908813510706E-002
  0.845000000000000      -1.139225483386011E-002
  0.850000000000000      -1.139538185259840E-002
  0.855000000000000      -1.139846922984311E-002
  0.860000000000000      -1.140151703484609E-002
  0.865000000000000      -1.140452536570405E-002
  0.870000000000000      -1.140749434755144E-002
  0.875000000000000      -1.141042413084961E-002
  0.880000000000000      -1.141331488974625E-002
  0.885000000000000      -1.141616682051444E-002
  0.890000000000000      -1.141898014007117E-002
  0.895000000000000      -1.142175508455314E-002
  0.900000000000000      -1.142449190797780E-002
  0.905000000000000      -1.142719088094834E-002
  0.910000000000000      -1.142985228943356E-002
  0.915000000000000      -1.143247643359616E-002
  0.920000000000000      -1.143506362667760E-002
  0.925000000000000      -1.143761419393424E-002
  0.930000000000000      -1.144012847161889E-002
  0.935000000000000      -1.144260680601424E-002
  0.940000000000000      -1.144504955250137E-002
  0.945000000000000      -1.144745707467869E-002
  0.950000000000000      -1.144982974351662E-002
  0.955000000000000      -1.145216793655541E-002
  0.960000000000000      -1.145447203713731E-002
  0.965000000000000      -1.145674243367878E-002
  0.970000000000000      -1.145897951897943E-002
  0.975000000000000      -1.146118368956873E-002
  0.980000000000000      -1.146335534508238E-002
  0.985000000000000      -1.146549488768539E-002
  0.990000000000000      -1.146760272151337E-002
  0.995000000000000      -1.146967925216574E-002
   1.00000000000000      -1.147172488621542E-002
   1.00500000000000      -1.147374003076313E-002
   1.01000000000000      -1.147572509301036E-002
   1.01500000000000      -1.147768047987438E-002
   1.02000000000000      -1.147960659762092E-002
   1.02500000000000      -1.148150385152911E-002
   1.03000000000000      -1.148337264557238E-002
   1.03500000000000      -1.148521338213679E-002
   1.04000000000000      -1.148702646174507E-002
   1.04500000000000      -1.148881228280468E-002
   1.05000000000000      -1.149057124138099E-002
   1.05500000000000      -1.149230373097144E-002
   1.06000000000000      -1.149401014230510E-002
   1.06500000000000      -1.149569086315248E-002
   1.07000000000000      -1.149734627814279E-002
   1.07500000000000      -1.149897676859771E-002
   1.08000000000000      -1.150058271236821E-002
   1.08500000000000      -1.150216448368995E-002
   1.09000000000000      -1.150372245304190E-002
   1.09500000000000      -1.150525698701129E-002
   1.10000000000000      -1.150676844818180E-002
   1.10500000000000      -1.150825719500915E-002
   1.11000000000000      -1.150972358173339E-002
   1.11500000000000      -1.151116795827524E-002
   1.12000000000000      -1.151259067016422E-002
   1.12500000000000      -1.151399205846249E-002
   1.13000000000000      -1.151537245971260E-002
   1.13500000000000      -1.151673220588135E-002
   1.14000000000000      -1.151807162433203E-002
   1.14500000000000      -1.151939103779163E-002
   1.15000000000000      -1.152069076433647E-002
   1.15500000000000      -1.152197111738909E-002
   1.16000000000000      -1.152323240571474E-002
   1.16500000000000      -1.152447493343695E-002
   1.17000000000000      -1.152569900005409E-002
   1.17500000000000      -1.152690490045674E-002
   1.18000000000000      -1.152809292496314E-002
   1.18500000000000      -1.152926335934201E-002
   1.19000000000000      -1.153041648485435E-002
   1.19500000000000      -1.153155257828042E-002
   1.20000000000000      -1.153267191196187E-002
   1.20500000000000      -1.153377475382923E-002
   1.21000000000000      -1.153486136744548E-002
   1.21500000000000      -1.153593201203536E-002
   1.22000000000000      -1.153698694251885E-002
   1.22500000000000      -1.153802640954484E-002
   1.23000000000000      -1.153905065951999E-002
   1.23500000000000      -1.154005993464550E-002
   1.24000000000000      -1.154105447294422E-002
   1.24500000000000      -1.154203450829564E-002
   1.25000000000000      -1.154300027047159E-002
   1.25500000000000      -1.154395198516856E-002
   1.26000000000000      -1.154488987405565E-002
   1.26500000000000      -1.154581415480821E-002
   1.27000000000000      -1.154672504116220E-002
   1.27500000000000      -1.154762274295955E-002
   1.28000000000000      -1.154850746620868E-002
   1.28500000000000      -1.154937941314138E-002
   1.29000000000000      -1.155023878227316E-002
   1.29500000000000      -1.155108576847639E-002
   1.30000000000000      -1.155192056304182E-002
   1.30500000000000      -1.155274335375889E-002
   1.31000000000000      -1.155355432498188E-002
   1.31500000000000      -1.155435365770660E-002
   1.32000000000000      -1.155514152964551E-002
   1.32500000000000      -1.155591811529595E-002
   1.33000000000000      -1.155668358601557E-002
   1.33500000000000      -1.155743811008432E-002
   1.34000000000000      -1.155818185277926E-002
   1.34500000000000      -1.155891497642215E-002
   1.35000000000000      -1.155963764044747E-002
   1.35500000000000      -1.156035000145489E-002
   1.36000000000000      -1.156105221325474E-002
   1.36500000000000      -1.156174442691992E-002
   1.37000000000000      -1.156242679082544E-002
   1.37500000000000      -1.156309945069407E-002
   1.38000000000000      -1.156376254963111E-002
   1.38500000000000      -1.156441622817139E-002
   1.39000000000000      -1.156506062430724E-002
   1.39500000000000      -1.156569587353624E-002
   1.40000000000000      -1.156632210889888E-002
   1.40500000000000      -1.156693946101469E-002
   1.41000000000000      -1.156754805813925E-002
   1.41500000000000      -1.156814802619918E-002
   1.42000000000000      -1.156873948884503E-002
   1.42500000000000      -1.156932256750357E-002
   1.43000000000000      -1.156989738143155E-002
   1.43500000000000      -1.157046404777185E-002
   1.44000000000000      -1.157102268161101E-002
   1.44500000000000      -1.157157339603310E-002
   1.45000000000000      -1.157211630218600E-002
   1.45500000000000      -1.157265150933363E-002
   1.46000000000000      -1.157317912491029E-002
   1.46500000000000      -1.157369925458259E-002
   1.47000000000000      -1.157421200229061E-002
   1.47500000000000      -1.157471747030884E-002
   1.48000000000000      -1.157521575927577E-002
   1.48500000000000      -1.157570696824680E-002
   1.49000000000000      -1.157619119472467E-002
   1.49500000000000      -1.157666853469124E-002
   1.50000000000000      -1.157713908264188E-002
   1.50500000000000      -1.157760293160224E-002
   1.51000000000000      -1.157806017315790E-002
   1.51500000000000      -1.157851089747064E-002
   1.52000000000000      -1.157895519329652E-002
   1.52500000000000      -1.157939314800924E-002
   1.53000000000000      -1.157982484760749E-002
   1.53500000000000      -1.158025037674321E-002
   1.54000000000000      -1.158066981873860E-002
   1.54500000000000      -1.158108325559935E-002
   1.55000000000000      -1.158149076804961E-002
   1.55500000000000      -1.158189243555242E-002
   1.56000000000000      -1.158228833633508E-002
   1.56500000000000      -1.158267854742463E-002
   1.57000000000000      -1.158306314467859E-002
   1.57500000000000      -1.158344220281862E-002
   1.58000000000000      -1.158381579547023E-002
   1.58500000000000      -1.158418399519216E-002
   1.59000000000000      -1.158454687352114E-002
   1.59500000000000      -1.158490450099955E-002
   1.60000000000000      -1.158525694721790E-002
   1.60500000000000      -1.158560428083991E-002
   1.61000000000000      -1.158594656963553E-002
   1.61500000000000      -1.158628388050867E-002
   1.62000000000000      -1.158661627951733E-002
   1.62500000000000      -1.158694383189433E-002
   1.63000000000000      -1.158726660206356E-002
   1.63500000000000      -1.158758465365161E-002
   1.64000000000000      -1.158789804949691E-002
   1.64500000000000      -1.158820685165647E-002
   1.65000000000000      -1.158851112140956E-002
   1.65500000000000      -1.158881091925745E-002
   1.66000000000000      -1.158910630493054E-002
   1.66500000000000      -1.158939733738497E-002
   1.67000000000000      -1.158968407480342E-002
   1.67500000000000      -1.158996657460208E-002
   1.68000000000000      -1.159024489343383E-002
   1.68500000000000      -1.159051908718828E-002
   1.69000000000000      -1.159078921101206E-002
   1.69500000000000      -1.159105531931091E-002
   1.70000000000000      -1.159131746576879E-002
   1.70500000000000      -1.159157570336333E-002
   1.71000000000000      -1.159183008438453E-002
   1.71500000000000      -1.159208066045653E-002
   1.72000000000000      -1.159232748255930E-002
   1.72500000000000      -1.159257060105149E-002
   1.73000000000000      -1.159281006569162E-002
   1.73500000000000      -1.159304592566705E-002
   1.74000000000000      -1.159327822960347E-002
   1.74500000000000      -1.159350702559609E-002
   1.75000000000000      -1.159373236121402E-002
   1.75500000000000      -1.159395428352798E-002
   1.76000000000000      -1.159417283910942E-002
   1.76500000000000      -1.159438807404071E-002
   1.77000000000000      -1.159460003392416E-002
   1.77500000000000      -1.159480876387935E-002
   1.78000000000000      -1.159501430854048E-002
   1.78500000000000      -1.159521671205659E-002
   1.79000000000000      -1.159541601808243E-002
   1.79500000000000      -1.159561226977493E-002
   1.80000000000000      -1.159580550978485E-002
   1.80500000000000      -1.159599578025204E-002
   1.81000000000000      -1.159618312279593E-002
   1.81500000000000      -1.159636757851556E-002
   1.82000000000000      -1.159654918798464E-002
   1.82500000000000      -1.159672799125587E-002
   1.83000000000000      -1.159690402785892E-002
   1.83500000000000      -1.159707733680871E-002
   1.84000000000000      -1.159724795661651E-002
   1.84500000000000      -1.159741592529658E-002
   1.85000000000000      -1.159758128038076E-002
   1.85500000000000      -1.159774405893756E-002
   1.86000000000000      -1.159790429758096E-002
   1.86500000000000      -1.159806203249436E-002
   1.87000000000000      -1.159821729944582E-002
   1.87500000000000      -1.159837013380133E-002
   1.88000000000000      -1.159852057054253E-002
   1.88500000000000      -1.159866864428022E-002
   1.89000000000000      -1.159881438926334E-002
   1.89500000000000      -1.159895783938802E-002
   1.90000000000000      -1.159909902820309E-002
   1.90500000000000      -1.159923798891513E-002
   1.91000000000000      -1.159937475438063E-002
   1.91500000000000      -1.159950935711030E-002
   1.92000000000000      -1.159964182926224E-002
   1.92500000000000      -1.159977220263000E-002
   1.93000000000000      -1.159990050864153E-002
   1.93500000000000      -1.160002677834417E-002
   1.94000000000000      -1.160015104239711E-002
   1.94500000000000      -1.160027333106529E-002
   1.95000000000000      -1.160039367420964E-002
   1.95500000000000      -1.160051210128044E-002
   1.96000000000000      -1.160062864132104E-002
   1.96500000000000      -1.160074332295575E-002
   1.97000000000000      -1.160085617440505E-002
   1.97500000000000      -1.160096722347696E-002
   1.98000000000000      -1.160107649758733E-002
   1.98500000000000      -1.160118402375796E-002
   1.99000000000000      -1.160128982863980E-002
   1.99500000000000      -1.160139393851630E-002
   2.00000000000000      -1.160149637932622E-002
   2.00500000000000      -1.160159717667263E-002
   2.01000000000000      -1.160169635584298E-002
   2.01500000000000      -1.160179394181934E-002
   2.02000000000000      -1.160188995929230E-002
   2.02500000000000      -1.160198443267202E-002
   2.03000000000000      -1.160207738609934E-002
   2.03500000000000      -1.160216884344624E-002
   2.04000000000000      -1.160225882832267E-002
   2.04500000000000      -1.160234736407931E-002
   2.05000000000000      -1.160243447380011E-002
   2.05500000000000      -1.160252018030204E-002
   2.06000000000000      -1.160260450612631E-002
   2.06500000000000      -1.160268747353184E-002
   2.07000000000000      -1.160276910448584E-002
   2.07500000000000      -1.160284942065493E-002
   2.08000000000000      -1.160292844339510E-002
   2.08500000000000      -1.160300619374517E-002
   2.09000000000000      -1.160308269241937E-002
   2.09500000000000      -1.160315795980002E-002
   2.10000000000000      -1.160323201594241E-002
   2.10500000000000      -1.160330488056372E-002
   2.11000000000000      -1.160337657305856E-002
   2.11500000000000      -1.160344711249097E-002
   2.12000000000000      -1.160351651761493E-002
   2.12500000000000      -1.160358480687413E-002
   2.13000000000000      -1.160365199842231E-002
   2.13500000000000      -1.160371811012833E-002
   2.14000000000000      -1.160378315959879E-002
   2.14500000000000      -1.160384716418520E-002
   2.15000000000000      -1.160391014100341E-002
   2.15500000000000      -1.160397210694396E-002
   2.16000000000000      -1.160403307868032E-002
   2.16500000000000      -1.160409307268846E-002
   2.17000000000000      -1.160415210524273E-002
   2.17500000000000      -1.160421019242627E-002
   2.18000000000000      -1.160426735013466E-002
   2.18500000000000      -1.160432359407131E-002
   2.19000000000000      -1.160437893974731E-002
   2.19500000000000      -1.160443340247510E-002
   2.20000000000000      -1.160448699736222E-002
   2.20500000000000      -1.160453973930164E-002
   2.21000000000000      -1.160459164296813E-002
   2.21500000000000      -1.160464272280049E-002
   2.22000000000000      -1.160469299300248E-002
   2.22500000000000      -1.160474246752973E-002
   2.23000000000000      -1.160479116008420E-002
   2.23500000000000      -1.160483908411302E-002
   2.24000000000000      -1.160488625280477E-002
   2.24500000000000      -1.160493267909152E-002
   2.25000000000000      -1.160497837565014E-002
   2.25500000000000      -1.160502335491252E-002
   2.26000000000000      -1.160506762906959E-002
   2.26500000000000      -1.160511121008260E-002
   2.27000000000000      -1.160515410969583E-002
   2.27500000000000      -1.160519633945387E-002
   2.28000000000000      -1.160523791070311E-002
   2.28500000000000      -1.160527883461989E-002
   2.29000000000000      -1.160531912221309E-002
   2.29500000000000      -1.160535878434198E-002
   2.30000000000000      -1.160539783172178E-002
   2.30500000000000      -1.160543627493439E-002
   2.31000000000000      -1.160547412443730E-002
   2.31500000000000      -1.160551139055881E-002
   2.32000000000000      -1.160554808350792E-002
   2.32500000000000      -1.160558421336728E-002
   2.33000000000000      -1.160561979008969E-002
   2.33500000000000      -1.160565482349613E-002
   2.34000000000000      -1.160568932326188E-002
   2.34500000000000      -1.160572329891615E-002
   2.35000000000000      -1.160575675982631E-002
   2.35500000000000      -1.160578971519545E-002
   2.36000000000000      -1.160582217404531E-002
   2.36500000000000      -1.160585414522261E-002
   2.37000000000000      -1.160588563737888E-002
   2.37500000000000      -1.160591665898052E-002
   2.38000000000000      -1.160594721829977E-002
   2.38500000000000      -1.160597732341772E-002
   2.39000000000000      -1.160600698223086E-002
   2.39500000000000      -1.160603620245435E-002
   2.40000000000000      -1.160606499163135E-002
   2.40500000000000      -1.160609335714404E-002
   2.41000000000000      -1.160612130622575E-002
   2.41500000000000      -1.160614884596991E-002
   2.42000000000000      -1.160617598334585E-002
   2.42500000000000      -1.160620272521252E-002
   2.43000000000000      -1.160622907832506E-002
   2.43500000000000      -1.160625504935193E-002
   2.44000000000000      -1.160628064487781E-002
   2.44500000000000      -1.160630587141287E-002
   2.45000000000000      -1.160633073539956E-002
   2.45500000000000      -1.160635524320710E-002
   2.46000000000000      -1.160637940114160E-002
   2.46500000000000      -1.160640321543388E-002
   2.47000000000000      -1.160642669224001E-002
   2.47500000000000      -1.160644983763231E-002
   2.48000000000000      -1.160647265759323E-002
   2.48500000000000      -1.160649515800426E-002
   2.49000000000000      -1.160651734464072E-002
   2.49500000000000      -1.160653922315827E-002
   2.50000000000000      -1.160656079909216E-002
   2.52500000000000      -1.160666308840178E-002
   2.55000000000000      -1.160675876107153E-002
   2.57500000000000      -1.160684834691640E-002
   2.60000000000000      -1.160693233364476E-002
   2.62500000000000      -1.160701117415219E-002
   2.65000000000000      -1.160708528556814E-002
   2.67500000000000      -1.160715504559978E-002
   2.70000000000000      -1.160722079346816E-002
   2.72500000000000      -1.160728283515866E-002
   2.75000000000000      -1.160734144978641E-002
   2.77500000000000      -1.160739689376972E-002
   2.80000000000000      -1.160744940214909E-002
   2.82500000000000      -1.160749918873211E-002
   2.85000000000000      -1.160754644693583E-002
   2.87500000000000      -1.160759135193820E-002
   2.90000000000000      -1.160763406336481E-002
   2.92500000000000      -1.160767472744039E-002
   2.95000000000000      -1.160771347822883E-002
   2.97500000000000      -1.160775043828090E-002
   3.00000000000000      -1.160778571932827E-002
   3.02500000000000      -1.160781942328584E-002
   3.05000000000000      -1.160785164346121E-002
   3.07500000000000      -1.160788246562316E-002
   3.10000000000000      -1.160791196877523E-002
   3.12500000000000      -1.160794022568814E-002
   3.15000000000000      -1.160796730335029E-002
   3.17500000000000      -1.160799326349219E-002
   3.20000000000000      -1.160801816314494E-002
   3.22500000000000      -1.160804205517748E-002
   3.25000000000000      -1.160806498871457E-002
   3.27500000000000      -1.160808700946785E-002
   3.30000000000000      -1.160810816001209E-002
   3.32500000000000      -1.160812848005445E-002
   3.35000000000000      -1.160814800670742E-002
   3.37500000000000      -1.160816677475928E-002
   3.40000000000000      -1.160818481688483E-002
   3.42500000000000      -1.160820216383737E-002
   3.45000000000000      -1.160821884459714E-002
   3.47500000000000      -1.160823488652199E-002
   3.50000000000000      -1.160825031547241E-002
   3.52500000000000      -1.160826515595876E-002
   3.55000000000000      -1.160827943123736E-002
   3.57500000000000      -1.160829316342425E-002
   3.60000000000000      -1.160830637356672E-002
   3.62500000000000      -1.160831908172833E-002
   3.65000000000000      -1.160833130705229E-002
   3.67500000000000      -1.160834306783436E-002
   3.70000000000000      -1.160835438157477E-002
   3.72500000000000      -1.160836526503733E-002
   3.75000000000000      -1.160837573429108E-002
   3.77500000000000      -1.160838580475001E-002
   3.80000000000000      -1.160839549121881E-002
   3.82500000000000      -1.160840480791394E-002
   3.85000000000000      -1.160841376851147E-002
   3.87500000000000      -1.160842238616424E-002
   3.90000000000000      -1.160843067353200E-002
   3.92500000000000      -1.160843864280832E-002
   3.95000000000000      -1.160844630573465E-002
   3.97500000000000      -1.160845367362750E-002
   4.00000000000000      -1.160846075739358E-002
   4.02500000000000      -1.160846756754742E-002
   4.05000000000000      -1.160847411423007E-002
   4.07500000000000      -1.160848040721985E-002
   4.10000000000000      -1.160848645594788E-002
   4.12500000000000      -1.160849226951470E-002
   4.15000000000000      -1.160849785669569E-002
   4.17500000000000      -1.160850322595940E-002
   4.20000000000000      -1.160850838547184E-002
   4.22500000000000      -1.160851334311398E-002
   4.25000000000000      -1.160851810648918E-002
   4.27500000000000      -1.160852268292617E-002
   4.30000000000000      -1.160852707950078E-002
   4.32500000000000      -1.160853130303079E-002
   4.35000000000000      -1.160853536009612E-002
   4.37500000000000      -1.160853925704012E-002
   4.40000000000000      -1.160854299997706E-002
   4.42500000000000      -1.160854659480444E-002
   4.45000000000000      -1.160855004720508E-002
   4.47500000000000      -1.160855336265744E-002
   4.50000000000000      -1.160855654644106E-002
   4.52500000000000      -1.160855960364171E-002
   4.55000000000000      -1.160856253916032E-002
   4.57500000000000      -1.160856535771930E-002
   4.60000000000000      -1.160856806386489E-002
   4.62500000000000      -1.160857066197745E-002
   4.65000000000000      -1.160857315627207E-002
   4.67500000000000      -1.160857555081050E-002
   4.70000000000000      -1.160857784949998E-002
   4.72500000000000      -1.160858005610264E-002
   4.75000000000000      -1.160858217423933E-002
   4.77500000000000      -1.160858420739439E-002
   4.80000000000000      -1.160858615891931E-002
   4.82500000000000      -1.160858803203826E-002
   4.85000000000000      -1.160858982985446E-002
   4.87500000000000      -1.160859155535122E-002
   4.90000000000000      -1.160859321139730E-002
   4.92500000000000      -1.160859480075064E-002
   4.95000000000000      -1.160859632606746E-002
   4.97500000000000      -1.160859778989544E-002
   5.00000000000000      -1.160859919468618E-002
   5.02500000000000      -1.160860054279663E-002
   5.05000000000000      -1.160860183649061E-002
   5.07500000000000      -1.160860307794505E-002
   5.10000000000000      -1.160860426925305E-002
   5.12500000000000      -1.160860541242041E-002
   5.15000000000000      -1.160860650938086E-002
   5.17500000000000      -1.160860756198723E-002
   5.20000000000000      -1.160860857202179E-002
   5.22500000000000      -1.160860954119541E-002
   5.25000000000000      -1.160861047115228E-002
   5.27500000000000      -1.160861136346922E-002
   5.30000000000000      -1.160861221966394E-002
   5.32500000000000      -1.160861304119201E-002
   5.35000000000000      -1.160861382945022E-002
   5.37500000000000      -1.160861458578052E-002
   5.40000000000000      -1.160861531147246E-002
   5.42500000000000      -1.160861600776327E-002
   5.45000000000000      -1.160861667583934E-002
   5.47500000000000      -1.160861731684121E-002
   5.50000000000000      -1.160861793186467E-002
   5.52500000000000      -1.160861852195873E-002
   5.55000000000000      -1.160861908813240E-002
   5.57500000000000      -1.160861963135300E-002
   5.60000000000000      -1.160862015255015E-002
   5.62500000000000      -1.160862065261632E-002
   5.65000000000000      -1.160862113240524E-002
   5.67500000000000      -1.160862159273964E-002
   5.70000000000000      -1.160862203440734E-002
   5.72500000000000      -1.160862245816351E-002
   5.75000000000000      -1.160862286473603E-002
   5.77500000000000      -1.160862325481929E-002
   5.80000000000000      -1.160862362908307E-002
   5.82500000000000      -1.160862398816974E-002
   5.85000000000000      -1.160862433269072E-002
   5.87500000000000      -1.160862466324076E-002
   5.90000000000000      -1.160862498038390E-002
   5.92500000000000      -1.160862528466538E-002
   5.95000000000000      -1.160862557660556E-002
   5.97500000000000      -1.160862585670631E-002
   6.00000000000000      -1.160862612544691E-002
   6.02500000000000      -1.160862638328811E-002
   6.05000000000000      -1.160862663067367E-002
   6.07500000000000      -1.160862686802475E-002
   6.10000000000000      -1.160862709575134E-002
   6.12500000000000      -1.160862731424222E-002
   6.15000000000000      -1.160862752387286E-002
   6.17500000000000      -1.160862772500204E-002
   6.20000000000000      -1.160862791797590E-002
   6.22500000000000      -1.160862810312339E-002
   6.25000000000000      -1.160862828076288E-002
