  5.000000000000000E-003  0.144846480845158     
  1.000000000000000E-002  0.208861665726266     
  1.500000000000000E-002  0.273843744026427     
  2.000000000000000E-002  0.335030460994638     
  2.500000000000000E-002  0.389593937572529     
  3.000000000000000E-002  0.436266555504301     
  3.500000000000000E-002  0.474815097468446     
  4.000000000000000E-002  0.505612700497136     
  4.500000000000000E-002  0.529345827925749     
  5.000000000000000E-002  0.546830296639868     
  5.500000000000000E-002  0.558902835125526     
  6.000000000000000E-002  0.566361386815480     
  6.500000000000000E-002  0.569935522925894     
  7.000000000000001E-002  0.570274779120386     
  7.500000000000000E-002  0.567947225928044     
  8.000000000000000E-002  0.563443542831833     
  8.500000000000001E-002  0.557183754713208     
  9.000000000000000E-002  0.549524969914812     
  9.500000000000000E-002  0.540769185047533     
  0.100000000000000       0.531170660885428     
  0.105000000000000       0.520942634583645     
  0.110000000000000       0.510263284626597     
  0.115000000000000       0.499280949306058     
  0.120000000000000       0.488118643784935     
  0.125000000000000       0.476877941330955     
  0.130000000000000       0.465642291143937     
  0.135000000000000       0.454479844436614     
  0.140000000000000       0.443445855717031     
  0.145000000000000       0.432584719714892     
  0.150000000000000       0.421931697339038     
  0.155000000000000       0.411514377134055     
  0.160000000000000       0.401353912276339     
  0.165000000000000       0.391466067369518     
  0.170000000000000       0.381862104210419     
  0.175000000000000       0.372549531279934     
  0.180000000000000       0.363532737918060     
  0.185000000000000       0.354813530903642     
  0.190000000000000       0.346391588409014     
  0.195000000000000       0.338264843972308     
  0.200000000000000       0.330429811164634     
  0.205000000000000       0.322881857972516     
  0.210000000000000       0.315615438519501     
  0.215000000000000       0.308624288575381     
  0.220000000000000       0.301901590310816     
  0.225000000000000       0.295440110920909     
  0.230000000000000       0.289232319037461     
  0.235000000000000       0.283270482256419     
  0.240000000000000       0.277546748605438     
  0.245000000000000       0.272053214352949     
  0.250000000000000       0.266781980201634     
  0.255000000000000       0.261725197605422     
  0.260000000000000       0.256875106691716     
  0.265000000000000       0.252224067052010     
  0.270000000000000       0.247764582478248     
  0.275000000000000       0.243489320564430     
  0.280000000000000       0.239391127958526     
  0.285000000000000       0.235463041935012     
  0.290000000000000       0.231698298860914     
  0.295000000000000       0.228090340044730     
  0.300000000000000       0.224632815386307     
  0.305000000000000       0.221319585185273     
  0.310000000000000       0.218144720413194     
  0.315000000000000       0.215102501710474     
  0.320000000000000       0.212187417330855     
  0.325000000000000       0.209394160223696     
  0.330000000000000       0.206717624416544     
  0.335000000000000       0.204152900836291     
  0.340000000000000       0.201695272687127     
  0.345000000000000       0.199340210485496     
  0.350000000000000       0.197083366837631     
  0.355000000000000       0.194920571032057     
  0.360000000000000       0.192847823508429     
  0.365000000000000       0.190861290254618     
  0.370000000000000       0.188957297175723     
  0.375000000000000       0.187132324471658     
  0.380000000000000       0.185383001054028     
  0.385000000000000       0.183706099027615     
  0.390000000000000       0.182098528257512     
  0.395000000000000       0.180557331039020     
  0.400000000000000       0.179079676884090     
  0.405000000000000       0.177662857435252     
  0.410000000000000       0.176304281515574     
  0.415000000000000       0.175001470320943     
  0.420000000000000       0.173752052759382     
  0.425000000000000       0.172553760940212     
  0.430000000000000       0.171404425814979     
  0.435000000000000       0.170301972970465     
  0.440000000000000       0.169244418573526     
  0.445000000000000       0.168229865466447     
  0.450000000000000       0.167256499410900     
  0.455000000000000       0.166322585478081     
  0.460000000000000       0.165426464581965     
  0.465000000000000       0.164566550152476     
  0.470000000000000       0.163741324944866     
  0.475000000000000       0.162949337981455     
  0.480000000000000       0.162189201621724     
  0.485000000000000       0.161459588756674     
  0.490000000000000       0.160759230123054     
  0.495000000000000       0.160086911733452     
  0.500000000000000       0.159441472417805     
  0.505000000000000       0.158821801472177     
  0.510000000000000       0.158226836410697     
  0.515000000000000       0.157655560816408     
  0.520000000000000       0.157107002287203     
  0.525000000000000       0.156580230472776     
  0.530000000000000       0.156074355198859     
  0.535000000000000       0.155588524675149     
  0.540000000000000       0.155121923783106     
  0.545000000000000       0.154673772440525     
  0.550000000000000       0.154243324039326     
  0.555000000000000       0.153829863953407     
  0.560000000000000       0.153432708113673     
  0.565000000000000       0.153051201647053     
  0.570000000000000       0.152684717576921     
  0.575000000000000       0.152332655582067     
  0.580000000000000       0.151994440811716     
  0.585000000000000       0.151669522754079     
  0.590000000000000       0.151357374156091     
  0.595000000000000       0.151057489992057     
  0.600000000000000       0.150769386479002     
  0.605000000000000       0.150492600136742     
  0.610000000000000       0.150226686890534     
  0.615000000000000       0.149971221214501     
  0.620000000000000       0.149725795314035     
  0.625000000000000       0.149490018345262     
  0.630000000000000       0.149263515670121     
  0.635000000000000       0.149045928145195     
  0.640000000000000       0.148836911443013     
  0.645000000000000       0.148636135404105     
  0.650000000000000       0.148443283418624     
  0.655000000000000       0.148258051835957     
  0.660000000000000       0.148080149401208     
  0.665000000000000       0.147909296717263     
  0.670000000000000       0.147745225731176     
  0.675000000000000       0.147587679243854     
  0.680000000000000       0.147436410441876     
  0.685000000000000       0.147291182450456     
  0.690000000000000       0.147151767906562     
  0.695000000000000       0.147017948551202     
  0.700000000000000       0.146889514840064     
  0.705000000000000       0.146766265571558     
  0.710000000000000       0.146648007531512     
  0.715000000000000       0.146534555153763     
  0.720000000000000       0.146425730195817     
  0.725000000000000       0.146321361428969     
  0.730000000000000       0.146221284342182     
  0.735000000000000       0.146125340859068     
  0.740000000000000       0.146033379067432     
  0.745000000000000       0.145945252960729     
  0.750000000000000       0.145860822190951     
  0.755000000000000       0.145779951832425     
  0.760000000000000       0.145702512155945     
  0.765000000000000       0.145628378412914     
  0.770000000000000       0.145557430628922     
  0.775000000000000       0.145489553406377     
  0.780000000000000       0.145424635735826     
  0.785000000000000       0.145362570815470     
  0.790000000000000       0.145303255878650     
  0.795000000000000       0.145246592028788     
  0.800000000000000       0.145192484081570     
  0.805000000000000       0.145140840413982     
  0.810000000000000       0.145091572819900     
  0.815000000000000       0.145044596371908     
  0.820000000000000       0.144999829289158     
  0.825000000000000       0.144957192810827     
  0.830000000000000       0.144916611075120     
  0.835000000000000       0.144878011003358     
  0.840000000000000       0.144841322189081     
  0.845000000000000       0.144806476791839     
  0.850000000000000       0.144773409435518     
  0.855000000000000       0.144742057110943     
  0.860000000000000       0.144712359082591     
  0.865000000000000       0.144684256799241     
  0.870000000000000       0.144657693808375     
  0.875000000000000       0.144632615674139     
  0.880000000000000       0.144608969898733     
  0.885000000000000       0.144586705847134     
  0.890000000000000       0.144565774674851     
  0.895000000000000       0.144546129258796     
  0.900000000000000       0.144527724130944     
  0.905000000000000       0.144510515414816     
  0.910000000000000       0.144494460764529     
  0.915000000000000       0.144479519306442     
  0.920000000000000       0.144465651583199     
  0.925000000000000       0.144452819500073     
  0.930000000000000       0.144440986273563     
  0.935000000000000       0.144430116382097     
  0.940000000000000       0.144420175518789     
  0.945000000000000       0.144411130546123     
  0.950000000000000       0.144402949452507     
  0.955000000000000       0.144395601310626     
  0.960000000000000       0.144389056237417     
  0.965000000000000       0.144383285355804     
  0.970000000000000       0.144378260757814     
  0.975000000000000       0.144373955469289     
  0.980000000000000       0.144370343415970     
  0.985000000000000       0.144367399390896     
  0.990000000000000       0.144365099023128     
  0.995000000000000       0.144363418747666     
   1.00000000000000       0.144362335776545     
   1.00500000000000       0.144361828071067     
   1.01000000000000       0.144361874315068     
   1.01500000000000       0.144362453889261     
   1.02000000000000       0.144363546846501     
   1.02500000000000       0.144365133888055     
   1.03000000000000       0.144367196340770     
   1.03500000000000       0.144369716135069     
   1.04000000000000       0.144372675783889     
   1.04500000000000       0.144376058362328     
   1.05000000000000       0.144379847488141     
   1.05500000000000       0.144384027302996     
   1.06000000000000       0.144388582454417     
   1.06500000000000       0.144393498078469     
   1.07000000000000       0.144398759783104     
   1.07500000000000       0.144404353632165     
   1.08000000000000       0.144410266130000     
   1.08500000000000       0.144416484206674     
   1.09000000000000       0.144422995203799     
   1.09500000000000       0.144429786860816     
   1.10000000000000       0.144436847301889     
   1.10500000000000       0.144444165023249     
   1.11000000000000       0.144451728881010     
   1.11500000000000       0.144459528079446     
   1.12000000000000       0.144467552159680     
   1.12500000000000       0.144475790988795     
   1.13000000000000       0.144484234749293     
   1.13500000000000       0.144492873928983     
   1.14000000000000       0.144501699311130     
   1.14500000000000       0.144510701965036     
   1.15000000000000       0.144519873236871     
   1.15500000000000       0.144529204740830     
   1.16000000000000       0.144538688350621     
   1.16500000000000       0.144548316191197     
   1.17000000000000       0.144558080630819     
   1.17500000000000       0.144567974273339     
   1.18000000000000       0.144577989950796     
   1.18500000000000       0.144588120716272     
   1.19000000000000       0.144598359836983     
   1.19500000000000       0.144608700787618     
   1.20000000000000       0.144619137243964     
   1.20500000000000       0.144629663076730     
   1.21000000000000       0.144640272345611     
   1.21500000000000       0.144650959293580     
   1.22000000000000       0.144661718341393     
   1.22500000000000       0.144672544082291     
   1.23000000000000       0.144683431276925     
   1.23500000000000       0.144694374848412     
   1.24000000000000       0.144705369877626     
   1.24500000000000       0.144716411598617     
   1.25000000000000       0.144727495394189     
   1.25500000000000       0.144738616791634     
   1.26000000000000       0.144749771458579     
   1.26500000000000       0.144760955198999     
   1.27000000000000       0.144772163949275     
   1.27500000000000       0.144783393774467     
   1.28000000000000       0.144794640864589     
   1.28500000000000       0.144805901531046     
   1.29000000000000       0.144817172203159     
   1.29500000000000       0.144828449424780     
   1.30000000000000       0.144839729850980     
   1.30500000000000       0.144851010244884     
   1.31000000000000       0.144862287474535     
   1.31500000000000       0.144873558509904     
   1.32000000000000       0.144884820419967     
   1.32500000000000       0.144896070369870     
   1.33000000000000       0.144907305618230     
   1.33500000000000       0.144918523514487     
   1.34000000000000       0.144929721496365     
   1.34500000000000       0.144940897087453     
   1.35000000000000       0.144952047894840     
   1.35500000000000       0.144963171606851     
   1.36000000000000       0.144974265990901     
   1.36500000000000       0.144985328891371     
   1.37000000000000       0.144996358227621     
   1.37500000000000       0.145007351992021     
   1.38000000000000       0.145018308248100     
   1.38500000000000       0.145029225128695     
   1.39000000000000       0.145040100834204     
   1.39500000000000       0.145050933630868     
   1.40000000000000       0.145061721849066     
   1.40500000000000       0.145072463881718     
   1.41000000000000       0.145083158182634     
   1.41500000000000       0.145093803264949     
   1.42000000000000       0.145104397699605     
   1.42500000000000       0.145114940113758     
   1.43000000000000       0.145125429189344     
   1.43500000000000       0.145135863661579     
   1.44000000000000       0.145146242317515     
   1.44500000000000       0.145156563994641     
   1.45000000000000       0.145166827579493     
   1.45500000000000       0.145177032006302     
   1.46000000000000       0.145187176255716     
   1.46500000000000       0.145197259353499     
   1.47000000000000       0.145207280369331     
   1.47500000000000       0.145217238415627     
   1.48000000000000       0.145227132646398     
   1.48500000000000       0.145236962256178     
   1.49000000000000       0.145246726478957     
   1.49500000000000       0.145256424587222     
   1.50000000000000       0.145266055890971     
   1.50500000000000       0.145275619736813     
   1.51000000000000       0.145285115507088     
   1.51500000000000       0.145294542619001     
   1.52000000000000       0.145303900523837     
   1.52500000000000       0.145313188706112     
   1.53000000000000       0.145322406682840     
   1.53500000000000       0.145331554002725     
   1.54000000000000       0.145340630245429     
   1.54500000000000       0.145349635020808     
   1.55000000000000       0.145358567968163     
   1.55500000000000       0.145367428755496     
   1.56000000000000       0.145376217078773     
   1.56500000000000       0.145384932661164     
   1.57000000000000       0.145393575252314     
   1.57500000000000       0.145402144627619     
   1.58000000000000       0.145410640587451     
   1.58500000000000       0.145419062956494     
   1.59000000000000       0.145427411583001     
   1.59500000000000       0.145435686338103     
   1.60000000000000       0.145443887115147     
   1.60500000000000       0.145452013829024     
   1.61000000000000       0.145460066415574     
   1.61500000000000       0.145468044830962     
   1.62000000000000       0.145475949051103     
   1.62500000000000       0.145483779071122     
   1.63000000000000       0.145491534904858     
   1.63500000000000       0.145499216584345     
   1.64000000000000       0.145506824159359     
   1.64500000000000       0.145514357696991     
   1.65000000000000       0.145521817281209     
   1.65500000000000       0.145529203012465     
   1.66000000000000       0.145536515007284     
   1.66500000000000       0.145543753397905     
   1.67000000000000       0.145550918331881     
   1.67500000000000       0.145558009971698     
   1.68000000000000       0.145565028494410     
   1.68500000000000       0.145571974091240     
   1.69000000000000       0.145578846967182     
   1.69500000000000       0.145585647340609     
   1.70000000000000       0.145592375442863     
   1.70500000000000       0.145599031517836     
   1.71000000000000       0.145605615821548     
   1.71500000000000       0.145612128621720     
   1.72000000000000       0.145618570197364     
   1.72500000000000       0.145624940838339     
   1.73000000000000       0.145631240844938     
   1.73500000000000       0.145637470527495     
   1.74000000000000       0.145643630205974     
   1.74500000000000       0.145649720209586     
   1.75000000000000       0.145655740876447     
   1.75500000000000       0.145661692553205     
   1.76000000000000       0.145667575594751     
   1.76500000000000       0.145673390363897     
   1.77000000000000       0.145679137231098     
   1.77500000000000       0.145684816574213     
   1.78000000000000       0.145690428778250     
   1.78500000000000       0.145695974235126     
   1.79000000000000       0.145701453343503     
   1.79500000000000       0.145706866508529     
   1.80000000000000       0.145712214141683     
   1.80500000000000       0.145717496660566     
   1.81000000000000       0.145722714488699     
   1.81500000000000       0.145727868055343     
   1.82000000000000       0.145732957795268     
   1.82500000000000       0.145737984148553     
   1.83000000000000       0.145742947560352     
   1.83500000000000       0.145747848480669     
   1.84000000000000       0.145752687364095     
   1.84500000000000       0.145757464669561     
   1.85000000000000       0.145762180860072     
   1.85500000000000       0.145766836402438     
   1.86000000000000       0.145771431767003     
   1.86500000000000       0.145775967427358     
   1.87000000000000       0.145780443860107     
   1.87500000000000       0.145784861544569     
   1.88000000000000       0.145789220962561     
   1.88500000000000       0.145793522598133     
   1.89000000000000       0.145797766937381     
   1.89500000000000       0.145801954468212     
   1.90000000000000       0.145806085680180     
   1.90500000000000       0.145810161064316     
   1.91000000000000       0.145814181112979     
   1.91500000000000       0.145818146319719     
   1.92000000000000       0.145822057179176     
   1.92500000000000       0.145825914186964     
   1.93000000000000       0.145829717839577     
   1.93500000000000       0.145833468634313     
   1.94000000000000       0.145837167069182     
   1.94500000000000       0.145840813642808     
   1.95000000000000       0.145844408854345     
   1.95500000000000       0.145847953203409     
   1.96000000000000       0.145851447189918     
   1.96500000000000       0.145854891314028     
   1.97000000000000       0.145858286075980     
   1.97500000000000       0.145861631975949     
   1.98000000000000       0.145864929513928     
   1.98500000000000       0.145868179189553     
   1.99000000000000       0.145871381501912     
   1.99500000000000       0.145874536949416     
   2.00000000000000       0.145877646029595     
   2.00500000000000       0.145880709238927     
   2.01000000000000       0.145883727072683     
   2.01500000000000       0.145886700024742     
   2.02000000000000       0.145889628587459     
   2.02500000000000       0.145892513251520     
   2.03000000000000       0.145895354505814     
   2.03500000000000       0.145898152837318     
   2.04000000000000       0.145900908731031     
   2.04500000000000       0.145903622669857     
   2.05000000000000       0.145906295134597     
   2.05500000000000       0.145908926603864     
   2.06000000000000       0.145911517554067     
   2.06500000000000       0.145914068459394     
   2.07000000000000       0.145916579791797     
   2.07500000000000       0.145919052020966     
   2.08000000000000       0.145921485614336     
   2.08500000000000       0.145923881037067     
   2.09000000000000       0.145926238752029     
   2.09500000000000       0.145928559219768     
   2.10000000000000       0.145930842898476     
   2.10500000000000       0.145933090243945     
   2.11000000000000       0.145935301709506     
   2.11500000000000       0.145937477745958     
   2.12000000000000       0.145939618801469     
   2.12500000000000       0.145941725321532     
   2.13000000000000       0.145943797748805     
   2.13500000000000       0.145945836523061     
   2.14000000000000       0.145947842081048     
   2.14500000000000       0.145949814856400     
   2.15000000000000       0.145951755279543     
   2.15500000000000       0.145953663777577     
   2.16000000000000       0.145955540774235     
   2.16500000000000       0.145957386689773     
   2.17000000000000       0.145959201940936     
   2.17500000000000       0.145960986940920     
   2.18000000000000       0.145962742099330     
   2.18500000000000       0.145964467822188     
   2.19000000000000       0.145966164511914     
   2.19500000000000       0.145967832567380     
   2.20000000000000       0.145969472383899     
   2.20500000000000       0.145971084353274     
   2.21000000000000       0.145972668863851     
   2.21500000000000       0.145974226300536     
   2.22000000000000       0.145975757044862     
   2.22500000000000       0.145977261474997     
   2.23000000000000       0.145978739965795     
   2.23500000000000       0.145980192888796     
   2.24000000000000       0.145981620612260     
   2.24500000000000       0.145983023501138     
   2.25000000000000       0.145984401917071     
   2.25500000000000       0.145985756218366     
   2.26000000000000       0.145987086759932     
   2.26500000000000       0.145988393893290     
   2.27000000000000       0.145989677966448     
   2.27500000000000       0.145990939323905     
   2.28000000000000       0.145992178306547     
   2.28500000000000       0.145993395251615     
   2.29000000000000       0.145994590492654     
   2.29500000000000       0.145995764359449     
   2.30000000000000       0.145996917177992     
   2.30500000000000       0.145998049270482     
   2.31000000000000       0.145999160955283     
   2.31500000000000       0.146000252546942     
   2.32000000000000       0.146001324356203     
   2.32500000000000       0.146002376690038     
   2.33000000000000       0.146003409851704     
   2.33500000000000       0.146004424140753     
   2.34000000000000       0.146005419853153     
   2.34500000000000       0.146006397281304     
   2.35000000000000       0.146007356714141     
   2.35500000000000       0.146008298437182     
   2.36000000000000       0.146009222732627     
   2.36500000000000       0.146010129879357     
   2.37000000000000       0.146011020153077     
   2.37500000000000       0.146011893826268     
   2.38000000000000       0.146012751168267     
   2.38500000000000       0.146013592445297     
   2.39000000000000       0.146014417920427     
   2.39500000000000       0.146015227853612     
   2.40000000000000       0.146016022501656     
   2.40500000000000       0.146016802118183     
   2.41000000000000       0.146017566953633     
   2.41500000000000       0.146018317255193     
   2.42000000000000       0.146019053266791     
   2.42500000000000       0.146019775229048     
   2.43000000000000       0.146020483379258     
   2.43500000000000       0.146021177951361     
   2.44000000000000       0.146021859175926     
   2.44500000000000       0.146022527280179     
   2.45000000000000       0.146023182487975     
   2.45500000000000       0.146023825019852     
   2.46000000000000       0.146024455093061     
   2.46500000000000       0.146025072921606     
   2.47000000000000       0.146025678716329     
   2.47500000000000       0.146026272684952     
   2.48000000000000       0.146026855032172     
   2.48500000000000       0.146027425959726     
   2.49000000000000       0.146027985666488     
   2.49500000000000       0.146028534348541     
   2.50000000000000       0.146029072199237     
   2.52500000000000       0.146031559583439     
   2.55000000000000       0.146033812074640     
   2.57500000000000       0.146035849839878     
   2.60000000000000       0.146037691559732     
   2.62500000000000       0.146039354547006     
   2.65000000000000       0.146040854802567     
   2.67500000000000       0.146042207094451     
   2.70000000000000       0.146043425033912     
   2.72500000000000       0.146044521134568     
   2.75000000000000       0.146045506866437     
   2.77500000000000       0.146046392719189     
   2.80000000000000       0.146047188276261     
   2.82500000000000       0.146047902290650     
   2.85000000000000       0.146048542752477     
   2.87500000000000       0.146049116945456     
   2.90000000000000       0.146049631496590     
   2.92500000000000       0.146050092424579     
   2.95000000000000       0.146050505189115     
   2.97500000000000       0.146050874739271     
   3.00000000000000       0.146051205557966     
   3.02500000000000       0.146051501701298     
   3.05000000000000       0.146051766833648     
   3.07500000000000       0.146052004260349     
   3.10000000000000       0.146052216959035     
   3.12500000000000       0.146052407609451     
   3.15000000000000       0.146052578621087     
   3.17500000000000       0.146052732157926     
   3.20000000000000       0.146052870160873     
   3.22500000000000       0.146052994368148     
   3.25000000000000       0.146053106334340     
   3.27500000000000       0.146053207448096     
   3.30000000000000       0.146053298948435     
   3.32500000000000       0.146053381939493     
   3.35000000000000       0.146053457403826     
   3.37500000000000       0.146053526214453     
   3.40000000000000       0.146053589145890     
   3.42500000000000       0.146053646884269     
   3.45000000000000       0.146053700036579     
   3.47500000000000       0.146053749138998     
   3.50000000000000       0.146053794664414     
   3.52500000000000       0.146053837029155     
   3.55000000000000       0.146053876599177     
   3.57500000000000       0.146053913695542     
   3.60000000000000       0.146053948599474     
   3.62500000000000       0.146053981556874     
   3.65000000000000       0.146054012782355     
   3.67500000000000       0.146054042462876     
   3.70000000000000       0.146054070760965     
   3.72500000000000       0.146054097817655     
   3.75000000000000       0.146054123755084     
   3.77500000000000       0.146054148678820     
   3.80000000000000       0.146054172679954     
   3.82500000000000       0.146054195836924     
   3.85000000000000       0.146054218217161     
   3.87500000000000       0.146054239878524     
   3.90000000000000       0.146054260870622     
   3.92500000000000       0.146054281235911     
   3.95000000000000       0.146054301010720     
   3.97500000000000       0.146054320226138     
   4.00000000000000       0.146054338908751     
   4.02500000000000       0.146054357081380     
   4.05000000000000       0.146054374763592     
   4.07500000000000       0.146054391972298     
   4.10000000000000       0.146054408722137     
   4.12500000000000       0.146054425025884     
   4.15000000000000       0.146054440894805     
   4.17500000000000       0.146054456338895     
   4.20000000000000       0.146054471367176     
   4.22500000000000       0.146054485987853     
   4.25000000000000       0.146054500208530     
   4.27500000000000       0.146054514036339     
   4.30000000000000       0.146054527478053     
   4.32500000000000       0.146054540540208     
   4.35000000000000       0.146054553229175     
   4.37500000000000       0.146054565551215     
   4.40000000000000       0.146054577512565     
   4.42500000000000       0.146054589119432     
   4.45000000000000       0.146054600378061     
   4.47500000000000       0.146054611294753     
   4.50000000000000       0.146054621875846     
   4.52500000000000       0.146054632127780     
   4.55000000000000       0.146054642057050     
   4.57500000000000       0.146054651670215     
   4.60000000000000       0.146054660973946     
   4.62500000000000       0.146054669974930     
   4.65000000000000       0.146054678679941     
   4.67500000000000       0.146054687095796     
   4.70000000000000       0.146054695229340     
   4.72500000000000       0.146054703087451     
   4.75000000000000       0.146054710677010     
   4.77500000000000       0.146054718004904     
   4.80000000000000       0.146054725078010     
   4.82500000000000       0.146054731903176     
   4.85000000000000       0.146054738487224     
   4.87500000000000       0.146054744836923     
   4.90000000000000       0.146054750958979     
   4.92500000000000       0.146054756860051     
   4.95000000000000       0.146054762546701     
   4.97500000000000       0.146054768025415     
   5.00000000000000       0.146054773302592     
   5.02500000000000       0.146054778384530     
   5.05000000000000       0.146054783277414     
   5.07500000000000       0.146054787987325     
   5.10000000000000       0.146054792520224     
   5.12500000000000       0.146054796881953     
   5.15000000000000       0.146054801078229     
   5.17500000000000       0.146054805114643     
   5.20000000000000       0.146054808996657     
   5.22500000000000       0.146054812729592     
   5.25000000000000       0.146054816318646     
   5.27500000000000       0.146054819768886     
   5.30000000000000       0.146054823085228     
   5.32500000000000       0.146054826272468     
   5.35000000000000       0.146054829335262     
   5.37500000000000       0.146054832278126     
   5.40000000000000       0.146054835105455     
   5.42500000000000       0.146054837821502     
   5.45000000000000       0.146054840430395     
   5.47500000000000       0.146054842936130     
   5.50000000000000       0.146054845342577     
   5.52500000000000       0.146054847653481     
   5.55000000000000       0.146054849872461     
   5.57500000000000       0.146054852003022     
   5.60000000000000       0.146054854048546     
   5.62500000000000       0.146054856012301     
   5.65000000000000       0.146054857897442     
   5.67500000000000       0.146054859707016     
   5.70000000000000       0.146054861443959     
   5.72500000000000       0.146054863111102     
   5.75000000000000       0.146054864711181     
   5.77500000000000       0.146054866246833     
   5.80000000000000       0.146054867720579     
   5.82500000000000       0.146054869134874     
   5.85000000000000       0.146054870492071     
   5.87500000000000       0.146054871794421     
   5.90000000000000       0.146054873044120     
   5.92500000000000       0.146054874243259     
   5.95000000000000       0.146054875393854     
   5.97500000000000       0.146054876497843     
   6.00000000000000       0.146054877557098     
   6.02500000000000       0.146054878573409     
   6.05000000000000       0.146054879548500     
   6.07500000000000       0.146054880484036     
   6.10000000000000       0.146054881381599     
   6.12500000000000       0.146054882242727     
   6.15000000000000       0.146054883068885     
   6.17500000000000       0.146054883861488     
   6.20000000000000       0.146054884621897     
   6.22500000000000       0.146054885351405     
   6.25000000000000       0.146054886051272     
