  5.000000000000000E-003  0.281554163951909        19.8213020831425     
  1.000000000000000E-002  0.237263212218583        1.25374873108590     
  1.500000000000000E-002  0.259602146527532       0.798209968468616     
  2.000000000000000E-002  0.305136882613003       0.652044282815946     
  2.500000000000000E-002  0.364789658502658       0.583948565029933     
  3.000000000000000E-002  0.435046503836537       0.546256666948501     
  3.500000000000000E-002  0.513945394351816       0.523134480207391     
  4.000000000000000E-002  0.600114992806168       0.507926731853688     
  4.500000000000000E-002  0.692470062863914       0.497402146485466     
  5.000000000000000E-002  0.790094233297916       0.489828514022120     
  5.500000000000000E-002  0.892187103745346       0.484206834898205     
  6.000000000000000E-002  0.998036627744437       0.479927407124548     
  6.500000000000000E-002   1.10700266402919       0.476600830255895     
  7.000000000000001E-002   1.21850603825199       0.473968925816973     
  7.500000000000000E-002   1.33202063638080       0.471855052384459     
  8.000000000000000E-002   1.44706734410288       0.470135068580672     
  8.500000000000001E-002   1.56320921174700       0.468719681882587     
  9.000000000000000E-002   1.68004748855620       0.467543350800143     
  9.500000000000000E-002   1.79721830301336       0.466557100188299     
  0.100000000000000        1.91438983808575       0.465723748940069     
  0.105000000000000        2.03125989278828       0.465014667132840     
  0.110000000000000        2.14755374863237       0.464407527229076     
  0.115000000000000        2.26302227819450       0.463884715846970     
  0.120000000000000        2.37744024666470       0.463432193346536     
  0.125000000000000        2.49060476764342       0.463038662541512     
  0.130000000000000        2.60233388268282       0.462694954346402     
  0.135000000000000        2.71246524069049       0.462393567977613     
  0.140000000000000        2.82085485871596       0.462128322805362     
  0.145000000000000        2.92737595006540       0.461894091903578     
  0.150000000000000        3.03191780929268       0.461686596094654     
  0.155000000000000        3.13438474653628       0.461502243285601     
  0.160000000000000        3.23469506599940       0.461338002062925     
  0.165000000000000        3.33278008519677       0.461191301450374     
  0.170000000000000        3.42858319296924       0.461059950826287     
  0.175000000000000        3.52205894528870       0.460942075505284     
  0.180000000000000        3.61317219856709       0.460836064587127     
  0.185000000000000        3.70189728063334       0.460740528483087     
  0.190000000000000        3.78821719975973       0.460654264129668     
  0.195000000000000        3.87212289220076       0.460576226348409     
  0.200000000000000        3.95361250862218       0.460505504149442     
  0.205000000000000        4.03269073968292       0.460441301034491     
  0.210000000000000        4.10936818078142       0.460382918552744     
  0.215000000000000        4.18366073577927       0.460329742515830     
  0.220000000000000        4.25558905921463       0.460281231396776     
  0.225000000000000        4.32517803630458       0.460236906530806     
  0.230000000000000        4.39245629976464       0.460196343808882     
  0.235000000000000        4.45745578229064       0.460159166612801     
  0.240000000000000        4.52021130333642       0.460125039786779     
  0.245000000000000        4.58076018869777       0.460093664477253     
  0.250000000000000        4.63914192128026       0.460064773702406     
  0.255000000000000        4.69539782135510       0.460038128536825     
  0.260000000000000        4.74957075455338       0.460013514816214     
  0.265000000000000        4.80170486584067       0.459990740283019     
  0.270000000000000        4.85184533769831       0.459969632106763     
  0.275000000000000        4.90003817079277       0.459950034723726     
  0.280000000000000        4.94632998544132       0.459931807949372     
  0.285000000000000        4.99076784224694       0.459914825324333     
  0.290000000000000        5.03339908036649       0.459898972660877     
  0.295000000000000        5.07427117193981       0.459884146761894     
  0.300000000000000        5.11343159129558       0.459870254288733     
  0.305000000000000        5.15092769766652       0.459857210757839     
  0.310000000000000        5.18680663019908       0.459844939649169     
  0.315000000000000        5.22111521417702       0.459833371611943     
  0.320000000000000        5.25389987743371       0.459822443755456     
  0.325000000000000        5.28520657603646       0.459812099014526     
  0.330000000000000        5.31508072839572       0.459802285580688     
  0.335000000000000        5.34356715703467       0.459792956391570     
  0.340000000000000        5.37071003733150       0.459784068672006     
  0.345000000000000        5.39655285259900       0.459775583521352     
  0.350000000000000        5.42113835493753       0.459767465542250     
  0.355000000000000        5.44450853136332       0.459759682506746     
  0.360000000000000        5.46670457473044       0.459752205056190     
  0.365000000000000        5.48776685904748       0.459745006431770     
  0.370000000000000        5.50773491880879       0.459738062232904     
  0.375000000000000        5.52664743200221       0.459731350200980     
  0.380000000000000        5.54454220647977       0.459724850026158     
  0.385000000000000        5.56145616942166       0.459718543175114     
  0.390000000000000        5.57742535962827       0.459712412737776     
  0.395000000000000        5.59248492241561       0.459706443291155     
  0.400000000000000        5.60666910689334       0.459700620778508     
  0.405000000000000        5.62001126543098       0.459694932402118     
  0.410000000000000        5.63254385513165       0.459689366528069     
  0.415000000000000        5.64429844113612       0.459683912601425     
  0.420000000000000        5.65530570161158       0.459678561070349     
  0.425000000000000        5.66559543426730       0.459673303317736     
  0.430000000000000        5.67519656426339       0.459668131599036     
  0.435000000000000        5.68413715338571       0.459663038985094     
  0.440000000000000        5.69244441036452       0.459658019308881     
  0.445000000000000        5.70014470222046       0.459653067115189     
  0.450000000000000        5.70726356653284       0.459648177612468     
  0.455000000000000        5.71382572453731       0.459643346626156     
  0.460000000000000        5.71985509494026       0.459638570552985     
  0.465000000000000        5.72537480838462       0.459633846315936     
  0.470000000000000        5.73040722246510       0.459629171319632     
  0.475000000000000        5.73497393721994       0.459624543406133     
  0.480000000000000        5.73909581103713       0.459619960811215     
  0.485000000000000        5.74279297689246       0.459615422121328     
  0.490000000000000        5.74608485885757       0.459610926231520     
  0.495000000000000        5.74899018883326       0.459606472304720     
  0.500000000000000        5.75152702343112       0.459602059732740     
  0.505000000000000        5.75371276096911       0.459597688099485     
  0.510000000000000        5.75556415852632       0.459593357146736     
  0.515000000000000        5.75709734901449       0.459589066742943     
  0.520000000000000        5.75832785822247       0.459584816855337     
  0.525000000000000        5.75927062180276       0.459580607525614     
  0.530000000000000        5.75994000215652       0.459576438849383     
  0.535000000000000        5.76034980519733       0.459572310959413     
  0.540000000000000        5.76051329695070       0.459568224012644     
  0.545000000000000        5.76044321997453       0.459564178180801     
  0.550000000000000        5.76015180957481       0.459560173644344     
  0.555000000000000        5.75965080978627       0.459556210589384     
  0.560000000000000        5.75895148911048       0.459552289207131     
  0.565000000000000        5.75806465599103       0.459548409695337     
  0.570000000000000        5.75700067400203       0.459544572261208     
  0.575000000000000        5.75576947675117       0.459540777125182     
  0.580000000000000        5.75438058247838       0.459537024525017     
  0.585000000000000        5.75284310833426       0.459533314719636     
  0.590000000000000        5.75116578434863       0.459529647992244     
  0.595000000000000        5.74935696706402       0.459526024652295     
  0.600000000000000        5.74742465284058       0.459522445035980     
  0.605000000000000        5.74537649082690       0.459518909505012     
  0.610000000000000        5.74321979559236       0.459515418443592     
  0.615000000000000        5.74096155942247       0.459511972253555     
  0.620000000000000        5.73860846427492       0.459508571347803     
  0.625000000000000        5.73616689340360       0.459505216142254     
  0.630000000000000        5.73364294264351       0.459501907046593     
  0.635000000000000        5.73104243136461       0.459498644454216     
  0.640000000000000        5.72837091309914       0.459495428731803     
  0.645000000000000        5.72563368584418       0.459492260208982     
  0.650000000000000        5.72283580204175       0.459489139168549     
  0.655000000000000        5.71998207824694       0.459486065837708     
  0.660000000000000        5.71707710448143       0.459483040380743     
  0.665000000000000        5.71412525328808       0.459480062893466     
  0.670000000000000        5.71113068848090       0.459477133399714     
  0.675000000000000        5.70809737360503       0.459474251850083     
  0.680000000000000        5.70502908010772       0.459471418122953     
  0.685000000000000        5.70192939522759       0.459468632027779     
  0.690000000000000        5.69880172960970       0.459465893310514     
  0.695000000000000        5.69564932465117       0.459463201660905     
  0.700000000000000        5.69247525958318       0.459460556721349     
  0.705000000000000        5.68928245829826       0.459457958096904     
  0.710000000000000        5.68607369592407       0.459455405365985     
  0.715000000000000        5.68285160515693       0.459452898091284     
  0.720000000000000        5.67961868235829       0.459450435830400     
  0.725000000000000        5.67637729341489       0.459448018145714     
  0.730000000000000        5.67312967938612       0.459445644613065     
  0.735000000000000        5.66987796192102       0.459443314828858     
  0.740000000000000        5.66662414847597       0.459441028415295     
  0.745000000000000        5.66337013732171       0.459438785023542     
  0.750000000000000        5.66011772235408       0.459436584334708     
  0.755000000000000        5.65686859772085       0.459434426058666     
  0.760000000000000        5.65362436225307       0.459432309930798     
  0.765000000000000        5.65038652373129       0.459430235706906     
  0.770000000000000        5.64715650297212       0.459428203156565     
  0.775000000000000        5.64393563775593       0.459426212055301     
  0.780000000000000        5.64072518659324       0.459424262176030     
  0.785000000000000        5.63752633233780       0.459422353280206     
  0.790000000000000        5.63434018566047       0.459420485109160     
  0.795000000000000        5.63116778837123       0.459418657376086     
  0.800000000000000        5.62801011661208       0.459416869759097     
  0.805000000000000        5.62486808392162       0.459415121895722     
  0.810000000000000        5.62174254416571       0.459413413379113     
  0.815000000000000        5.61863429435579       0.459411743756206     
  0.820000000000000        5.61554407734444       0.459410112527890     
  0.825000000000000        5.61247258441095       0.459408519151228     
  0.830000000000000        5.60942045773838       0.459406963043596     
  0.835000000000000        5.60638829278554       0.459405443588561     
  0.840000000000000        5.60337664055639       0.459403960143203     
  0.845000000000000        5.60038600977484       0.459402512046531     
  0.850000000000000        5.59741686896388       0.459401098628581     
  0.855000000000000        5.59446964843291       0.459399719219745     
  0.860000000000000        5.59154474217945       0.459398373159903     
  0.865000000000000        5.58864250970468       0.459397059806891     
  0.870000000000000        5.58576327775183       0.459395778543929     
  0.875000000000000        5.58290734196040       0.459394528785636     
  0.880000000000000        5.58007496845076       0.459393309982373     
  0.885000000000000        5.57726639533576       0.459392121622724     
  0.890000000000000        5.57448183416090       0.459390963234006     
  0.895000000000000        5.57172147128533       0.459389834380833     
  0.900000000000000        5.56898546919109       0.459388734661812     
  0.905000000000000        5.56627396774220       0.459387663704598     
  0.910000000000000        5.56358708537947       0.459386621159558     
  0.915000000000000        5.56092492026522       0.459385606692402     
  0.920000000000000        5.55828755137509       0.459384619976184     
  0.925000000000000        5.55567503954051       0.459383660683079     
  0.930000000000000        5.55308742844580       0.459382728476388     
  0.935000000000000        5.55052474557796       0.459381823003179     
  0.940000000000000        5.54798700313816       0.459380943887947     
  0.945000000000000        5.54547419890873       0.459380090727630     
  0.950000000000000        5.54298631708357       0.459379263088222     
  0.955000000000000        5.54052332905959       0.459378460503177     
  0.960000000000000        5.53808519419424       0.459377682473659     
  0.965000000000000        5.53567186052741       0.459376928470652     
  0.970000000000000        5.53328326547007       0.459376197938792     
  0.975000000000000        5.53091933646005       0.459375490301743     
  0.980000000000000        5.52857999158964       0.459374804968827     
  0.985000000000000        5.52626514019748       0.459374141342579     
  0.990000000000000        5.52397468343924       0.459373498826829     
  0.995000000000000        5.52170851482117       0.459372876834911     
   1.00000000000000        5.51946652071466       0.459372274797574     
   1.00500000000000        5.51724858083804       0.459371692170198     
   1.01000000000000        5.51505456871935       0.459371128438961     
   1.01500000000000        5.51288435212849       0.459370583125625     
   1.02000000000000        5.51073779349130       0.459370055790737     
   1.02500000000000        5.50861475027872       0.459369546035068     
   1.03000000000000        5.50651507537913       0.459369053499237     
   1.03500000000000        5.50443861744381       0.459368577861541     
   1.04000000000000        5.50238522122114       0.459368118834129     
   1.04500000000000        5.50035472787089       0.459367676157703     
   1.05000000000000        5.49834697525831       0.459367249595047     
   1.05500000000000        5.49636179824008       0.459366838923707     
   1.06000000000000        5.49439902893034       0.459366443928208     
   1.06500000000000        5.49245849695476       0.459366064392215     
   1.07000000000000        5.49054002969395       0.459365700091033     
   1.07500000000000        5.48864345251248       0.459365350784832     
   1.08000000000000        5.48676858898005       0.459365016212953     
   1.08500000000000        5.48491526107795       0.459364696089561     
   1.09000000000000        5.48308328939839       0.459364390100882     
   1.09500000000000        5.48127249333555       0.459364097904163     
   1.10000000000000        5.47948269126070       0.459363819128370     
   1.10500000000000        5.47771370069884       0.459363553376623     
   1.11000000000000        5.47596533848354       0.459363300230198     
   1.11500000000000        5.47423742091553       0.459363059253918     
   1.12000000000000        5.47252976390242       0.459362830002617     
   1.12500000000000        5.47084218309710       0.459362612028362     
   1.13000000000000        5.46917449402148       0.459362404888053     
   1.13500000000000        5.46752651218895       0.459362208151001     
   1.14000000000000        5.46589805321050       0.459362021406103     
   1.14500000000000        5.46428893290022       0.459361844268242     
   1.15000000000000        5.46269896736936       0.459361676383577     
   1.15500000000000        5.46112797311209       0.459361517433466     
   1.16000000000000        5.45957576708884       0.459361367136817     
   1.16500000000000        5.45804216679766       0.459361225250750     
   1.17000000000000        5.45652699034238       0.459361091569537     
   1.17500000000000        5.45503005649752       0.459360965921892     
   1.18000000000000        5.45355118476183       0.459360848166734     
   1.18500000000000        5.45209019541496       0.459360738187661     
   1.19000000000000        5.45064690956238       0.459360635886413     
   1.19500000000000        5.44922114918447       0.459360541175665     
   1.20000000000000        5.44781273717582       0.459360453971512     
   1.20500000000000        5.44642149738878       0.459360374186046     
   1.21000000000000        5.44504725466691       0.459360301720391     
   1.21500000000000        5.44368983488281       0.459360236458551     
   1.22000000000000        5.44234906497177       0.459360178262391     
   1.22500000000000        5.44102477296331       0.459360126967989     
   1.23000000000000        5.43971678801307       0.459360082383559     
   1.23500000000000        5.43842494042933       0.459360044289015     
   1.24000000000000        5.43714906170264       0.459360012437221     
   1.24500000000000        5.43588898453034       0.459359986556831     
   1.25000000000000        5.43464454283969       0.459359966356579     
   1.25500000000000        5.43341557181150       0.459359951530787     
   1.26000000000000        5.43220190789559       0.459359941765792     
   1.26500000000000        5.43100338883217       0.459359936746976     
   1.27000000000000        5.42981985366273       0.459359936166008     
   1.27500000000000        5.42865114274449       0.459359939727948     
   1.28000000000000        5.42749709775705       0.459359947157825     
   1.28500000000000        5.42635756171000       0.459359958206354     
   1.29000000000000        5.42523237894821       0.459359972654513     
   1.29500000000000        5.42412139515024       0.459359990316728     
   1.30000000000000        5.42302445733133       0.459360011042507     
   1.30500000000000        5.42194141383660       0.459360034716453     
   1.31000000000000        5.42087211433982       0.459360061256644     
   1.31500000000000        5.41981640983608       0.459360090611480     
   1.32000000000000        5.41877415263401       0.459360122755138     
   1.32500000000000        5.41774519634989       0.459360157681906     
   1.33000000000000        5.41672939589714       0.459360195399652     
   1.33500000000000        5.41572660748082       0.459360235922791     
   1.34000000000000        5.41473668858467       0.459360279265093     
   1.34500000000000        5.41375949796985       0.459360325432711     
   1.35000000000000        5.41279489566274       0.459360374417780     
   1.35500000000000        5.41184274294905       0.459360426192909     
   1.36000000000000        5.41090290237007       0.459360480706848     
   1.36500000000000        5.40997523771522       0.459360537881546     
   1.37000000000000        5.40905961401949       0.459360597610743     
   1.37500000000000        5.40815589755749       0.459360659760160     
   1.38000000000000        5.40726395584220       0.459360724169274     
   1.38500000000000        5.40638365761752       0.459360790654569     
   1.39000000000000        5.40551487285960       0.459360859014107     
   1.39500000000000        5.40465747276885       0.459360929033160     
   1.40000000000000        5.40381132976647       0.459361000490605     
   1.40500000000000        5.40297631749186       0.459361073165779     
   1.41000000000000        5.40215231079017       0.459361146845391     
   1.41500000000000        5.40133918571023       0.459361221330175     
   1.42000000000000        5.40053681949410       0.459361296440915     
   1.42500000000000        5.39974509056677       0.459361372023540     
   1.43000000000000        5.39896387852512       0.459361447953034     
   1.43500000000000        5.39819306412547       0.459361524135940     
   1.44000000000000        5.39743252927016       0.459361600511363     
   1.44500000000000        5.39668215699541       0.459361677050396     
   1.45000000000000        5.39594183145287       0.459361753754009     
   1.45500000000000        5.39521143789703       0.459361830649524     
   1.46000000000000        5.39449086267099       0.459361907785841     
   1.46500000000000        5.39377999318791       0.459361985227673     
   1.47000000000000        5.39307871792129       0.459362063049089     
   1.47500000000000        5.39238692638518       0.459362141326689     
   1.48000000000000        5.39170450912829       0.459362220132769     
   1.48500000000000        5.39103135771630       0.459362299528826     
   1.49000000000000        5.39036736472398       0.459362379559719     
   1.49500000000000        5.38971242372603       0.459362460248806     
   1.50000000000000        5.38906642928617       0.459362541594282     
   1.50500000000000        5.38842927695390       0.459362623566912     
   1.51000000000000        5.38780086325509       0.459362706109268     
   1.51500000000000        5.38718108568841       0.459362789136493     
   1.52000000000000        5.38656984272104       0.459362872538565     
   1.52500000000000        5.38596703378176       0.459362956183914     
   1.53000000000000        5.38537255926174       0.459363039924229     
   1.53500000000000        5.38478632050568       0.459363123600168     
   1.54000000000000        5.38420821980857       0.459363207047706     
   1.54500000000000        5.38363816041429       0.459363290104774     
   1.55000000000000        5.38307604650459       0.459363372617832     
   1.55500000000000        5.38252178319486       0.459363454448078     
   1.56000000000000        5.38197527652797       0.459363535476919     
   1.56500000000000        5.38143643346347       0.459363615610471     
   1.57000000000000        5.38090516186903       0.459363694782827     
   1.57500000000000        5.38038137051054       0.459363772957944     
   1.58000000000000        5.37986496903913       0.459363850130043     
   1.58500000000000        5.37935586798285       0.459363926322518     
   1.59000000000000        5.37885397873078       0.459364001585394     
   1.59500000000000        5.37835921352461       0.459364075991492     
   1.60000000000000        5.37787148544283       0.459364149631477     
   1.60500000000000        5.37739070839246       0.459364222608064     
   1.61000000000000        5.37691679709634       0.459364295029670     
   1.61500000000000        5.37644966708240       0.459364367003845     
   1.62000000000000        5.37598923467569       0.459364438630811     
   1.62500000000000        5.37553541698963       0.459364509997458     
   1.63000000000000        5.37508813191878       0.459364581172076     
   1.63500000000000        5.37464729813334       0.459364652200115     
   1.64000000000000        5.37421283507442       0.459364723101175     
   1.64500000000000        5.37378466295015       0.459364793867371     
   1.65000000000000        5.37336270273318       0.459364864463174     
   1.65500000000000        5.37294687615987       0.459364934826693     
   1.66000000000000        5.37253710572619       0.459365004872371     
   1.66500000000000        5.37213331468869       0.459365074494909     
   1.67000000000000        5.37173542706376       0.459365143574245     
   1.67500000000000        5.37134336762432       0.459365211981303     
   1.68000000000000        5.37095706189872       0.459365279584230     
   1.68500000000000        5.37057643617132       0.459365346254786     
   1.69000000000000        5.37020141747420       0.459365411874568     
   1.69500000000000        5.36983193358747       0.459365476340729     
   1.70000000000000        5.36946791303211       0.459365539570926     
   1.70500000000000        5.36910928506458       0.459365601507211     
   1.71000000000000        5.36875597967008       0.459365662118705     
   1.71500000000000        5.36840792755440       0.459365721402876     
   1.72000000000000        5.36806506013569       0.459365779385402     
   1.72500000000000        5.36772730953543       0.459365836118599     
   1.73000000000000        5.36739460857003       0.459365891678515     
   1.73500000000000        5.36706689073824       0.459365946160827     
   1.74000000000000        5.36674409021729       0.459365999675779     
   1.74500000000000        5.36642614184834       0.459366052342397     
   1.75000000000000        5.36611298113398       0.459366104282296     
   1.75500000000000        5.36580454422417       0.459366155613397     
   1.76000000000000        5.36550076791518       0.459366206443869     
   1.76500000000000        5.36520158964259       0.459366256866614     
   1.77000000000000        5.36490694747480       0.459366306954572     
   1.77500000000000        5.36461678011125       0.459366356757085     
   1.78000000000000        5.36433102688071       0.459366406297503     
   1.78500000000000        5.36404962773791       0.459366455572157     
   1.79000000000000        5.36377252326453       0.459366504550731     
   1.79500000000000        5.36349965466772       0.459366553178027     
   1.80000000000000        5.36323096378095       0.459366601377019     
   1.80500000000000        5.36296639306347       0.459366649053030     
   1.81000000000000        5.36270588560236       0.459366696098823     
   1.81500000000000        5.36244938511046       0.459366742400335     
   1.82000000000000        5.36219683592707       0.459366787842756     
   1.82500000000000        5.36194818301470       0.459366832316637     
   1.83000000000000        5.36170337195919       0.459366875723727     
   1.83500000000000        5.36146234896541       0.459366917982208     
   1.84000000000000        5.36122506085187       0.459366959031103     
   1.84500000000000        5.36099145504768       0.459366998833585     
   1.85000000000000        5.36076147958586       0.459367037379065     
   1.85500000000000        5.36053508309467       0.459367074683912     
   1.86000000000000        5.36031221479348       0.459367110790817     
   1.86500000000000        5.36009282448158       0.459367145766786     
   1.87000000000000        5.35987686253066       0.459367179699918     
   1.87500000000000        5.35966427987788       0.459367212695111     
   1.88000000000000        5.35945502801642       0.459367244868911     
   1.88500000000000        5.35924905898755       0.459367276343798     
   1.89000000000000        5.35904632537435       0.459367307242189     
   1.89500000000000        5.35884678029489       0.459367337680461     
   1.90000000000000        5.35865037739658       0.459367367763310     
   1.90500000000000        5.35845707085038       0.459367397578742     
   1.91000000000000        5.35826681535064       0.459367427193931     
   1.91500000000000        5.35807956610898       0.459367456652171     
   1.92000000000000        5.35789527885336       0.459367485971070     
   1.92500000000000        5.35771390982925       0.459367515142072     
   1.93000000000000        5.35753541579595       0.459367544131331     
   1.93500000000000        5.35735975402941       0.459367572881888     
   1.94000000000000        5.35718688232194       0.459367601317028     
   1.94500000000000        5.35701675898145       0.459367629344653     
   1.95000000000000        5.35684934283282       0.459367656862426     
   1.95500000000000        5.35668459321820       0.459367683763440     
   1.96000000000000        5.35652246999291       0.459367709942092     
   1.96500000000000        5.35636293352917       0.459367735299885     
   1.97000000000000        5.35620594470749       0.459367759750845     
   1.97500000000000        5.35605146491943       0.459367783226280     
   1.98000000000000        5.35589945605730       0.459367805678627     
   1.98500000000000        5.35574988051425       0.459367827084213     
   1.99000000000000        5.35560270117294       0.459367847444778     
   1.99500000000000        5.35545788140325       0.459367866787673     
   2.00000000000000        5.35531538505105       0.459367885164763     
   2.00500000000000        5.35517517643309       0.459367902650047     
   2.01000000000000        5.35503722032645       0.459367919336163     
   2.01500000000000        5.35490148196233       0.459367935329946     
   2.02000000000000        5.35476792701761       0.459367950747253     
   2.02500000000000        5.35463652160740       0.459367965707354     
   2.03000000000000        5.35450723227711       0.459367980327156     
   2.03500000000000        5.35438002599898       0.459367994715569     
   2.04000000000000        5.35425487016532       0.459368008968295     
   2.04500000000000        5.35413173258330       0.459368023163314     
   2.05000000000000        5.35401058147414       0.459368037357292     
   2.05500000000000        5.35389138546883       0.459368051583099     
   2.06000000000000        5.35377411360774       0.459368065848549     
   2.06500000000000        5.35365873533907       0.459368080136439     
   2.07000000000000        5.35354522051890       0.459368094405866     
   2.07500000000000        5.35343353941103       0.459368108594764     
   2.08000000000000        5.35332366268774       0.459368122623512     
   2.08500000000000        5.35321556142920       0.459368136399440     
   2.09000000000000        5.35310920712373       0.459368149821979     
   2.09500000000000        5.35300457166835       0.459368162788218     
   2.10000000000000        5.35290162736422       0.459368175198535     
   2.10500000000000        5.35280034691972       0.459368186962071     
   2.11000000000000        5.35270070344182       0.459368198001702     
   2.11500000000000        5.35260267043837       0.459368208258312     
   2.12000000000000        5.35250622180768       0.459368217694111     
   2.12500000000000        5.35241133183778       0.459368226294847     
   2.13000000000000        5.35231797519622       0.459368234070790     
   2.13500000000000        5.35222612692691       0.459368241056467     
   2.14000000000000        5.35213576243887       0.459368247309124     
   2.14500000000000        5.35204685750169       0.459368252906039     
   2.15000000000000        5.35195938823526       0.459368257940799     
   2.15500000000000        5.35187333110326       0.459368262518753     
   2.16000000000000        5.35178866290729       0.459368266751865     
   2.16500000000000        5.35170536077535       0.459368270753244     
   2.17000000000000        5.35162340216085       0.459368274631623     
   2.17500000000000        5.35154276483460       0.459368278486087     
   2.18000000000000        5.35146342687946       0.459368282401295     
   2.18500000000000        5.35138536668866       0.459368286443468     
   2.19000000000000        5.35130856296169       0.459368290657330     
   2.19500000000000        5.35123299470310       0.459368295064161     
   2.20000000000000        5.35115864122107       0.459368299661056     
   2.20500000000000        5.35108548212768       0.459368304421435     
   2.21000000000000        5.35101349733651       0.459368309296753     
   2.21500000000000        5.35094266706705       0.459368314219346     
   2.22000000000000        5.35087297184071       0.459368319106238     
   2.22500000000000        5.35080439248365       0.459368323863725     
   2.23000000000000        5.35073691012663       0.459368328392495     
   2.23500000000000        5.35067050620312       0.459368332593011     
   2.24000000000000        5.35060516244905       0.459368336370897     
   2.24500000000000        5.35054086090036       0.459368339642025     
   2.25000000000000        5.35047758389110       0.459368342337068     
   2.25500000000000        5.35041531404783       0.459368344405267     
   2.26000000000000        5.35035403428708       0.459368345817233     
   2.26500000000000        5.35029372780950       0.459368346566633     
   2.27000000000000        5.35023437809352       0.459368346670683     
   2.27500000000000        5.35017596888684       0.459368346169428     
   2.28000000000000        5.35011848420492       0.459368345123840     
   2.28500000000000        5.35006190831725       0.459368343612848     
   2.29000000000000        5.35000622574486       0.459368341729451     
   2.29500000000000        5.34995142125063       0.459368339576102     
   2.30000000000000        5.34989747983483       0.459368337259638     
   2.30500000000000        5.34984438672796       0.459368334885979     
   2.31000000000000        5.34979212738398       0.459368332554893     
   2.31500000000000        5.34974068747964       0.459368330355094     
   2.32000000000000        5.34969005290655       0.459368328359914     
   2.32500000000000        5.34964020977104       0.459368326623783     
   2.33000000000000        5.34959114439203       0.459368325179681     
   2.33500000000000        5.34954284329828       0.459368324037706     
   2.34000000000000        5.34949529323094       0.459368323184818     
   2.34500000000000        5.34944848114018       0.459368322585766     
   2.35000000000000        5.34940239418888       0.459368322185160     
   2.35500000000000        5.34935701975063       0.459368321910565     
   2.36000000000000        5.34931234541461       0.459368321676463     
   2.36500000000000        5.34926835898018       0.459368321388864     
   2.37000000000000        5.34922504846399       0.459368320950353     
   2.37500000000000        5.34918240209357       0.459368320265274     
   2.38000000000000        5.34914040831021       0.459368319244824     
   2.38500000000000        5.34909905576649       0.459368317811763     
   2.39000000000000        5.34905833332264       0.459368315904519     
   2.39500000000000        5.34901823004456       0.459368313480467     
   2.40000000000000        5.34897873519935       0.459368310518223     
   2.40500000000000        5.34893983825005       0.459368307018839     
   2.41000000000000        5.34890152884993       0.459368303005826     
   2.41500000000000        5.34886379683819       0.459368298524035     
   2.42000000000000        5.34882663223234       0.459368293637421     
   2.42500000000000        5.34879002522131       0.459368288425851     
   2.43000000000000        5.34875396616157       0.459368282981079     
   2.43500000000000        5.34871844556806       0.459368277402131     
   2.44000000000000        5.34868345411141       0.459368271790328     
   2.44500000000000        5.34864898261165       0.459368266244199     
   2.45000000000000        5.34861502203300       0.459368260854546     
   2.45500000000000        5.34858156348378       0.459368255699936     
   2.46000000000000        5.34854859820902       0.459368250842814     
   2.46500000000000        5.34851611759301       0.459368246326467     
   2.47000000000000        5.34848411315593       0.459368242172979     
   2.47500000000000        5.34845257655485       0.459368238382275     
   2.48000000000000        5.34842149958341       0.459368234932318     
   2.48500000000000        5.34839087417386       0.459368231780417     
   2.49000000000000        5.34836069239670       0.459368228865605     
   2.49500000000000        5.34833094646428       0.459368226111942     
   2.50000000000000        5.34830162872895       0.459368223432577     
   2.52500000000000        5.34816300878440       0.459368206025973     
   2.55000000000000        5.34803373391131       0.459368181425302     
   2.57500000000000        5.34791304076837       0.459368151981680     
   2.60000000000000        5.34780023086460       0.459368122559503     
   2.62500000000000        5.34769466340068       0.459368096020037     
   2.65000000000000        5.34759575135089       0.459368071731775     
   2.67500000000000        5.34750295937703       0.459368047319178     
   2.70000000000000        5.34741580069564       0.459368021208209     
   2.72500000000000        5.34733383264775       0.459367993697755     
   2.75000000000000        5.34725665178882       0.459367966190319     
   2.77500000000000        5.34718388969763       0.459367939790766     
   2.80000000000000        5.34711520996043       0.459367914588008     
   2.82500000000000        5.34705030590171       0.459367889966128     
   2.85000000000000        5.34698889839508       0.459367865364362     
   2.87500000000000        5.34693073340481       0.459367840739384     
   2.90000000000000        5.34687557941445       0.459367816461902     
   2.92500000000000        5.34682322509812       0.459367792914218     
   2.95000000000000        5.34677347741298       0.459367770204998     
   2.97500000000000        5.34672616005719       0.459367748189185     
   3.00000000000000        5.34668111206942       0.459367726678314     
   3.02500000000000        5.34663818644386       0.459367705613261     
   3.05000000000000        5.34659724874921       0.459367685075377     
   3.07500000000000        5.34655817585903       0.459367665180194     
   3.10000000000000        5.34652085485172       0.459367645976352     
   3.12500000000000        5.34648518207489       0.459367627428282     
   3.15000000000000        5.34645106232247       0.459367609469328     
   3.17500000000000        5.34641840805414       0.459367592060567     
   3.20000000000000        5.34638713865875       0.459367575207150     
   3.22500000000000        5.34635717976737       0.459367558933287     
   3.25000000000000        5.34632846265179       0.459367543249300     
   3.27500000000000        5.34630092369591       0.459367528139552     
   3.30000000000000        5.34627450392997       0.459367513574149     
   3.32500000000000        5.34624914860650       0.459367499527520     
   3.35000000000000        5.34622480680752       0.459367485987066     
   3.37500000000000        5.34620143107848       0.459367472948358     
   3.40000000000000        5.34617897711036       0.459367460405163     
   3.42500000000000        5.34615740344987       0.459367448343959     
   3.45000000000000        5.34613667124963       0.459367436745875     
   3.47500000000000        5.34611674403686       0.459367425592168     
   3.50000000000000        5.34609758751158       0.459367414867815     
   3.52500000000000        5.34607916934913       0.459367404561018     
   3.55000000000000        5.34606145903863       0.459367394660411     
   3.57500000000000        5.34604442772422       0.459367385152946     
   3.60000000000000        5.34602804807643       0.459367376023952     
   3.62500000000000        5.34601229416725       0.459367367258628     
   3.65000000000000        5.34599714136447       0.459367358843351     
   3.67500000000000        5.34598256622932       0.459367350765839     
   3.70000000000000        5.34596854643075       0.459367343014426     
   3.72500000000000        5.34595506066223       0.459367335577332     
   3.75000000000000        5.34594208857216       0.459367328442505     
   3.77500000000000        5.34592961070028       0.459367321597995     
   3.80000000000000        5.34591760841590       0.459367315032381     
   3.82500000000000        5.34590606387159       0.459367308734911     
   3.85000000000000        5.34589495994815       0.459367302695331     
   3.87500000000000        5.34588428021670       0.459367296903645     
   3.90000000000000        5.34587400889768       0.459367291350018     
   3.92500000000000        5.34586413082388       0.459367286024843     
   3.95000000000000        5.34585463141166       0.459367280918873     
   3.97500000000000        5.34584549662828       0.459367276023281     
   4.00000000000000        5.34583671296637       0.459367271329622     
   4.02500000000000        5.34582826741901       0.459367266829755     
   4.05000000000000        5.34582014745564       0.459367262515793     
   4.07500000000000        5.34581234100289       0.459367258380108     
   4.10000000000000        5.34580483642433       0.459367254415363     
   4.12500000000000        5.34579762250076       0.459367250614522     
   4.15000000000000        5.34579068841655       0.459367246970851     
   4.17500000000000        5.34578402374076       0.459367243477882     
   4.20000000000000        5.34577761841553       0.459367240129389     
   4.22500000000000        5.34577146273885       0.459367236919383     
   4.25000000000000        5.34576554735271       0.459367233842111     
   4.27500000000000        5.34575986323368       0.459367230892059     
   4.30000000000000        5.34575440167537       0.459367228063944     
   4.32500000000000        5.34574915428358       0.459367225352699     
   4.35000000000000        5.34574411296031       0.459367222753463     
   4.37500000000000        5.34573926989659       0.459367220261573     
   4.40000000000000        5.34573461756296       0.459367217872555     
   4.42500000000000        5.34573014869778       0.459367215582119     
   4.45000000000000        5.34572585630072       0.459367213386161     
   4.47500000000000        5.34572173362251       0.459367211280742     
   4.50000000000000        5.34571777415720       0.459367209262094     
   4.52500000000000        5.34571397163482       0.459367207326598     
   4.55000000000000        5.34571032001233       0.459367205470794     
   4.57500000000000        5.34570681346606       0.459367203691359     
   4.60000000000000        5.34570344638606       0.459367201985116     
   4.62500000000000        5.34570021336701       0.459367200349020     
   4.65000000000000        5.34569710920365       0.459367198780153     
   4.67500000000000        5.34569412888116       0.459367197275720     
   4.70000000000000        5.34569126757171       0.459367195833043     
   4.72500000000000        5.34568852062627       0.459367194449559     
   4.75000000000000        5.34568588356905       0.459367193122810     
   4.77500000000000        5.34568335209165       0.459367191850442     
   4.80000000000000        5.34568092204785       0.459367190630204     
   4.82500000000000        5.34567858944760       0.459367189459933     
   4.85000000000000        5.34567635045073       0.459367188337563     
   4.87500000000000        5.34567420136327       0.459367187261112     
   4.90000000000000        5.34567213863180       0.459367186228681     
   4.92500000000000        5.34567015883866       0.459367185238452     
   4.95000000000000        5.34566825869480       0.459367184288681     
   4.97500000000000        5.34566643504008       0.459367183377702     
   5.00000000000000        5.34566468483467       0.459367182503912     
   5.02500000000000        5.34566300515575       0.459367181665782     
   5.05000000000000        5.34566139319412       0.459367180861843     
   5.07500000000000        5.34565984624884       0.459367180090687     
   5.10000000000000        5.34565836172331       0.459367179350967     
   5.12500000000000        5.34565693712448       0.459367178641392     
   5.15000000000000        5.34565557005358       0.459367177960722     
   5.17500000000000        5.34565425820785       0.459367177307772     
   5.20000000000000        5.34565299937370       0.459367176681405     
   5.22500000000000        5.34565179142494       0.459367176080531     
   5.25000000000000        5.34565063231861       0.459367175504106     
   5.27500000000000        5.34564952009331       0.459367174951129     
   5.30000000000000        5.34564845286352       0.459367174420640     
   5.32500000000000        5.34564742881917       0.459367173911719     
   5.35000000000000        5.34564644622229       0.459367173423485     
   5.37500000000000        5.34564550340351       0.459367172955092     
   5.40000000000000        5.34564459875926       0.459367172505730     
   5.42500000000000        5.34564373075019       0.459367172074622     
   5.45000000000000        5.34564289789892       0.459367171661024     
   5.47500000000000        5.34564209878622       0.459367171264221     
   5.50000000000000        5.34564133204915       0.459367170883527     
   5.52500000000000        5.34564059638056       0.459367170518288     
   5.55000000000000        5.34563989052465       0.459367170167872     
   5.57500000000000        5.34563921327648       0.459367169831678     
   5.60000000000000        5.34563856347888       0.459367169509124     
   5.62500000000000        5.34563794002102       0.459367169199657     
   5.65000000000000        5.34563734183800       0.459367168902743     
   5.67500000000000        5.34563676790616       0.459367168617874     
   5.70000000000000        5.34563621724383       0.459367168344557     
   5.72500000000000        5.34563568890929       0.459367168082324     
   5.75000000000000        5.34563518199728       0.459367167830725     
   5.77500000000000        5.34563469564093       0.459367167589327     
   5.80000000000000        5.34563422900673       0.459367167357717     
   5.82500000000000        5.34563378129502       0.459367167135495     
   5.85000000000000        5.34563335174069       0.459367166922282     
   5.87500000000000        5.34563293960582       0.459367166717711     
   5.90000000000000        5.34563254418542       0.459367166521432     
   5.92500000000000        5.34563216480110       0.459367166333109     
   5.95000000000000        5.34563180080323       0.459367166152417     
   5.97500000000000        5.34563145156728       0.459367165979049     
   6.00000000000000        5.34563111649503       0.459367165812706     
   6.02500000000000        5.34563079501208       0.459367165653104     
   6.05000000000000        5.34563048656651       0.459367165499969     
   6.07500000000000        5.34563019063088       0.459367165353039     
   6.10000000000000        5.34562990669642       0.459367165212063     
   6.12500000000000        5.34562963427706       0.459367165076799     
   6.15000000000000        5.34562937290536       0.459367164947015     
   6.17500000000000        5.34562912213343       0.459367164822490     
   6.20000000000000        5.34562888153071       0.459367164703010     
   6.22500000000000        5.34562865068555       0.459367164588371     
   6.25000000000000        5.34562842920170       0.459367164478377     
