  5.000000000000000E-003   15.3583251605918     
  1.000000000000000E-002   23.0517863663565     
  1.500000000000000E-002   33.2542964171368     
  2.000000000000000E-002   45.8700853929038     
  2.500000000000000E-002   60.6589075170514     
  3.000000000000000E-002   77.3076718156467     
  3.500000000000000E-002   95.4810029676538     
  4.000000000000000E-002   114.852150515583     
  4.500000000000000E-002   135.119755023225     
  5.000000000000000E-002   156.015491452036     
  5.500000000000000E-002   177.306217100661     
  6.000000000000000E-002   198.793014733549     
  6.500000000000000E-002   220.308628535290     
  7.000000000000001E-002   241.714196137999     
  7.500000000000000E-002   262.895800774966     
  8.000000000000000E-002   283.761132375304     
  8.500000000000001E-002   304.236403877324     
  9.000000000000000E-002   324.263584819778     
  9.500000000000000E-002   343.797966112591     
  0.100000000000000        362.806043686148     
  0.105000000000000        381.263695658296     
  0.110000000000000        399.154622296836     
  0.115000000000000        416.469017064014     
  0.120000000000000        433.202438396050     
  0.125000000000000        449.354854396126     
  0.130000000000000        464.929835603363     
  0.135000000000000        479.933874047437     
  0.140000000000000        494.375809696201     
  0.145000000000000        508.266348049254     
  0.150000000000000        521.617654984491     
  0.155000000000000        534.443017024372     
  0.160000000000000        546.756556969939     
  0.165000000000000        558.572996378826     
  0.170000000000000        569.907457667268     
  0.175000000000000        580.775299724023     
  0.180000000000000        591.191981863201     
  0.185000000000000        601.172951737512     
  0.190000000000000        610.733553505024     
  0.195000000000000        619.888953109940     
  0.200000000000000        628.654078017165     
  0.205000000000000        637.043569145459     
  0.210000000000000        645.071743086262     
  0.215000000000000        652.752562984883     
  0.220000000000000        660.099616705770     
  0.225000000000000        667.126101111223     
  0.230000000000000        673.844811458938     
  0.235000000000000        680.268135073062     
  0.240000000000000        686.408048570358     
  0.245000000000000        692.276118030842     
  0.250000000000000        697.883501593990     
  0.255000000000000        703.240954039695     
  0.260000000000000        708.358832979670     
  0.265000000000000        713.247106341705     
  0.270000000000000        717.915360877556     
  0.275000000000000        722.372811466522     
  0.280000000000000        726.628311022017     
  0.285000000000000        730.690360838521     
  0.290000000000000        734.567121242043     
  0.295000000000000        738.266422429157     
  0.300000000000000        741.795775398450     
  0.305000000000000        745.162382894293     
  0.310000000000000        748.373150296455     
  0.315000000000000        751.434696400878     
  0.320000000000000        754.353364046810     
  0.325000000000000        757.135230554097     
  0.330000000000000        759.786117941594     
  0.335000000000000        762.311602903916     
  0.340000000000000        764.717026528945     
  0.345000000000000        767.007503742980     
  0.350000000000000        769.187932474201     
  0.355000000000000        771.263002528298     
  0.360000000000000        773.237204172815     
  0.365000000000000        775.114836428999     
  0.370000000000000        776.900015071869     
  0.375000000000000        778.596680340742     
  0.380000000000000        780.208604363791     
  0.385000000000000        781.739398301258     
  0.390000000000000        783.192519212793     
  0.395000000000000        784.571276655117     
  0.400000000000000        785.878839016693     
  0.405000000000000        787.118239596552     
  0.410000000000000        788.292382434704     
  0.415000000000000        789.404047901775     
  0.420000000000000        790.455898055641     
  0.425000000000000        791.450481772922     
  0.430000000000000        792.390239663166     
  0.435000000000000        793.277508773563     
  0.440000000000000        794.114527091914     
  0.445000000000000        794.903437855493     
  0.450000000000000        795.646293673293     
  0.455000000000000        796.345060469000     
  0.460000000000000        797.001621251855     
  0.465000000000000        797.617779722378     
  0.470000000000000        798.195263719751     
  0.475000000000000        798.735728517415     
  0.480000000000000        799.240759973270     
  0.485000000000000        799.711877540631     
  0.490000000000000        800.150537145889     
  0.495000000000000        800.558133938622     
  0.500000000000000        800.936004919680     
  0.505000000000000        801.285431452581     
  0.510000000000000        801.607641663330     
  0.515000000000000        801.903812733592     
  0.520000000000000        802.175073091947     
  0.525000000000000        802.422504507771     
  0.530000000000000        802.647144092093     
  0.535000000000000        802.849986209594     
  0.540000000000000        803.031984305763     
  0.545000000000000        803.194052653011     
  0.550000000000000        803.337068019430     
  0.555000000000000        803.461871263661     
  0.560000000000000        803.569268859239     
  0.565000000000000        803.660034351598     
  0.570000000000000        803.734909750768     
  0.575000000000000        803.794606862688     
  0.580000000000000        803.839808561882     
  0.585000000000000        803.871170008168     
  0.590000000000000        803.889319809886     
  0.595000000000000        803.894861136067     
  0.600000000000000        803.888372779830     
  0.605000000000000        803.870410175179     
  0.610000000000000        803.841506369289     
  0.615000000000000        803.802172952282     
  0.620000000000000        803.752900946364     
  0.625000000000000        803.694161656170     
  0.630000000000000        803.626407482018     
  0.635000000000000        803.550072697771     
  0.640000000000000        803.465574194855     
  0.645000000000000        803.373312193984     
  0.650000000000000        803.273670926039     
  0.655000000000000        803.167019283484     
  0.660000000000000        803.053711443685     
  0.665000000000000        802.934087465374     
  0.670000000000000        802.808473859514     
  0.675000000000000        802.677184135718     
  0.680000000000000        802.540519325345     
  0.685000000000000        802.398768482342     
  0.690000000000000        802.252209162854     
  0.695000000000000        802.101107884555     
  0.700000000000000        801.945720566647     
  0.705000000000000        801.786292951379     
  0.710000000000000        801.623061007933     
  0.715000000000000        801.456251319457     
  0.720000000000000        801.286081453989     
  0.725000000000000        801.112760319990     
  0.730000000000000        800.936488507143     
  0.735000000000000        800.757458613056     
  0.740000000000000        800.575855556469     
  0.745000000000000        800.391856877544     
  0.750000000000000        800.205633025762     
  0.755000000000000        800.017347635961     
  0.760000000000000        799.827157793005     
  0.765000000000000        799.635214285545     
  0.770000000000000        799.441661849342     
  0.775000000000000        799.246639400579     
  0.780000000000000        799.050280259585     
  0.785000000000000        798.852712365378     
  0.790000000000000        798.654058481417     
  0.795000000000000        798.454436392959     
  0.800000000000000        798.253959096370     
  0.805000000000000        798.052734980751     
  0.810000000000000        797.850868002244     
  0.815000000000000        797.648457851315     
  0.820000000000000        797.445600113374     
  0.825000000000000        797.242386422993     
  0.830000000000000        797.038904612061     
  0.835000000000000        796.835238852112     
  0.840000000000000        796.631469791120     
  0.845000000000000        796.427674684991     
  0.850000000000000        796.223927523989     
  0.855000000000000        796.020299154323     
  0.860000000000000        795.816857395087     
  0.865000000000000        795.613667150744     
  0.870000000000000        795.410790519348     
  0.875000000000000        795.208286896633     
  0.880000000000000        795.006213076177     
  0.885000000000000        794.804623345720     
  0.890000000000000        794.603569579833     
  0.895000000000000        794.403101329028     
  0.900000000000000        794.203265905448     
  0.905000000000000        794.004108465264     
  0.910000000000000        793.805672087874     
  0.915000000000000        793.607997852047     
  0.920000000000000        793.411124909114     
  0.925000000000000        793.215090553305     
  0.930000000000000        793.019930289377     
  0.935000000000000        792.825677897624     
  0.940000000000000        792.632365496384     
  0.945000000000000        792.440023602166     
  0.950000000000000        792.248681187496     
  0.955000000000000        792.058365736601     
  0.960000000000000        791.869103299031     
  0.965000000000000        791.680918541312     
  0.970000000000000        791.493834796754     
  0.975000000000000        791.307874113473     
  0.980000000000000        791.123057300735     
  0.985000000000000        790.939403973689     
  0.990000000000000        790.756932596571     
  0.995000000000000        790.575660524428     
   1.00000000000000        790.395604043430     
   1.00500000000000        790.216778409823     
   1.01000000000000        790.039197887554     
   1.01500000000000        789.862875784619     
   1.02000000000000        789.687824488156     
   1.02500000000000        789.514055498324     
   1.03000000000000        789.341579460992     
   1.03500000000000        789.170406199256     
   1.04000000000000        789.000544743815     
   1.04500000000000        788.832003362242     
   1.05000000000000        788.664789587155     
   1.05500000000000        788.498910243336     
   1.06000000000000        788.334371473825     
   1.06500000000000        788.171178765021     
   1.07000000000000        788.009336970825     
   1.07500000000000        787.848850335879     
   1.08000000000000        787.689722517930     
   1.08500000000000        787.531956609368     
   1.09000000000000        787.375555157986     
   1.09500000000000        787.220520187015     
   1.10000000000000        787.066853214457     
   1.10500000000000        786.914555271788     
   1.11000000000000        786.763626922052     
   1.11500000000000        786.614068277398     
   1.12000000000000        786.465879016077     
   1.12500000000000        786.319058398951     
   1.13000000000000        786.173605285517     
   1.13500000000000        786.029518149479     
   1.14000000000000        785.886795093878     
   1.14500000000000        785.745433865793     
   1.15000000000000        785.605431870607     
   1.15500000000000        785.466786185860     
   1.16000000000000        785.329493574667     
   1.16500000000000        785.193550498715     
   1.17000000000000        785.058953130826     
   1.17500000000000        784.925697367089     
   1.18000000000000        784.793778838548     
   1.18500000000000        784.663192922463     
   1.19000000000000        784.533934753129     
   1.19500000000000        784.405999232275     
   1.20000000000000        784.279381039031     
   1.20500000000000        784.154074639498     
   1.21000000000000        784.030074295927     
   1.21500000000000        783.907374075523     
   1.22000000000000        783.785967858905     
   1.22500000000000        783.665849348244     
   1.23000000000000        783.547012075100     
   1.23500000000000        783.429449407999     
   1.24000000000000        783.313154559758     
   1.24500000000000        783.198120594606     
   1.25000000000000        783.084340435100     
   1.25500000000000        782.971806868880     
   1.26000000000000        782.860512555264     
   1.26500000000000        782.750450031705     
   1.27000000000000        782.641611720120     
   1.27500000000000        782.533989933087     
   1.28000000000000        782.427576879916     
   1.28500000000000        782.322364672602     
   1.29000000000000        782.218345331632     
   1.29500000000000        782.115510791649     
   1.30000000000000        782.013852906970     
   1.30500000000000        781.913363456926     
   1.31000000000000        781.814034151026     
   1.31500000000000        781.715856633934     
   1.32000000000000        781.618822490244     
   1.32500000000000        781.522923249040     
   1.33000000000000        781.428150388254     
   1.33500000000000        781.334495338807     
   1.34000000000000        781.241949488540     
   1.34500000000000        781.150504185939     
   1.35000000000000        781.060150743675     
   1.35500000000000        780.970880441956     
   1.36000000000000        780.882684531726     
   1.36500000000000        780.795554237710     
   1.37000000000000        780.709480761348     
   1.37500000000000        780.624455283613     
   1.38000000000000        780.540468967760     
   1.38500000000000        780.457512961997     
   1.39000000000000        780.375578402124     
   1.39500000000000        780.294656414129     
   1.40000000000000        780.214738116768     
   1.40500000000000        780.135814624130     
   1.41000000000000        780.057877048188     
   1.41500000000000        779.980916501343     
   1.42000000000000        779.904924098952     
   1.42500000000000        779.829890961823     
   1.43000000000000        779.755808218693     
   1.43500000000000        779.682667008639     
   1.44000000000000        779.610458483442     
   1.44500000000000        779.539173809867     
   1.45000000000000        779.468804171855     
   1.45500000000000        779.399340772611     
   1.46000000000000        779.330774836575     
   1.46500000000000        779.263097611273     
   1.47000000000000        779.196300369030     
   1.47500000000000        779.130374408563     
   1.48000000000000        779.065311056437     
   1.48500000000000        779.001101668396     
   1.49000000000000        778.937737630590     
   1.49500000000000        778.875210360679     
   1.50000000000000        778.813511308869     
   1.50500000000000        778.752631958867     
   1.51000000000000        778.692563828777     
   1.51500000000000        778.633298471969     
   1.52000000000000        778.574827477927     
   1.52500000000000        778.517142473083     
   1.53000000000000        778.460235121679     
   1.53500000000000        778.404097126635     
   1.54000000000000        778.348720230453     
   1.54500000000000        778.294096216152     
   1.55000000000000        778.240216908237     
   1.55500000000000        778.187074173697     
   1.56000000000000        778.134659923026     
   1.56500000000000        778.082966111256     
   1.57000000000000        778.031984738993     
   1.57500000000000        777.981707853435     
   1.58000000000000        777.932127549369     
   1.58500000000000        777.883235970115     
   1.59000000000000        777.835025308422     
   1.59500000000000        777.787487807283     
   1.60000000000000        777.740615760672     
   1.60500000000000        777.694401514192     
   1.61000000000000        777.648837465629     
   1.61500000000000        777.603916065399     
   1.62000000000000        777.559629816915     
   1.62500000000000        777.515971276853     
   1.63000000000000        777.472933055346     
   1.63500000000000        777.430507816101     
   1.64000000000000        777.388688276475     
   1.64500000000000        777.347467207497     
   1.65000000000000        777.306837433881     
   1.65500000000000        777.266791834023     
   1.66000000000000        777.227323340007     
   1.66500000000000        777.188424937650     
   1.67000000000000        777.150089666556     
   1.67500000000000        777.112310620235     
   1.68000000000000        777.075080946261     
   1.68500000000000        777.038393846476     
   1.69000000000000        777.002242577259     
   1.69500000000000        776.966620449820     
   1.70000000000000        776.931520830546     
   1.70500000000000        776.896937141358     
   1.71000000000000        776.862862860090     
   1.71500000000000        776.829291520864     
   1.72000000000000        776.796216714442     
   1.72500000000000        776.763632088550     
   1.73000000000000        776.731531348158     
   1.73500000000000        776.699908255696     
   1.74000000000000        776.668756631205     
   1.74500000000000        776.638070352411     
   1.75000000000000        776.607843354724     
   1.75500000000000        776.578069631150     
   1.76000000000000        776.548743232132     
   1.76500000000000        776.519858265318     
   1.77000000000000        776.491408895270     
   1.77500000000000        776.463389343122     
   1.78000000000000        776.435793886198     
   1.78500000000000        776.408616857626     
   1.79000000000000        776.381852645919     
   1.79500000000000        776.355495694600     
   1.80000000000000        776.329540501814     
   1.80500000000000        776.303981620011     
   1.81000000000000        776.278813655650     
   1.81500000000000        776.254031268967     
   1.82000000000000        776.229629173799     
   1.82500000000000        776.205602137464     
   1.83000000000000        776.181944980693     
   1.83500000000000        776.158652577613     
   1.84000000000000        776.135719855767     
   1.84500000000000        776.113141796163     
   1.85000000000000        776.090913433339     
   1.85500000000000        776.069029855416     
   1.86000000000000        776.047486204159     
   1.86500000000000        776.026277674983     
   1.87000000000000        776.005399516940     
   1.87500000000000        775.984847032636     
   1.88000000000000        775.964615578100     
   1.88500000000000        775.944700562573     
   1.89000000000000        775.925097448237     
   1.89500000000000        775.905801749875     
   1.90000000000000        775.886809034452     
   1.90500000000000        775.868114920655     
   1.91000000000000        775.849715078376     
   1.91500000000000        775.831605228159     
   1.92000000000000        775.813781140622     
   1.92500000000000        775.796238635876     
   1.93000000000000        775.778973582948     
   1.93500000000000        775.761981899218     
   1.94000000000000        775.745259549901     
   1.94500000000000        775.728802547559     
   1.95000000000000        775.712606951678     
   1.95500000000000        775.696668868294     
   1.96000000000000        775.680984449681     
   1.96500000000000        775.665549894097     
   1.97000000000000        775.650361445593     
   1.97500000000000        775.635415393853     
   1.98000000000000        775.620708074088     
   1.98500000000000        775.606235866951     
   1.99000000000000        775.591995198460     
   1.99500000000000        775.577982539926     
   2.00000000000000        775.564194407866     
   2.00500000000000        775.550627363885     
   2.01000000000000        775.537278014517     
   2.01500000000000        775.524143011022     
   2.02000000000000        775.511219049121     
   2.02500000000000        775.498502868668     
   2.03000000000000        775.485991253262     
   2.03500000000000        775.473681029800     
   2.04000000000000        775.461569067961     
   2.04500000000000        775.449652279660     
   2.05000000000000        775.437927618447     
   2.05500000000000        775.426392078885     
   2.06000000000000        775.415042695921     
   2.06500000000000        775.403876544245     
   2.07000000000000        775.392890737677     
   2.07500000000000        775.382082428566     
   2.08000000000000        775.371448807245     
   2.08500000000000        775.360987101525     
   2.09000000000000        775.350694576242     
   2.09500000000000        775.340568532868     
   2.10000000000000        775.330606309187     
   2.10500000000000        775.320805279018     
   2.11000000000000        775.311162852000     
   2.11500000000000        775.301676473424     
   2.12000000000000        775.292343624089     
   2.12500000000000        775.283161820193     
   2.13000000000000        775.274128613229     
   2.13500000000000        775.265241589882     
   2.14000000000000        775.256498371901     
   2.14500000000000        775.247896615952     
   2.15000000000000        775.239434013426     
   2.15500000000000        775.231108290198     
   2.16000000000000        775.222917206338     
   2.16500000000000        775.214858555754     
   2.17000000000000        775.206930165788     
   2.17500000000000        775.199129896750     
   2.18000000000000        775.191455641403     
   2.18500000000000        775.183905324409     
   2.19000000000000        775.176476901747     
   2.19500000000000        775.169168360103     
   2.20000000000000        775.161977716267     
   2.20500000000000        775.154903016524     
   2.21000000000000        775.147942336079     
   2.21500000000000        775.141093778506     
   2.22000000000000        775.134355475242     
   2.22500000000000        775.127725585135     
   2.23000000000000        775.121202294046     
   2.23500000000000        775.114783814512     
   2.24000000000000        775.108468385465     
   2.24500000000000        775.102254272018     
   2.25000000000000        775.096139765281     
   2.25500000000000        775.090123182248     
   2.26000000000000        775.084202865682     
   2.26500000000000        775.078377184045     
   2.27000000000000        775.072644531426     
   2.27500000000000        775.067003327461     
   2.28000000000000        775.061452017231     
   2.28500000000000        775.055989071143     
   2.29000000000000        775.050612984757     
   2.29500000000000        775.045322278568     
   2.30000000000000        775.040115497746     
   2.30500000000000        775.034991211808     
   2.31000000000000        775.029948014246     
   2.31500000000000        775.024984522099     
   2.32000000000000        775.020099375488     
   2.32500000000000        775.015291237108     
   2.33000000000000        775.010558791706     
   2.33500000000000        775.005900745533     
   2.34000000000000        775.001315825814     
   2.34500000000000        774.996802780215     
   2.35000000000000        774.992360376345     
   2.35500000000000        774.987987401297     
   2.36000000000000        774.983682661215     
   2.36500000000000        774.979444980942     
   2.37000000000000        774.975273203703     
   2.37500000000000        774.971166190855     
   2.38000000000000        774.967122821690     
   2.38500000000000        774.963141993297     
   2.39000000000000        774.959222620463     
   2.39500000000000        774.955363635615     
   2.40000000000000        774.951563988787     
   2.40500000000000        774.947822647606     
   2.41000000000000        774.944138597269     
   2.41500000000000        774.940510840528     
   2.42000000000000        774.936938397629     
   2.42500000000000        774.933420306246     
   2.43000000000000        774.929955621351     
   2.43500000000000        774.926543415048     
   2.44000000000000        774.923182776359     
   2.44500000000000        774.919872810946     
   2.45000000000000        774.916612640794     
   2.45500000000000        774.913401403847     
   2.46000000000000        774.910238253604     
   2.46500000000000        774.907122358678     
   2.47000000000000        774.904052902352     
   2.47500000000000        774.901029082115     
   2.48000000000000        774.898050109209     
   2.48500000000000        774.895115208193     
   2.49000000000000        774.892223616534     
   2.49500000000000        774.889374584240     
   2.50000000000000        774.886567373531     
   2.52500000000000        774.873312421996     
   2.55000000000000        774.860969373993     
   2.57500000000000        774.849463065261     
   2.60000000000000        774.838724906005     
   2.62500000000000        774.828692332270     
   2.65000000000000        774.819308176005     
   2.67500000000000        774.810520119997     
   2.70000000000000        774.802280307514     
   2.72500000000000        774.794545051810     
   2.75000000000000        774.787274550357     
   2.77500000000000        774.780432556788     
   2.80000000000000        774.773986032499     
   2.82500000000000        774.767904827970     
   2.85000000000000        774.762161422203     
   2.87500000000000        774.756730710435     
   2.90000000000000        774.751589811190     
   2.92500000000000        774.746717872683     
   2.95000000000000        774.742095879403     
   2.97500000000000        774.737706472078     
   3.00000000000000        774.733533791229     
   3.02500000000000        774.729563343505     
   3.05000000000000        774.725781882419     
   3.07500000000000        774.722177295786     
   3.10000000000000        774.718738498042     
   3.12500000000000        774.715455330272     
   3.15000000000000        774.712318471103     
   3.17500000000000        774.709319358662     
   3.20000000000000        774.706450121151     
   3.22500000000000        774.703703513209     
   3.25000000000000        774.701072856689     
   3.27500000000000        774.698551986175     
   3.30000000000000        774.696135199965     
   3.32500000000000        774.693817216617     
   3.35000000000000        774.691593136258     
   3.37500000000000        774.689458405619     
   3.40000000000000        774.687408786045     
   3.42500000000000        774.685440324333     
   3.45000000000000        774.683549326439     
   3.47500000000000        774.681732334046     
   3.50000000000000        774.679986103654     
   3.52500000000000        774.678307587818     
   3.55000000000000        774.676693918147     
   3.57500000000000        774.675142389910     
   3.60000000000000        774.673650448164     
   3.62500000000000        774.672215675343     
   3.65000000000000        774.670835780166     
   3.67500000000000        774.669508587693     
   3.70000000000000        774.668232030362     
   3.72500000000000        774.667004139883     
   3.75000000000000        774.665823039939     
   3.77500000000000        774.664686939619     
   3.80000000000000        774.663594127530     
   3.82500000000000        774.662542966499     
   3.85000000000000        774.661531888779     
   3.87500000000000        774.660559391717     
   3.90000000000000        774.659624033820     
   3.92500000000000        774.658724431197     
   3.95000000000000        774.657859254331     
   3.97500000000000        774.657027225151     
   4.00000000000000        774.656227114356     
   4.02500000000000        774.655457738978     
   4.05000000000000        774.654717960134     
   4.07500000000000        774.654006680974     
   4.10000000000000        774.653322844781     
   4.12500000000000        774.652665433224     
   4.15000000000000        774.652033464745     
   4.17500000000000        774.651425993045     
   4.20000000000000        774.650842105685     
   4.22500000000000        774.650280922766     
   4.25000000000000        774.649741595701     
   4.27500000000000        774.649223306052     
   4.30000000000000        774.648725264439     
   4.32500000000000        774.648246709500     
   4.35000000000000        774.647786906906     
   4.37500000000000        774.647345148431     
   4.40000000000000        774.646920751046     
   4.42500000000000        774.646513056074     
   4.45000000000000        774.646121428368     
   4.47500000000000        774.645745255520     
   4.50000000000000        774.645383947109     
   4.52500000000000        774.645036933966     
   4.55000000000000        774.644703667476     
   4.57500000000000        774.644383618895     
   4.60000000000000        774.644076278691     
   4.62500000000000        774.643781155911     
   4.65000000000000        774.643497777561     
   4.67500000000000        774.643225688013     
   4.70000000000000        774.642964448419     
   4.72500000000000        774.642713636158     
   4.75000000000000        774.642472844281     
   4.77500000000000        774.642241680988     
   4.80000000000000        774.642019769111     
   4.82500000000000        774.641806745615     
   4.85000000000000        774.641602261117     
   4.87500000000000        774.641405979410     
   4.90000000000000        774.641217577011     
   4.92500000000000        774.641036742716     
   4.95000000000000        774.640863177170     
   4.97500000000000        774.640696592448     
   5.00000000000000        774.640536711657     
   5.02500000000000        774.640383268532     
   5.05000000000000        774.640236007069     
   5.07500000000000        774.640094681142     
   5.10000000000000        774.639959054157     
   5.12500000000000        774.639828898701     
   5.15000000000000        774.639703996205     
   5.17500000000000        774.639584136625     
   5.20000000000000        774.639469118121     
   5.22500000000000        774.639358746756     
   5.25000000000000        774.639252836206     
   5.27500000000000        774.639151207467     
   5.30000000000000        774.639053688589     
   5.32500000000000        774.638960114404     
   5.35000000000000        774.638870326274     
   5.37500000000000        774.638784171841     
   5.40000000000000        774.638701504785     
   5.42500000000000        774.638622184599     
   5.45000000000000        774.638546076365     
   5.47500000000000        774.638473050532     
   5.50000000000000        774.638402982720     
   5.52500000000000        774.638335753509     
   5.55000000000000        774.638271248255     
   5.57500000000000        774.638209356897     
   5.60000000000000        774.638149973787     
   5.62500000000000        774.638092997509     
   5.65000000000000        774.638038330714     
   5.67500000000000        774.637985879968     
   5.70000000000000        774.637935555589     
   5.72500000000000        774.637887271503     
   5.75000000000000        774.637840945100     
   5.77500000000000        774.637796497098     
   5.80000000000000        774.637753851413     
   5.82500000000000        774.637712935025     
   5.85000000000000        774.637673677864     
   5.87500000000000        774.637636012687     
   5.90000000000000        774.637599874970     
   5.92500000000000        774.637565202793     
   5.95000000000000        774.637531936742     
   5.97500000000000        774.637500019803     
   6.00000000000000        774.637469397274     
   6.02500000000000        774.637440016661     
   6.05000000000000        774.637411827597     
   6.07500000000000        774.637384781759     
   6.10000000000000        774.637358832775     
   6.12500000000000        774.637333936154     
   6.15000000000000        774.637310049212     
   6.17500000000000        774.637287130990     
   6.20000000000000        774.637265142191     
   6.22500000000000        774.637244045112     
   6.25000000000000        774.637223803580     
