  5.000000000000000E-003   12.9711995378366     
  1.000000000000000E-002   17.6561014128304     
  1.500000000000000E-002   23.3901217989336     
  2.000000000000000E-002   30.0346657572433     
  2.500000000000000E-002   37.2448001464254     
  3.000000000000000E-002   46.2185635960999     
  3.500000000000000E-002   56.6715263140602     
  4.000000000000000E-002   67.9051917746544     
  4.500000000000000E-002   81.9656025658070     
  5.000000000000000E-002   96.4146007588576     
  5.500000000000000E-002   115.279532729291     
  6.000000000000000E-002   135.118232100596     
  6.500000000000000E-002   156.347904264024     
  7.000000000000001E-002   181.354932852738     
  7.500000000000000E-002   206.431734590337     
  8.000000000000000E-002   233.978249993836     
  8.500000000000001E-002   260.551782395803     
  9.000000000000000E-002   289.022126707450     
  9.500000000000000E-002   316.897877074429     
  0.100000000000000        343.655150432285     
  0.105000000000000        373.470553401365     
  0.110000000000000        399.320474300339     
  0.115000000000000        426.994400812322     
  0.120000000000000        455.516095429277     
  0.125000000000000        482.048180170727     
  0.130000000000000        510.130072267999     
  0.135000000000000        537.630725358405     
  0.140000000000000        564.917906466040     
  0.145000000000000        593.106819705430     
  0.150000000000000        619.604885434228     
  0.155000000000000        648.968779523137     
  0.160000000000000        675.797599632858     
  0.165000000000000        703.663463694890     
  0.170000000000000        731.983984558629     
  0.175000000000000        760.662727204657     
  0.180000000000000        789.480924380761     
  0.185000000000000        817.305004227703     
  0.190000000000000        845.520174327221     
  0.195000000000000        874.558236236033     
  0.200000000000000        903.466006014056     
  0.205000000000000        932.496063838141     
  0.210000000000000        961.087721695996     
  0.215000000000000        990.593097971491     
  0.220000000000000        1019.24882585263     
  0.225000000000000        1048.44288802384     
  0.230000000000000        1077.88788302588     
  0.235000000000000        1107.42800512946     
  0.240000000000000        1135.05086403743     
  0.245000000000000        1164.18253357390     
  0.250000000000000        1193.52157223975     
  0.255000000000000        1220.66178500750     
  0.260000000000000        1247.85658782993     
  0.265000000000000        1276.99957974950     
  0.270000000000000        1305.44859093272     
  0.275000000000000        1331.90117304419     
  0.280000000000000        1357.94237543615     
  0.285000000000000        1385.42177191427     
  0.290000000000000        1412.83858774487     
  0.295000000000000        1438.91539700150     
  0.300000000000000        1463.67677135607     
  0.305000000000000        1490.31004245635     
  0.310000000000000        1514.40397946311     
  0.315000000000000        1539.63471189290     
  0.320000000000000        1563.98190745599     
  0.325000000000000        1584.96909323584     
  0.330000000000000        1608.95442430938     
  0.335000000000000        1632.31299697511     
  0.340000000000000        1653.41964928078     
  0.345000000000000        1672.99514484391     
  0.350000000000000        1693.47053473955     
  0.355000000000000        1710.78546852490     
  0.360000000000000        1728.79232409947     
  0.365000000000000        1747.26633140227     
  0.370000000000000        1766.33665622094     
  0.375000000000000        1784.23669015647     
  0.380000000000000        1802.64596988639     
  0.385000000000000        1818.54599603930     
  0.390000000000000        1834.05315755617     
  0.395000000000000        1847.81951546248     
  0.400000000000000        1863.86741029679     
  0.405000000000000        1877.57198964430     
  0.410000000000000        1891.42414616107     
  0.415000000000000        1904.72746978830     
  0.420000000000000        1916.71895824008     
  0.425000000000000        1927.70358496872     
  0.430000000000000        1939.45124012065     
  0.435000000000000        1950.57384076356     
  0.440000000000000        1963.57626226716     
  0.445000000000000        1973.19137417857     
  0.450000000000000        1984.54525605235     
  0.455000000000000        1992.58477843435     
  0.460000000000000        2002.61436948762     
  0.465000000000000        2009.95842608949     
  0.470000000000000        2020.73226551704     
  0.475000000000000        2030.72783730512     
  0.480000000000000        2039.02769805340     
  0.485000000000000        2044.91700090676     
  0.490000000000000        2052.79339974705     
  0.495000000000000        2059.47579471636     
  0.500000000000000        2067.66246741644     
  0.505000000000000        2073.51368974580     
  0.510000000000000        2079.14226647978     
  0.515000000000000        2081.82225949282     
  0.520000000000000        2088.53583303910     
  0.525000000000000        2091.78012282456     
  0.530000000000000        2095.27235085551     
  0.535000000000000        2098.42737584536     
  0.540000000000000        2104.29667348113     
  0.545000000000000        2109.86562730903     
  0.550000000000000        2113.13038638124     
  0.555000000000000        2114.96697441623     
  0.560000000000000        2117.57762006941     
  0.565000000000000        2120.41950331227     
  0.570000000000000        2123.50198508047     
  0.575000000000000        2125.66421856731     
  0.580000000000000        2129.03834265487     
  0.585000000000000        2131.65735422487     
  0.590000000000000        2134.96287383657     
  0.595000000000000        2138.00843143696     
  0.600000000000000        2136.94425427987     
  0.605000000000000        2138.69439644511     
  0.610000000000000        2140.94037429959     
  0.615000000000000        2141.95093505817     
  0.620000000000000        2144.19568169695     
  0.625000000000000        2145.90704064413     
  0.630000000000000        2146.04973598220     
  0.635000000000000        2148.36553710669     
  0.640000000000000        2150.24427692565     
  0.645000000000000        2150.95153146578     
  0.650000000000000        2147.91001513643     
  0.655000000000000        2149.03541594720     
  0.660000000000000        2149.54757477466     
  0.665000000000000        2149.26090635535     
  0.670000000000000        2148.74132242691     
  0.675000000000000        2148.94278123214     
  0.680000000000000        2149.00527895966     
  0.685000000000000        2149.52121227238     
  0.690000000000000        2149.30924229079     
  0.695000000000000        2149.16661341878     
  0.700000000000000        2148.59531450126     
  0.705000000000000        2148.80907385648     
  0.710000000000000        2148.54681942994     
  0.715000000000000        2148.68603108928     
  0.720000000000000        2147.21454082319     
  0.725000000000000        2146.44156530028     
  0.730000000000000        2146.24057082080     
  0.735000000000000        2144.94874315651     
  0.740000000000000        2144.45437175438     
  0.745000000000000        2144.36582946107     
  0.750000000000000        2144.23515655465     
  0.755000000000000        2143.95157226459     
  0.760000000000000        2143.73000990611     
  0.765000000000000        2143.63132111584     
  0.770000000000000        2143.25947518166     
  0.775000000000000        2142.70633742955     
  0.780000000000000        2142.51063233380     
  0.785000000000000        2141.81078574931     
  0.790000000000000        2140.97551908586     
  0.795000000000000        2139.38323447713     
  0.800000000000000        2138.73517172296     
  0.805000000000000        2137.96590467957     
  0.810000000000000        2137.31574747314     
  0.815000000000000        2136.58798030449     
  0.820000000000000        2135.86006404869     
  0.825000000000000        2134.72412511929     
  0.830000000000000        2133.96938233212     
  0.835000000000000        2132.96311542700     
  0.840000000000000        2131.99434357171     
  0.845000000000000        2131.08081682041     
  0.850000000000000        2130.25378107594     
  0.855000000000000        2129.27114697019     
  0.860000000000000        2128.34930742839     
  0.865000000000000        2127.51271720352     
  0.870000000000000        2125.32980832867     
  0.875000000000000        2123.68778706719     
  0.880000000000000        2122.38635124233     
  0.885000000000000        2121.61662572372     
  0.890000000000000        2120.66216678638     
  0.895000000000000        2119.55345449569     
  0.900000000000000        2118.07628947709     
  0.905000000000000        2116.56164072325     
  0.910000000000000        2115.53868171304     
  0.915000000000000        2114.43353438463     
  0.920000000000000        2113.52261802166     
  0.925000000000000        2112.30304960213     
  0.930000000000000        2110.76909692394     
  0.935000000000000        2109.93429526159     
  0.940000000000000        2108.98294157981     
  0.945000000000000        2108.02867212486     
  0.950000000000000        2107.12632335410     
  0.955000000000000        2106.01632734316     
  0.960000000000000        2105.02231080019     
  0.965000000000000        2103.90004794653     
  0.970000000000000        2102.05345412483     
  0.975000000000000        2101.03816342470     
  0.980000000000000        2099.93146787742     
  0.985000000000000        2098.78847036782     
  0.990000000000000        2097.74688244746     
  0.995000000000000        2096.69130615575     
   1.00000000000000        2095.54559180680     
   1.00500000000000        2094.50397889618     
   1.01000000000000        2092.34079755030     
   1.01500000000000        2091.26800328167     
   1.02000000000000        2090.22744758393     
   1.02500000000000        2088.87666596355     
   1.03000000000000        2087.85611620561     
   1.03500000000000        2086.83539792908     
   1.04000000000000        2085.77694343849     
   1.04500000000000        2084.71360302567     
   1.05000000000000        2083.71925417230     
   1.05500000000000        2082.70738143836     
   1.06000000000000        2081.60489144350     
   1.06500000000000        2080.48738066066     
   1.07000000000000        2079.48032922743     
   1.07500000000000        2078.39285485493     
   1.08000000000000        2077.31065833471     
   1.08500000000000        2076.25817421326     
   1.09000000000000        2075.18701375485     
   1.09500000000000        2074.12153491329     
   1.10000000000000        2073.08343377122     
   1.10500000000000        2072.00085802731     
   1.11000000000000        2070.95326952710     
   1.11500000000000        2069.93084497173     
   1.12000000000000        2068.89565948635     
   1.12500000000000        2067.99880261034     
   1.13000000000000        2067.07524996618     
   1.13500000000000        2066.07368576839     
   1.14000000000000        2065.08137850286     
   1.14500000000000        2064.09097938870     
   1.15000000000000        2063.10540067112     
   1.15500000000000        2062.11617203278     
   1.16000000000000        2061.14960985829     
   1.16500000000000        2060.18426669952     
   1.17000000000000        2059.32009454708     
   1.17500000000000        2059.61260585921     
   1.18000000000000        2058.65652375777     
   1.18500000000000        2057.75582058845     
   1.19000000000000        2056.05568670262     
   1.19500000000000        2055.12155891555     
   1.20000000000000        2054.19461617656     
   1.20500000000000        2053.27488685453     
   1.21000000000000        2052.36239638402     
   1.21500000000000        2051.45716736845     
   1.22000000000000        2050.55921967979     
   1.22500000000000        2049.66857055372     
   1.23000000000000        2048.78523468031     
   1.23500000000000        2047.95400802742     
   1.24000000000000        2047.08537791968     
   1.24500000000000        2046.22408957027     
   1.25000000000000        2045.37014837458     
   1.25500000000000        2044.37902580631     
   1.26000000000000        2043.81296747958     
   1.26500000000000        2042.98084500937     
   1.27000000000000        2042.22867200600     
   1.27500000000000        2041.50491544510     
   1.28000000000000        2040.69479519465     
   1.28500000000000        2039.94749894857     
   1.29000000000000        2039.19331375127     
   1.29500000000000        2038.49750860430     
   1.30000000000000        2037.89300031297     
   1.30500000000000        2037.17081364201     
   1.31000000000000        2036.51820144156     
   1.31500000000000        2035.75924786091     
   1.32000000000000        2036.10151823770     
   1.32500000000000        2035.46582033496     
   1.33000000000000        2034.72754182061     
   1.33500000000000        2034.03331503974     
   1.34000000000000        2033.30937945598     
   1.34500000000000        2032.62606418522     
   1.35000000000000        2031.98888334602     
   1.35500000000000        2031.35453723556     
   1.36000000000000        2030.68613898363     
   1.36500000000000        2029.99764899591     
   1.37000000000000        2029.34031172016     
   1.37500000000000        2028.76864728645     
   1.38000000000000        2028.11972712772     
   1.38500000000000        2027.47523492641     
   1.39000000000000        2026.92232288353     
   1.39500000000000        2026.30468999732     
   1.40000000000000        2025.67465105730     
   1.40500000000000        2025.04120931719     
   1.41000000000000        2024.41449018864     
   1.41500000000000        2023.79445783668     
   1.42000000000000        2023.18107582072     
   1.42500000000000        2022.57430711893     
   1.43000000000000        2021.97411415659     
   1.43500000000000        2021.41517865162     
   1.44000000000000        2020.82803461366     
   1.44500000000000        2020.24735002395     
   1.45000000000000        2019.67308533562     
   1.45500000000000        2019.18260425055     
   1.46000000000000        2019.53518809134     
   1.46500000000000        2018.97930228749     
   1.47000000000000        2018.42968146763     
   1.47500000000000        2017.88628403385     
   1.48000000000000        2017.43946667397     
   1.48500000000000        2016.90837142767     
   1.49000000000000        2016.38337257978     
   1.49500000000000        2015.86442729469     
   1.50000000000000        2015.35149246542     
   1.50500000000000        2014.84452473421     
   1.51000000000000        2014.34348050434     
   1.51500000000000        2013.84831596035     
   1.52000000000000        2013.35898708101     
   1.52500000000000        2012.87544965300     
   1.53000000000000        2012.39765928780     
   1.53500000000000        2011.92557143542     
   1.54000000000000        2011.45914139641     
   1.54500000000000        2011.01093040740     
   1.55000000000000        2010.61426305624     
   1.55500000000000        2010.16448600121     
   1.56000000000000        2009.72018703210     
   1.56500000000000        2009.30972843668     
   1.57000000000000        2008.87621371561     
   1.57500000000000        2008.52698943384     
   1.58000000000000        2008.16339870450     
   1.58500000000000        2007.74574199333     
   1.59000000000000        2007.33329137083     
   1.59500000000000        2006.92600133526     
   1.60000000000000        2006.52382637494     
   1.60500000000000        2006.18334330920     
   1.61000000000000        2005.79123315755     
   1.61500000000000        2005.40410181291     
   1.62000000000000        2005.02190382856     
   1.62500000000000        2004.64459379529     
   1.63000000000000        2004.27212635066     
   1.63500000000000        2003.90445618815     
   1.64000000000000        2003.54153806451     
   1.64500000000000        2003.18332680807     
   1.65000000000000        2002.82977732741     
   1.65500000000000        2002.48084461797     
   1.66000000000000        2002.13648377088     
   1.66500000000000        2001.79664997972     
   1.67000000000000        2001.46129854600     
   1.67500000000000        2001.85144536954     
   1.68000000000000        2001.52466053029     
   1.68500000000000        2001.20222769582     
   1.69000000000000        2000.88410265358     
   1.69500000000000        2000.62917293606     
   1.70000000000000        2000.31951085320     
   1.70500000000000        2000.01402497519     
   1.71000000000000        1999.71267169942     
   1.71500000000000        1999.41540759080     
   1.72000000000000        1999.15063666794     
   1.72500000000000        1998.86142026410     
   1.73000000000000        1998.57616369145     
   1.73500000000000        1998.29482423657     
   1.74000000000000        1998.01735938120     
   1.74500000000000        1997.74372680134     
   1.75000000000000        1997.47388437706     
   1.75500000000000        1997.20779019588     
   1.76000000000000        1996.94540255286     
   1.76500000000000        1996.68667996294     
   1.77000000000000        1996.43158115823     
   1.77500000000000        1996.18006509503     
   1.78000000000000        1995.93209095687     
   1.78500000000000        1995.68761815955     
   1.79000000000000        1995.44660635207     
   1.79500000000000        1995.20901542391     
   1.80000000000000        1994.97480550572     
   1.80500000000000        1994.74393697316     
   1.81000000000000        1994.51637045088     
   1.81500000000000        1994.29206681412     
   1.82000000000000        1994.07098719550     
   1.82500000000000        1993.85309298121     
   1.83000000000000        1993.63834581895     
   1.83500000000000        1993.42670761953     
   1.84000000000000        1993.21814055894     
   1.84500000000000        1993.03260915412     
   1.85000000000000        1992.83008108187     
   1.85500000000000        1992.63051211536     
   1.86000000000000        1992.43386551669     
   1.86500000000000        1992.24010482463     
   1.87000000000000        1992.04919385668     
   1.87500000000000        1991.86109670863     
   1.88000000000000        1991.67577775760     
   1.88500000000000        1991.49320166590     
   1.89000000000000        1991.31333337797     
   1.89500000000000        1991.13613812612     
   1.90000000000000        1990.96158142779     
   1.90500000000000        1990.78962909099     
   1.91000000000000        1990.62024721109     
   1.91500000000000        1990.45340217584     
   1.92000000000000        1990.28906066370     
   1.92500000000000        1990.12718964560     
   1.93000000000000        1989.96775638474     
   1.93500000000000        1989.81072843933     
   1.94000000000000        1989.65607366149     
   1.94500000000000        1989.50376019800     
   1.95000000000000        1989.35375649074     
   1.95500000000000        1989.20603127819     
   1.96000000000000        1989.06055359329     
   1.96500000000000        1988.91729276657     
   1.97000000000000        1988.77621842410     
   1.97500000000000        1988.63730048886     
   1.98000000000000        1988.50050917850     
   1.98500000000000        1988.33930047825     
   1.99000000000000        1988.20668636130     
   1.99500000000000        1988.07611113063     
   2.00000000000000        1987.94754618886     
   2.00500000000000        1987.82096323573     
   2.01000000000000        1987.69633426504     
   2.01500000000000        1987.57363156398     
   2.02000000000000        1987.45282771476     
   2.02500000000000        1987.33389559084     
   2.03000000000000        1987.21680835988     
   2.03500000000000        1987.10153947742     
   2.04000000000000        1986.98806269369     
   2.04500000000000        1986.87635204499     
   2.05000000000000        1986.76638185842     
   2.05500000000000        1986.65812674882     
   2.06000000000000        1986.55156161727     
   2.06500000000000        1986.44666165102     
   2.07000000000000        1986.34340231948     
   2.07500000000000        1986.24175937983     
   2.08000000000000        1986.14170886780     
   2.08500000000000        1986.04322710195     
   2.09000000000000        1985.94629067829     
   2.09500000000000        1985.85087647307     
   2.10000000000000        1985.75696163906     
   2.10500000000000        1985.66452360294     
   2.11000000000000        1985.57354006723     
   2.11500000000000        1985.48398900459     
   2.12000000000000        1985.39584866135     
   2.12500000000000        1985.30909754894     
   2.13000000000000        1985.22371445165     
   2.13500000000000        1985.13967841499     
   2.14000000000000        1985.05696875138     
   2.14500000000000        1984.97556503401     
   2.15000000000000        1984.89544709797     
   2.15500000000000        1984.81659503660     
   2.16000000000000        1984.73898920226     
   2.16500000000000        1984.66261019986     
   2.17000000000000        1984.58743888875     
   2.17500000000000        1984.51345638038     
   2.18000000000000        1984.44064403468     
   2.18500000000000        1984.36898346120     
   2.19000000000000        1984.29845651328     
   2.19500000000000        1984.22904528928     
   2.20000000000000        1984.16073212862     
   2.20500000000000        1984.09349961071     
   2.21000000000000        1984.02733055315     
   2.21500000000000        1983.96220800815     
   2.22000000000000        1983.89811526247     
   2.22500000000000        1983.83503583518     
   2.23000000000000        1983.77295347320     
   2.23500000000000        1983.71185215260     
   2.24000000000000        1983.65171607293     
   2.24500000000000        1983.59252965898     
   2.25000000000000        1983.53427755507     
   2.25500000000000        1983.47694462564     
   2.26000000000000        1983.42051595128     
   2.26500000000000        1983.36497682786     
   2.27000000000000        1983.31031276429     
   2.27500000000000        1983.25650947859     
   2.28000000000000        1983.20355289792     
   2.28500000000000        1983.15142915553     
   2.29000000000000        1983.10012458959     
   2.29500000000000        1983.04962573720     
   2.30000000000000        1982.99991933922     
   2.30500000000000        1982.95099233084     
   2.31000000000000        1982.90283184417     
   2.31500000000000        1982.85542520443     
   2.32000000000000        1982.80875992657     
   2.32500000000000        1982.76282371674     
   2.33000000000000        1982.71760446581     
   2.33500000000000        1982.67309025100     
   2.34000000000000        1982.62926933000     
   2.34500000000000        1982.58613014373     
   2.35000000000000        1982.54366130899     
   2.35500000000000        1982.50185161885     
   2.36000000000000        1982.46069004110     
   2.36500000000000        1982.42016571644     
   2.37000000000000        1982.38026795405     
   2.37500000000000        1982.34098623188     
   2.38000000000000        1982.30231019173     
   2.38500000000000        1982.26422964108     
   2.39000000000000        1982.22673454850     
   2.39500000000000        1982.18981504094     
   2.40000000000000        1982.15346140492     
   2.40500000000000        1982.11766408093     
   2.41000000000000        1982.08241366331     
   2.41500000000000        1982.04770089778     
   2.42000000000000        1982.01351668014     
   2.42500000000000        1981.97985205333     
   2.43000000000000        1981.94669820517     
   2.43500000000000        1981.91404646802     
   2.44000000000000        1981.88188831552     
   2.44500000000000        1981.85021536258     
   2.45000000000000        1981.81901935870     
   2.45500000000000        1981.78829219166     
   2.46000000000000        1981.75802588293     
   2.46500000000000        1981.72821258644     
   2.47000000000000        1981.69884458537     
   2.47500000000000        1981.66991429292     
   2.48000000000000        1981.64141424793     
   2.48500000000000        1981.61333711411     
   2.49000000000000        1981.58567567951     
   2.49500000000000        1981.55842285130     
   2.50000000000000        1981.53157165938     
   2.52500000000000        1981.40474617400     
   2.55000000000000        1981.28673496287     
   2.57500000000000        1982.07339392486     
   2.60000000000000        1981.97075009876     
   2.62500000000000        1981.87494010645     
   2.65000000000000        1981.78541219904     
   2.67500000000000        1981.70166195503     
   2.70000000000000        1981.62322827812     
   2.72500000000000        1981.54968978872     
   2.75000000000000        1981.62284408027     
   2.77500000000000        1981.55795855994     
   2.80000000000000        1981.49691118906     
   2.82500000000000        1981.43940865939     
   2.85000000000000        1981.38518315617     
   2.87500000000000        1981.33399014745     
   2.90000000000000        1981.28560634672     
   2.92500000000000        1981.23982784008     
   2.95000000000000        1981.19646837264     
   2.97500000000000        1981.15535776842     
   3.00000000000000        1981.11634048667     
   3.02500000000000        1981.07927430394     
   3.05000000000000        1981.04402910144     
   3.07500000000000        1981.01048576712     
   3.10000000000000        1980.97853518429     
   3.12500000000000        1980.94807731535     
   3.15000000000000        1980.91902036612     
   3.17500000000000        1980.89128002772     
   3.20000000000000        1980.86477878049     
   3.22500000000000        1980.83944527035     
   3.25000000000000        1980.81521373598     
   3.27500000000000        1980.79202349374     
   3.30000000000000        1980.76981846680     
   3.32500000000000        1980.74854676521     
   3.35000000000000        1980.72816029476     
   3.37500000000000        1980.70861441570     
   3.40000000000000        1980.68986762595     
   3.42500000000000        1980.67188127602     
   3.45000000000000        1980.65461931635     
   3.47500000000000        1980.63804806187     
   3.50000000000000        1980.62213598504     
   3.52500000000000        1980.60685352630     
   3.55000000000000        1980.59217292713     
   3.57500000000000        1980.57806807077     
   3.60000000000000        1980.56451435230     
   3.62500000000000        1980.55148854552     
   3.65000000000000        1980.53896869766     
   3.67500000000000        1980.52693402256     
   3.70000000000000        1980.51536481452     
   3.72500000000000        1980.50424236224     
   3.75000000000000        1980.49354887711     
   3.77500000000000        1980.48326742223     
   3.80000000000000        1980.47338185832     
   3.82500000000000        1980.46387678312     
   3.85000000000000        1980.45473748462     
   3.87500000000000        1980.44594989451     
   3.90000000000000        1980.43750055139     
   3.92500000000000        1980.42937655828     
   3.95000000000000        1980.42156555436     
   3.97500000000000        1980.41405568146     
   4.00000000000000        1980.40683555722     
   4.02500000000000        1980.39989424938     
   4.05000000000000        1980.39322125098     
   4.07500000000000        1980.38680646277     
   4.10000000000000        1980.38064017018     
   4.12500000000000        1980.37471302687     
   4.15000000000000        1980.36901603638     
   4.17500000000000        1980.36354053813     
   4.20000000000000        1980.35827819379     
   4.22500000000000        1980.35322097035     
   4.25000000000000        1980.34836113070     
   4.27500000000000        1980.34369122091     
   4.30000000000000        1980.33920405800     
   4.32500000000000        1980.33489272255     
   4.35000000000000        1980.33075054593     
   4.37500000000000        1980.32677109945     
   4.40000000000000        1980.32294819257     
   4.42500000000000        1980.31927585558     
   4.45000000000000        1980.31574833861     
   4.47500000000000        1980.31236009898     
   4.50000000000000        1980.30910579745     
   4.52500000000000        1980.30598028943     
   4.55000000000000        1980.30297861768     
   4.57500000000000        1980.30009600845     
   4.60000000000000        1980.29732786051     
   4.62500000000000        1980.29466974447     
   4.65000000000000        1980.29211739421     
   4.67500000000000        1980.28966669934     
   4.70000000000000        1980.28731370460     
   4.72500000000000        1980.28505460071     
   4.75000000000000        1980.28288571957     
   4.77500000000000        1980.28080353261     
   4.80000000000000        1980.27880464216     
   4.82500000000000        1980.27688577820     
   4.85000000000000        1980.27504379481     
   4.87500000000000        1980.27327566409     
   4.90000000000000        1980.27157847533     
   4.92500000000000        1980.26994942642     
   4.95000000000000        1980.26838582177     
   4.97500000000000        1980.26688507184     
   5.00000000000000        1980.26544468229     
   5.02500000000000        1980.26406225949     
   5.05000000000000        1980.26273549678     
   5.07500000000000        1980.26146218071     
   5.10000000000000        1980.26024018286     
   5.12500000000000        1980.25906745559     
   5.15000000000000        1980.25794203285     
   5.17500000000000        1980.25686202277     
   5.20000000000000        1980.25582561176     
   5.22500000000000        1980.25483105293     
   5.25000000000000        1980.25387666882     
   5.27500000000000        1980.25296085066     
   5.30000000000000        1980.25208204866     
   5.32500000000000        1980.25123877761     
   5.35000000000000        1980.25042960972     
   5.37500000000000        1980.24965317324     
   5.40000000000000        1980.24890815165     
   5.42500000000000        1980.24819327985     
   5.45000000000000        1980.24750734311     
   5.47500000000000        1980.24684917629     
   5.50000000000000        1980.24621765811     
   5.52500000000000        1980.24561171488     
   5.55000000000000        1980.24503031382     
   5.57500000000000        1980.24447246410     
   5.60000000000000        1980.24393721392     
   5.62500000000000        1980.24342365163     
   5.65000000000000        1980.24293089924     
   5.67500000000000        1980.24245811508     
   5.70000000000000        1980.24200449239     
   5.72500000000000        1980.24156925649     
   5.75000000000000        1980.24115166253     
   5.77500000000000        1980.24075099605     
   5.80000000000000        1980.24036657250     
   5.82500000000000        1980.23999773328     
   5.85000000000000        1980.23964384890     
   5.87500000000000        1980.23930431258     
   5.90000000000000        1980.23897854217     
   5.92500000000000        1980.23866598150     
   5.95000000000000        1980.23836609386     
   5.97500000000000        1980.23807836699     
   6.00000000000000        1980.23780230684     
   6.02500000000000        1980.23753744071     
   6.05000000000000        1980.23728331519     
   6.07500000000000        1980.23703949447     
   6.10000000000000        1980.23680556094     
   6.12500000000000        1980.23658111315     
   6.15000000000000        1980.23636576745     
   6.17500000000000        1980.23615915337     
   6.20000000000000        1980.23596091799     
   6.22500000000000        1980.23577072078     
   6.25000000000000        1980.23558823689     
