   225.215080401784       2.052797088912006E-022
   2026.93572361605       1.496482788216707E-019
   5630.37701004459       3.207385414264665E-018
   11035.5389396874       2.414785955155091E-017
   18242.4215125445       1.090558397630191E-016
   27251.0247286158       3.633810365750630E-016
   38061.3485879014       9.893334303082598E-016
   50673.3930904013       2.331938917075553E-015
   65087.1582361155       4.932855176342157E-015
   81302.6440250439       9.590439408302377E-015
   99319.8504571866       1.742374025834261E-014
   119138.777532544       2.993705118230467E-014
   140759.425251115       4.908043036531200E-014
   164181.793612900       7.730021691547184E-014
   189405.882617900       1.175721534164761E-013
   216431.692266114       1.734084108010865E-013
   245259.222557542       2.488288094398834E-013
   275888.473492185       3.482861089363076E-013
   308319.445070042       4.765357182616981E-013
   342552.137291113       6.384418970295691E-013
   378586.550155398       8.387157910372932E-013
   416422.683662898       1.081585699199817E-012
   456060.537813612       1.370406872871284E-012
   497500.112607540       1.707226721332614E-012
   540741.408044683       2.092331022584749E-012
   585784.424125039       2.523806701726789E-012
   632629.160848610       2.997165615150457E-012
   681275.618215396       3.505079902714925E-012
   731723.796225395       4.037281003366155E-012
   783973.694878609       4.580669637433222E-012
   838025.314175037       5.119671690415266E-012
   893878.654114680       5.636854635322026E-012
   951533.714697536       6.113791843899908E-012
   1010990.49592361       6.532130337143356E-012
   1072248.99779289       6.874785204787130E-012
   1135309.22030539       7.127156219964923E-012
   1200171.16346111       7.278244606572692E-012
   1266834.82726003       7.321545303621641E-012
   1335300.21170218       7.255605331433474E-012
   1405567.31678753       7.084171957838099E-012
   1477636.14251610       6.815901738087749E-012
   1551506.68888789       6.463656308228574E-012
   1627178.95590289       6.043463966828315E-012
   1704652.94356110       5.573268117576699E-012
   1783928.65186253       5.071606852704480E-012
   1865006.08080717       4.556368298372540E-012
   1947885.23039503       4.043744522081847E-012
   2032566.10062610       3.547468102625927E-012
   2119048.69150038       3.078368357526842E-012
   2207333.00301788       2.644238149091944E-012
   2297419.03517860       2.249965203724115E-012
   2389306.78798252       1.897858911745239E-012
   2482996.26142967       1.588095766920979E-012
   2578487.45552002       1.319211773024113E-012
   2675780.37025359       1.088584050453481E-012
   2774875.00563038       8.928617237963203E-013
   2875771.36165038       7.283238549224716E-013
   2978469.43831359       5.911569732546217E-013
   3082969.23562002       4.776553977772525E-013
   3189270.75356966       3.843539949545975E-013
   3297373.99216252       3.081059610383594E-013
   3407278.95139859       2.461186398714452E-013
   3518985.63127787       1.959592576421932E-013
   3632494.03180037       1.555405576781382E-013
   3747804.15296608       1.230941997970111E-013
   3864915.99477501       9.713778307260407E-014
   3983829.55722715       7.643962557079183E-014
   4104544.84032251       5.998404706878800E-014
   4227061.84406108       4.693884263771223E-014
   4351380.56844286       3.662586548432318E-014
   4477501.01346786       2.849510367940698E-014
   4605423.17913607       2.210228435771991E-014
   4735147.06544750       1.708982355426016E-014
   4866672.67240214       1.317082099332393E-014
   5000000.00000000       1.011574620613788E-014
   5135129.04824107       7.741452237528050E-015
   5272059.81712535       5.902169119507204E-015
   5410792.30665285       4.482159553738169E-015
   5551326.51682357       3.389755983298155E-015
   5693662.44763749       2.552536421386708E-015
   5837800.09909464       1.913433024976773E-015
   5983739.47119499       1.427600818428259E-015
   6131480.56393856       1.059903455921963E-015
   6281023.37732535       7.828983051316617E-016
   6432367.91135534       5.752246181757606E-016
   6585514.16602856       4.203164836119341E-016
   6740462.14134498       3.053770621716759E-016
   6897211.83730463       2.205627440840177E-016
   7055763.25390748       1.583357523893475E-016
   7216116.39115355       1.129517374149150E-016
   7378271.24904284       8.005539631846454E-017
   7542227.82757533       5.636239230081602E-017
   7707986.12675105       3.941007757934582E-017
   7875546.14656997       2.736293780209884E-017
   8044907.88703212       1.886143201085525E-017
   8216071.34813747       1.290512978363504E-017
   8389036.52988604       8.762848763517079E-018
   8563803.43227782       5.903953776838706E-018
   8740372.05531282       3.946158882726145E-018
   8918742.39899104       2.616128557137108E-018
   9098914.46331246       1.719945890831716E-018
   9280888.24827710       1.121138055473402E-018
   9464663.75388496       7.244497673687866E-019
   9650240.98013603       4.639563704115860E-019
   9837619.92703032       2.944277320307435E-019
   10026800.5945678       1.851074414532480E-019
   10217782.9827485       1.152712505515642E-019
   10410567.0915725       7.108460241548749E-020
   10605152.9210396       4.339998361512749E-020
   10801540.4711499       2.622776879905332E-020
   10999729.7419035       1.568501083017396E-020
   11199720.7333003       9.280023706661020E-021
   11401513.4453403       5.430474924049161E-021
   11605107.8780235       3.142162682277672E-021
   11810504.0313499       1.797184454668937E-021
   12017701.9053196       1.015765454455346E-021
   12226701.4999324       5.671352156954709E-022
   12437502.8151885       3.126935484351301E-022
   12650105.8510878       1.701873984436980E-022
   12864510.6076303       9.139838034384867E-023
   13080717.0848160       4.841356948509691E-023
   13298725.2826449       2.528223591018068E-023
   13518535.2011171       1.300984557604580E-023
   13740146.8402324       6.593418108258962E-024
   13963560.1999910       3.289183391948862E-024
   14188775.2803928       1.614150096819605E-024
   14415792.0814378       7.787498799867353E-025
   14644610.6031260       3.691041468631943E-025
   14875230.8454574       1.717402134537458E-025
   15107652.8084321       7.838209897163254E-026
   15341876.4920499       3.505944679471564E-026
   15577901.8963110       1.535418530812090E-026
   15815729.0212153       6.577148899030834E-027
   16055357.8667628       2.752673472232814E-027
   16296788.4329535       1.124220061496114E-027
   16540020.7197874       4.474575277533900E-028
   16785054.7272645       1.733101837563428E-028
   17031890.4553849       6.521849618367072E-029
   17280527.9041485       2.380222235441845E-029
   17530967.0735552       8.408060704648763E-030
   17783207.9636052       2.868234046227040E-030
   18037250.5742985       9.423161448481520E-031
   18293094.9056349       2.970940234078962E-031
   18550740.9576145       8.935378845982181E-032
   18810188.7302374       2.525547462857584E-032
   19071438.2235034       6.336321955788262E-033
   19334489.4374127       9.678010478393336E-034
   19599342.3719652      -5.815403754240129E-034
   19865997.0271609      -1.201105520639932E-033
   20134453.4029999       0.000000000000000E+000
