   225.215080401784        13.6981832033570     
   2026.93572361605        13.6981256312061     
   5630.37701004459        13.6977132699761     
   11035.5389396874        13.6964289296087     
   18242.4215125445        13.6933849353536     
   27251.0247286158        13.6874673313477     
   38061.3485879014        13.6772730684283     
   50673.3930904013        13.6611280806093     
   65087.1582361155        13.6370924293052     
   81302.6440250439        13.6029733511386     
   99319.8504571866        13.5563435704223     
   119138.777532544        13.4945669054876     
   140759.425251115        13.4148325912286     
   164181.793612900        13.3141999494039     
   189405.882617900        13.1896548938833     
   216431.692266114        13.0381790949283     
   245259.222557542        12.8568320136155     
   275888.473492185        12.6428456068365     
   308319.445070042        12.3937308652059     
   342552.137291113        12.1073942465447     
   378586.550155398        11.7822606656472     
   416422.683662898        11.4173982522819     
   456060.537813612        11.0126387327790     
   497500.112607540        10.5686861012356     
   540741.408044683        10.0872053316158     
   585784.424125039        9.57088239609732     
   632629.160848610        9.02344698439554     
   681275.618215396        8.44965024955250     
   731723.796225395        7.85519175879898     
   783973.694878609        7.24659263756682     
   838025.314175037        6.63101558895474     
   893878.654114680        6.01603682097514     
   951533.714697536        5.40937955812898     
   1010990.49592361        4.81862325978881     
   1072248.99779289        4.25090634078539     
   1135309.22030539        3.71264250954937     
   1200171.16346111        3.20927130982430     
   1266834.82726003        2.74506176561277     
   1335300.21170218        2.32298415419362     
   1405567.31678753        1.94465916119594     
   1477636.14251610        1.61038662407225     
   1551506.68888789        1.31924861993180     
   1627178.95590289        1.06927479538844     
   1704652.94356110       0.857652519815279     
   1783928.65186253       0.680961388133940     
   1865006.08080717       0.535411154385401     
   1947885.23039503       0.417064250964179     
   2032566.10062610       0.322028133291225     
   2119048.69150038       0.246607981119389     
   2207333.00301788       0.187415862607540     
   2297419.03517860       0.141437478776011     
   2389306.78798252       0.106061440772424     
   2482996.26142967       7.907839403446000E-002
   2578487.45552002       5.865820911207888E-002
   2675780.37025359       4.331316565122405E-002
   2774875.00563038       3.185394896754526E-002
   2875771.36165038       2.334376061319472E-002
   2978469.43831359       1.705425380187416E-002
   3082969.23562002       1.242557418361620E-002
   3189270.75356966       9.031639166101972E-003
   3297373.99216252       6.550958166357987E-003
   3407278.95139859       4.742756029958319E-003
   3518985.63127787       3.427856672199805E-003
   3632494.03180037       2.473650127628341E-003
   3747804.15296608       1.782445561684318E-003
   3864915.99477501       1.282559024213577E-003
   3983829.55722715       9.215643209868065E-004
   4104544.84032251       6.612262709247427E-004
   4227061.84406108       4.737245820259239E-004
   4351380.56844286       3.388566723474742E-004
   4477501.01346786       2.419761222307178E-004
   4605423.17913607       1.724796588006629E-004
   4735147.06544750       1.227005508786874E-004
   4866672.67240214       8.710153042314226E-005
   5000000.00000000       6.168751298906009E-005
   5135129.04824107       4.357904432200986E-005
   5272059.81712535       3.070294338291487E-005
   5410792.30665285       2.156820836035379E-005
   5551326.51682357       1.510384321038167E-005
   5693662.44763749       1.054159067689858E-005
   5837800.09909464       7.331198123693392E-006
   5983739.47119499       5.079232687325068E-006
   6131480.56393856       3.504931947804930E-006
   6281023.37732535       2.408371466068009E-006
   6432367.91135534       1.647533234042582E-006
   6585514.16602856       1.121803283659807E-006
   6740462.14134498       7.601105162152636E-007
   6897211.83730463       5.124137928722286E-007
   7055763.25390748       3.436025190240472E-007
   7216116.39115355       2.291351291636996E-007
   7378271.24904284       1.519274014518163E-007
   7542227.82757533       1.001382107406497E-007
   7707986.12675105       6.559849361833545E-008
   7875546.14656997       4.270021199460456E-008
   8044907.88703212       2.761345725860568E-008
   8216071.34813747       1.773695728514472E-008
   8389036.52988604       1.131405822587676E-008
   8563803.43227782       7.165594495939117E-009
   8740372.05531282       4.504993381472534E-009
   8918742.39899104       2.810978799657309E-009
   9098914.46331246       1.740425296183985E-009
   9280888.24827710       1.069054421360792E-009
   9464663.75388496       6.513314638037208E-010
   9650240.98013603       3.935247182297768E-010
   9837619.92703032       2.357316760737256E-010
   10026800.5945678       1.399735874238759E-010
   10217782.9827485       8.236834335262194E-011
   10410567.0915725       4.802437552837827E-011
   10605152.9210396       2.773627340192557E-011
   10801540.4711499       1.586403300508615E-011
   10999729.7419035       8.983552867352466E-012
   11199720.7333003       5.035433379879832E-012
   11401513.4453403       2.792927428248168E-012
   11605107.8780235       1.532464668216974E-012
   11810504.0313499       8.315659661325831E-013
   12017701.9053196       4.461064540456957E-013
   12226701.4999324       2.365200903271078E-013
   12437502.8151885       1.238878438064851E-013
   12650105.8510878       6.408468745862082E-014
   12864510.6076303       3.272412486954699E-014
   13080717.0848160       1.648852456509292E-014
   13298725.2826449       8.193977837805199E-015
   13518535.2011171       4.014140622810465E-015
   13740146.8402324       1.937518438114175E-015
   13963560.1999910       9.208925366861707E-016
   14188775.2803928       4.307433037824714E-016
   14415792.0814378       1.981489671035873E-016
   14644610.6031260       8.958283226042431E-017
   14875230.8454574       3.977316990821117E-017
   15107652.8084321       1.732747383777263E-017
   15341876.4920499       7.400805013588740E-018
   15577901.8963110       3.096059040914502E-018
   15815729.0212153       1.267299832324301E-018
   16055357.8667628       5.069954671527975E-019
   16296788.4329535       1.979951709440210E-019
   16540020.7197874       7.537945977926381E-020
   16785054.7272645       2.793605953911526E-020
   17031890.4553849       1.006216801395161E-020
   17280527.9041485       3.516056463560440E-021
   17530967.0735552       1.189563324746912E-021
   17783207.9636052       3.887707785691960E-022
   18037250.5742985       1.224038184344533E-022
   18293094.9056349       3.699488676370217E-023
   18550740.9576145       1.066936413340432E-023
   18810188.7302374       2.892580307703564E-024
   19071438.2235034       6.962997662186829E-025
   19334489.4374127       1.020698115626326E-025
   19599342.3719652      -5.887958275525030E-026
   19865997.0271609      -1.167775647531014E-025
   20134453.4029999       0.000000000000000E+000
