  -6000000.00000000       0.000000000000000E+000
  -5919463.08724832       5.312982714464190E-012
  -5838926.17449664       1.608482237218546E-011
  -5758389.26174497       3.629863621941631E-011
  -5677852.34899329       7.316936685046370E-011
  -5597315.43624161       1.393124443815257E-010
  -5516778.52348993       2.565460910404616E-010
  -5436241.61073826       4.622558926917648E-010
  -5355704.69798658       8.199580572812409E-010
  -5275167.78523490       1.436707663485146E-009
  -5194630.87248322       2.491601905082284E-009
  -5114093.95973154       4.282178348258734E-009
  -5033557.04697987       7.299554752692118E-009
  -4953020.13422819       1.234957269804232E-008
  -4872483.22147651       2.074737684063406E-008
  -4791946.30872483       3.462898666470796E-008
  -4711409.39597315       5.744900119147929E-008
  -4630872.48322148       9.477419336837054E-008
  -4550335.57046980       1.555472613710320E-007
  -4469798.65771812       2.540974613017364E-007
  -4389261.74496644       4.133374543344910E-007
  -4308724.83221477       6.698433571744316E-007
  -4228187.91946309       1.081922181536986E-006
  -4147651.00671141       1.742411978098779E-006
  -4067114.09395973       2.798964569425986E-006
  -3986577.18120805       4.486125363958222E-006
  -3906040.26845638       7.175944188564182E-006
  -3825503.35570470       1.145756198757972E-005
  -3744966.44295302       1.826185682321509E-005
  -3664429.53020134       2.905571251817736E-005
  -3583892.61744966       4.614308100419780E-005
  -3503355.70469799       7.312852159315091E-005
  -3422818.79194631       1.156257115688940E-004
  -3342281.87919463       1.823316735011590E-004
  -3261744.96644295       2.866411359056493E-004
  -3181208.05369127       4.490493677188353E-004
  -3100671.14093960       7.006915246900955E-004
  -3020134.22818792       1.088497786572881E-003
  -2939597.31543624       1.682611434994018E-003
  -2859060.40268456       2.586924349865028E-003
  -2778523.48993289       3.953829209091583E-003
  -2697986.57718121       6.004559622535157E-003
  -2617449.66442953       9.056764719103726E-003
  -2536912.75167785       1.356120068959848E-002
  -2456375.83892617       2.014955019309981E-002
  -2375838.92617450       2.969530310028579E-002
  -2295302.01342282       4.338921868647938E-002
  -2214765.10067114       6.282998383522405E-002
  -2134228.18791946       9.012911692359059E-002
  -2053691.27516779       0.128026796540319     
  -1973154.36241611       0.180012034065496     
  -1892617.44966443       0.250436503759575     
  -1812080.53691275       0.344606620611410     
  -1731543.62416107       0.468833593378556     
  -1651006.71140940       0.630416935763797     
  -1570469.79865772       0.837534293707174     
  -1489932.88590604        1.09901064318520     
  -1409395.97315436        1.42394410937169     
  -1328859.06040268        1.82117481168951     
  -1248322.14765101        2.29859769558400     
  -1167785.23489933        2.86233986642238     
  -1087248.32214765        3.51584611929400     
  -1006711.40939597        4.25894059547439     
  -926174.496644295        5.08695435974718     
  -845637.583892617        5.99002404134138     
  -765100.671140940        6.95267153224671     
  -684563.758389262        7.95376573754623     
  -604026.845637584        8.96694295266529     
  -523489.932885906        9.96152309913249     
  -442953.020134228        10.9039080130440     
  -362416.107382550        11.7593909391161     
  -281879.194630872        12.4942507553790     
  -201342.281879194        13.0779586732790     
  -120805.369127517        13.4852968550522     
  -40268.4563758392        13.6981832033570     
   40268.4563758392        13.7070170455286     
   120805.369127517        13.5114050669093     
   201342.281879195        13.1201903840482     
   281879.194630872        12.5507817780818     
   362416.107382551        11.8278545349317     
   442953.020134228        10.9815590981868     
   523489.932885906        10.0454200038932     
   604026.845637584        9.05413000533566     
   684563.758389262        8.04144112187372     
   765100.671140940        7.03832763888491     
   845637.583892617        6.07155152923370     
   926174.496644296        5.16270566090298     
   1006711.40939597        4.32775304435894     
   1087248.32214765        3.57702870883477     
   1167785.23489933        2.91563046508815     
   1248322.14765101        2.34409918995119     
   1328859.06040268        1.85927910766084     
   1409395.97315436        1.45525233511709     
   1489932.88590604        1.12425657818866     
   1570469.79865772       0.857516247979868     
   1651006.71140940       0.645941387791466     
   1731543.62416107       0.480672063212743     
   1812080.53691275       0.353465732004234     
   1892617.44966443       0.256940042654956     
   1973154.36241611       0.184693092699332     
   2053691.27516779       0.131327752912003     
   2134228.18791946       9.240717415398456E-002
   2214765.10067114       6.436619876339190E-002
   2295302.01342282       4.439928779109658E-002
   2375838.92617450       3.034077224082930E-002
   2456375.83892617       2.054851195898293E-002
   2536912.75167785       1.379789610900591E-002
   2617449.66442953       9.189794933779978E-003
   2697986.57718121       6.073628531586880E-003
   2778523.48993289       3.985084479208620E-003
   2859060.40268456       2.597051352461517E-003
   2939597.31543624       1.681875484248695E-003
   3020134.22818792       1.082937947995761E-003
   3100671.14093960       6.936560464955136E-004
   3181208.05369128       4.422379584914975E-004
   3261744.96644295       2.807900247358121E-004
   3342281.87919463       1.776482305942062E-004
   3422818.79194631       1.120531871938593E-004
   3503355.70469799       7.049945462017315E-005
   3583892.61744967       4.426244001543724E-005
   3664429.53020134       2.774156075533036E-005
   3744966.44295302       1.736167033457251E-005
   3825503.35570470       1.085156276635000E-005
   3906040.26845638       6.774249140033983E-006
   3986577.18120805       4.223556162669589E-006
   4067114.09395973       2.629528359826734E-006
   4147651.00671141       1.634377861693629E-006
   4228187.91946309       1.013815486177185E-006
   4308724.83221477       6.273723022249331E-007
   4389261.74496644       3.871316049620550E-007
   4469798.65771812       2.380957336409824E-007
   4550335.57046980       1.458778753192538E-007
   4630872.48322148       8.899275793519645E-008
   4711409.39597316       5.402950982111284E-008
   4791946.30872483       3.262910941155850E-008
   4872483.22147651       1.959145519752482E-008
   4953020.13422819       1.168973229882370E-008
   5033557.04697987       6.927880171872537E-009
   5114093.95973154       4.075811847575827E-009
   5194630.87248322       2.378805629739139E-009
   5275167.78523490       1.376116615122101E-009
   5355704.69798658       7.880386800223470E-010
   5436241.61073826       4.458119390804997E-010
   5516778.52348993       2.482940312147167E-010
   5597315.43624161       1.353020516357580E-010
   5677852.34899329       7.130015108926184E-011
   5758389.26174497       3.547885645145371E-011
   5838926.17449665       1.576225775325245E-011
   5919463.08724832       5.217552495557899E-012
   6000000.00000000       0.000000000000000E+000
