  -6000000.00000000       9.249250061430202E-010
  -5919463.08724832       1.074634894549524E-009
  -5838926.17449664       1.245988235919562E-009
  -5758389.26174497       1.441668905398565E-009
  -5677852.34899329       1.664622295518458E-009
  -5597315.43624161       1.918070071737018E-009
  -5516778.52348993       2.205524146362991E-009
  -5436241.61073826       2.530799563401230E-009
  -5355704.69798658       2.898025956695358E-009
  -5275167.78523490       3.311657215008055E-009
  -5194630.87248322       3.776478961150603E-009
  -5114093.95973154       4.297613428810076E-009
  -5033557.04697987       4.880521301241650E-009
  -4953020.13422819       5.531000061454206E-009
  -4872483.22147651       6.255178394907793E-009
  -4791946.30872483       7.059506184057107E-009
  -4711409.39597315       7.950739640294314E-009
  -4630872.48322148       8.935921133906161E-009
  -4550335.57046980       1.002235330743038E-008
  -4469798.65771812       1.121756709304392E-008
  -4389261.74496644       1.252928330097489E-008
  -4308724.83221477       1.396536750387250E-008
  -4228187.91946309       1.553377801187267E-008
  -4147651.00671141       1.724250681480767E-008
  -4067114.09395973       1.909951346142431E-008
  -3986577.18120805       2.111265195010740E-008
  -3906040.26845638       2.328959082067300E-008
  -3825503.35570470       2.563772676119234E-008
  -3744966.44295302       2.816409217611050E-008
  -3664429.53020134       3.087525730038103E-008
  -3583892.61744966       3.377722758687884E-008
  -3503355.70469799       3.687533723861036E-008
  -3422818.79194631       4.017413990056127E-008
  -3342281.87919463       4.367729766552518E-008
  -3261744.96644295       4.738746968085654E-008
  -3181208.05369127       5.130620176556950E-008
  -3100671.14093960       5.543381855625931E-008
  -3020134.22818792       5.976931979265722E-008
  -2939597.31543624       6.431028242601103E-008
  -2859060.40268456       6.905277028283778E-008
  -2778523.48993289       7.399125304009667E-008
  -2697986.57718121       7.911853626296915E-008
  -2617449.66442953       8.442570422112732E-008
  -2536912.75167785       8.990207713202317E-008
  -2456375.83892617       9.553518437931617E-008
  -2375838.92617450       1.013107551206875E-007
  -2295302.01342282       1.072127275322601E-007
  -2214765.10067114       1.132232777376893E-007
  -2134228.18791946       1.193228692404800E-007
  -2053691.27516779       1.254903234207673E-007
  -1973154.36241611       1.317029113759516E-007
  -1892617.44966443       1.379364670821964E-007
  -1812080.53691275       1.441655215355446E-007
  -1731543.62416107       1.503634572025161E-007
  -1651006.71140940       1.565026817762746E-007
  -1570469.79865772       1.625548199019011E-007
  -1489932.88590604       1.684909212093942E-007
  -1409395.97315436       1.742816826822392E-007
  -1328859.06040268       1.798976830992513E-007
  -1248322.14765101       1.853096270242330E-007
  -1167785.23489933       1.904885955877875E-007
  -1087248.32214765       1.954063011139406E-007
  -1006711.40939597       2.000353424959349E-007
  -926174.496644295       2.043494581248376E-007
  -845637.583892617       2.083237731247252E-007
  -765100.671140940       2.119350376514758E-007
  -684563.758389262       2.151618530698666E-007
  -604026.845637584       2.179848829358899E-007
  -523489.932885906       2.203870458769602E-007
  -442953.020134228       2.223536876798676E-007
  -362416.107382550       2.238727301616867E-007
  -281879.194630872       2.249347947080990E-007
  -201342.281879194       2.255332987114410E-007
  -120805.369127517       2.256645235211545E-007
  -40268.4563758392       2.253276529253129E-007
   40268.4563758392       2.245247816061038E-007
   120805.369127517       2.232608934467227E-007
   201342.281879195       2.215438100039836E-007
   281879.194630872       2.193841098919558E-007
   362416.107382551       2.167950202390857E-007
   442953.020134228       2.137922817768801E-007
   523489.932885906       2.103939894851048E-007
   604026.845637584       2.066204110500493E-007
   684563.758389262       2.024937856829541E-007
   765100.671140940       1.980381060903507E-007
   845637.583892617       1.932788865829789E-007
   926174.496644296       1.882429204523705E-007
   1006711.40939597       1.829580298324796E-007
   1087248.32214765       1.774528112974190E-007
   1167785.23489933       1.717563804260500E-007
   1248322.14765101       1.658981184916059E-007
   1328859.06040268       1.599074243124432E-007
   1409395.97315436       1.538134741320915E-007
   1489932.88590604       1.476449921875132E-007
   1570469.79865772       1.414300343790876E-007
   1651006.71140940       1.351957871800474E-007
   1731543.62416107       1.289683836230988E-007
   1812080.53691275       1.227727378841545E-007
   1892617.44966443       1.166323996540427E-007
   1973154.36241611       1.105694291551884E-007
   2053691.27516779       1.046042933279003E-007
   2134228.18791946       9.875578338600252E-008
   2214765.10067114       9.304095362965647E-008
   2295302.01342282       8.747508110932822E-008
   2375838.92617450       8.207164546333730E-008
   2456375.83892617       7.684232800596803E-008
   2536912.75167785       7.179702892668626E-008
   2617449.66442953       6.694390127579827E-008
   2697986.57718121       6.228940025934659E-008
   2778523.48993289       5.783834624688065E-008
   2859060.40268456       5.359399980994204E-008
   2939597.31543624       4.955814705600308E-008
   3020134.22818792       4.573119350089549E-008
   3100671.14093960       4.211226473065862E-008
   3181208.05369128       3.869931213892757E-008
   3261744.96644295       3.548922208582226E-008
   3342281.87919463       3.247792690583874E-008
   3422818.79194631       2.966051629233135E-008
   3503355.70469799       2.703134770153791E-008
   3583892.61744967       2.458415454642784E-008
   3664429.53020134       2.231215108668029E-008
   3744966.44295302       2.020813306264634E-008
   3825503.35570470       1.826457326522780E-008
   3906040.26845638       1.647371137741414E-008
   3986577.18120805       1.482763756424358E-008
   4067114.09395973       1.331836942394097E-008
   4147651.00671141       1.193792204201038E-008
   4228187.91946309       1.067837101051315E-008
   4308724.83221477       9.531908385359733E-009
   4389261.74496644       8.490891654225673E-009
   4469798.65771812       7.547885876015140E-009
   4550335.57046980       6.695699229283426E-009
   4630872.48322148       5.927412271599643E-009
   4711409.39597316       5.236401264635823E-009
   4791946.30872483       4.616355961176293E-009
   4872483.22147651       4.061292280796560E-009
   4953020.13422819       3.565560321363232E-009
   5033557.04697987       3.123848164569637E-009
   5114093.95973154       2.731181936349345E-009
   5194630.87248322       2.382922578159032E-009
   5275167.78523490       2.074759773783980E-009
   5355704.69798658       1.802703459487881E-009
   5436241.61073826       1.563073323981264E-009
   5516778.52348993       1.352486679763070E-009
   5597315.43624161       1.167845059788416E-009
   5677852.34899329       1.006319863962078E-009
   5758389.26174497       8.653373494058455E-010
   5838926.17449665       7.425632274766043E-010
   5919463.08724832       6.358870997132051E-010
   6000000.00000000       5.434069347742244E-010
