  5.000000000000000E-003   50.6498057009404     
  1.000000000000000E-002   51.1569094292870     
  1.500000000000000E-002   51.5573474557576     
  2.000000000000000E-002   51.8787543044761     
  2.500000000000000E-002   52.1415969541529     
  3.000000000000000E-002   52.3608202081713     
  3.500000000000000E-002   52.5472924964128     
  4.000000000000000E-002   52.7089303524920     
  4.500000000000000E-002   52.8515286713712     
  5.000000000000000E-002   52.9793591666540     
  5.500000000000000E-002   53.0955972168362     
  6.000000000000000E-002   53.2026253071321     
  6.500000000000000E-002   53.3022489284356     
  7.000000000000001E-002   53.3958507653453     
  7.500000000000000E-002   53.4845009866676     
  8.000000000000000E-002   53.5690374670440     
  8.500000000000001E-002   53.6501233731225     
  9.000000000000000E-002   53.7282896230500     
  9.500000000000000E-002   53.8039660575364     
  0.100000000000000        53.8775045611497     
  0.105000000000000        53.9491963295429     
  0.110000000000000        54.0192848622460     
  0.115000000000000        54.0879758107759     
  0.120000000000000        54.1554444995526     
  0.125000000000000        54.2218417125804     
  0.130000000000000        54.2872981799735     
  0.135000000000000        54.3519280830803     
  0.140000000000000        54.4158318143405     
  0.145000000000000        54.4790981673614     
  0.150000000000000        54.5418060886502     
  0.155000000000000        54.6040260901098     
  0.160000000000000        54.6658213970090     
  0.165000000000000        54.7272488888712     
  0.170000000000000        54.7883598765123     
  0.175000000000000        54.8492007493987     
  0.180000000000000        54.9098135190351     
  0.185000000000000        54.9702362789231     
  0.190000000000000        55.0305035968077     
  0.195000000000000        55.0906468519267     
  0.200000000000000        55.1506945268803     
  0.205000000000000        55.2106724533372     
  0.210000000000000        55.2706040739212     
  0.215000000000000        55.3305105791797     
  0.220000000000000        55.3904111266099     
  0.225000000000000        55.4503229870514     
  0.230000000000000        55.5102616855132     
  0.235000000000000        55.5702411296647     
  0.240000000000000        55.6302737261824     
  0.245000000000000        55.6903704870476     
  0.250000000000000        55.7505411270269     
  0.255000000000000        55.8107941433655     
  0.260000000000000        55.8711369395428     
  0.265000000000000        55.9315758368930     
  0.270000000000000        55.9921161917033     
  0.275000000000000        56.0527625101181     
  0.280000000000000        56.1135182511290     
  0.285000000000000        56.1743863037870     
  0.290000000000000        56.2353687270858     
  0.295000000000000        56.2964669598950     
  0.300000000000000        56.3576816639184     
  0.305000000000000        56.4190129310057     
  0.310000000000000        56.4804604298362     
  0.315000000000000        56.5420232205519     
  0.320000000000000        56.6036999238097     
  0.325000000000000        56.6654886862552     
  0.330000000000000        56.7273872500760     
  0.335000000000000        56.7893930131398     
  0.340000000000000        56.8515029928634     
  0.345000000000000        56.9137138904072     
  0.350000000000000        56.9760222082184     
  0.355000000000000        57.0384239486726     
  0.360000000000000        57.1009151049162     
  0.365000000000000        57.1634913577413     
  0.370000000000000        57.2261481935359     
  0.375000000000000        57.2888809177979     
  0.380000000000000        57.3516846752767     
  0.385000000000000        57.4145544568645     
  0.390000000000000        57.4774851588531     
  0.395000000000000        57.5404715316968     
  0.400000000000000        57.6035082421235     
  0.405000000000000        57.6665898749559     
  0.410000000000000        57.7297109455955     
  0.415000000000000        57.7928659127784     
  0.420000000000000        57.8560491901740     
  0.425000000000000        57.9192551574352     
  0.430000000000000        57.9824781704615     
  0.435000000000000        58.0457125711167     
  0.440000000000000        58.1089526962348     
  0.445000000000000        58.1721928861349     
  0.450000000000000        58.2354274924935     
  0.455000000000000        58.2986508858021     
  0.460000000000000        58.3618574621809     
  0.465000000000000        58.4250416498819     
  0.470000000000000        58.4881979152160     
  0.475000000000000        58.5513207680691     
  0.480000000000000        58.6144047670785     
  0.485000000000000        58.6774445243002     
  0.490000000000000        58.7404347096791     
  0.495000000000000        58.8033700549719     
  0.500000000000000        58.8662453574821     
  0.505000000000000        58.9290554834375     
  0.510000000000000        58.9917953710004     
  0.515000000000000        59.0544600331699     
  0.520000000000000        59.1170445601584     
  0.525000000000000        59.1795441217760     
  0.530000000000000        59.2419539693679     
  0.535000000000000        59.3042694377172     
  0.540000000000000        59.3664859464772     
  0.545000000000000        59.4285990016977     
  0.550000000000000        59.4906041968967     
  0.555000000000000        59.5524972141392     
  0.560000000000000        59.6142738881916     
  0.565000000000000        59.6759299413947     
  0.570000000000000        59.7374614733158     
  0.575000000000000        59.7988643814289     
  0.580000000000000        59.8601348835619     
  0.585000000000000        59.9212692613793     
  0.590000000000000        59.9822636917134     
  0.595000000000000        60.0431146652392     
  0.600000000000000        60.1038186744057     
  0.605000000000000        60.1643723082020     
  0.610000000000000        60.2247722454847     
  0.615000000000000        60.2850152558047     
  0.620000000000000        60.3450981980633     
  0.625000000000000        60.4050180199999     
  0.630000000000000        60.4647717574099     
  0.635000000000000        60.5243565333379     
  0.640000000000000        60.5837695573169     
  0.645000000000000        60.6430081135575     
  0.650000000000000        60.7020695940063     
  0.655000000000000        60.7609514728709     
  0.660000000000000        60.8196512832464     
  0.665000000000000        60.8781666536377     
  0.670000000000000        60.9364952931005     
  0.675000000000000        60.9946349900301     
  0.680000000000000        61.0525836112587     
  0.685000000000000        61.1103391009223     
  0.690000000000000        61.1678994792905     
  0.695000000000000        61.2252628416939     
  0.700000000000000        61.2824273572278     
  0.705000000000000        61.3393913320953     
  0.710000000000000        61.3961529393814     
  0.715000000000000        61.4527106461014     
  0.720000000000000        61.5090628986271     
  0.725000000000000        61.5652082167214     
  0.730000000000000        61.6211451860649     
  0.735000000000000        61.6768724583866     
  0.740000000000000        61.7323888141164     
  0.745000000000000        61.7876933369915     
  0.750000000000000        61.8427839946608     
  0.755000000000000        61.8976602314115     
  0.760000000000000        61.9523209887928     
  0.765000000000000        62.0067652721957     
  0.770000000000000        62.0609921516155     
  0.775000000000000        62.1150007544031     
  0.780000000000000        62.1687902638200     
  0.785000000000000        62.2223599168694     
  0.790000000000000        62.2757090029436     
  0.795000000000000        62.3288368624145     
  0.800000000000000        62.3817428750276     
  0.805000000000000        62.4344265015614     
  0.810000000000000        62.4868872160682     
  0.815000000000000        62.5391245512045     
  0.820000000000000        62.5911380850163     
  0.825000000000000        62.6429274394355     
  0.830000000000000        62.6944922794412     
  0.835000000000000        62.7458323120301     
  0.840000000000000        62.7969472850971     
  0.845000000000000        62.8478369864820     
  0.850000000000000        62.8985012429499     
  0.855000000000000        62.9489399191916     
  0.860000000000000        62.9991529168632     
  0.865000000000000        63.0491401736046     
  0.870000000000000        63.0989016620772     
  0.875000000000000        63.1484373890607     
  0.880000000000000        63.1977473945385     
  0.885000000000000        63.2468317507811     
  0.890000000000000        63.2956905614507     
  0.895000000000000        63.3443239493891     
  0.900000000000000        63.3927321024991     
  0.905000000000000        63.4409152002031     
  0.910000000000000        63.4888734634031     
  0.915000000000000        63.5366071403706     
  0.920000000000000        63.5841165055086     
  0.925000000000000        63.6314018589058     
  0.930000000000000        63.6784635147370     
  0.935000000000000        63.7253018446274     
  0.940000000000000        63.7719171978606     
  0.945000000000000        63.8183099921433     
  0.950000000000000        63.8644806324400     
  0.955000000000000        63.9104295573326     
  0.960000000000000        63.9561572261163     
  0.965000000000000        64.0016641177517     
  0.970000000000000        64.0469507204193     
  0.975000000000000        64.0920175722619     
  0.980000000000000        64.1368651966043     
  0.985000000000000        64.1814941459831     
  0.990000000000000        64.2259049899193     
  0.995000000000000        64.2700983139545     
   1.00000000000000        64.3140747193854     
   1.00500000000000        64.3578348226211     
   1.01000000000000        64.4013792546765     
   1.01500000000000        64.4447086500022     
   1.02000000000000        64.4878236895624     
   1.02500000000000        64.5307250328388     
   1.03000000000000        64.5734133643052     
   1.03500000000000        64.6158893805645     
   1.04000000000000        64.6581537897096     
   1.04500000000000        64.7002073109505     
   1.05000000000000        64.7420506741749     
   1.05500000000000        64.7836846195541     
   1.06000000000000        64.8251098864629     
   1.06500000000000        64.8663272565994     
   1.07000000000000        64.9073374862430     
   1.07500000000000        64.9481413526295     
   1.08000000000000        64.9887397070198     
   1.08500000000000        65.0291331912116     
   1.09000000000000        65.0693227109949     
   1.09500000000000        65.1093090559434     
   1.10000000000000        65.1490930406151     
   1.10500000000000        65.1886754854258     
   1.11000000000000        65.2280572174787     
   1.11500000000000        65.2672390696770     
   1.12000000000000        65.3062218804300     
   1.12500000000000        65.3450064934149     
   1.13000000000000        65.3835937571600     
   1.13500000000000        65.4219845248148     
   1.14000000000000        65.4601796538097     
   1.14500000000000        65.4981800056597     
   1.15000000000000        65.5359864455888     
   1.15500000000000        65.5735998423446     
   1.16000000000000        65.6110210679583     
   1.16500000000000        65.6482509974258     
   1.17000000000000        65.6852905085226     
   1.17500000000000        65.7221404815152     
   1.18000000000000        65.7588017990665     
   1.18500000000000        65.7952753458450     
   1.19000000000000        65.8315620084014     
   1.19500000000000        65.8676626749836     
   1.20000000000000        65.9035782352695     
   1.20500000000000        65.9393095802193     
   1.21000000000000        65.9748576018732     
   1.21500000000000        66.0102231931464     
   1.22000000000000        66.0454072476588     
   1.22500000000000        66.0804106491081     
   1.23000000000000        66.1152343138624     
   1.23500000000000        66.1498791247758     
   1.24000000000000        66.1843459659791     
   1.24500000000000        66.2186357549685     
   1.25000000000000        66.2527493628767     
   1.25500000000000        66.2866877069609     
   1.26000000000000        66.3204516683568     
   1.26500000000000        66.3540421401481     
   1.27000000000000        66.3874600145428     
   1.27500000000000        66.4207061827061     
   1.28000000000000        66.4537815238415     
   1.28500000000000        66.4866869492953     
   1.29000000000000        66.5194233342625     
   1.29500000000000        66.5519915650297     
   1.30000000000000        66.5843925263640     
   1.30500000000000        66.6166271012488     
   1.31000000000000        66.6486961709359     
   1.31500000000000        66.6806006148092     
   1.32000000000000        66.7123413103161     
   1.32500000000000        66.7439191329242     
   1.33000000000000        66.7753349559885     
   1.33500000000000        66.8065896506427     
   1.34000000000000        66.8376840858025     
   1.34500000000000        66.8686191280106     
   1.35000000000000        66.8993956302866     
   1.35500000000000        66.9300144774546     
   1.36000000000000        66.9604765159395     
   1.36500000000000        66.9907826024168     
   1.37000000000000        67.0209335908158     
   1.37500000000000        67.0509303322163     
   1.38000000000000        67.0807736748312     
   1.38500000000000        67.1104644639698     
   1.39000000000000        67.1400035419873     
   1.39500000000000        67.1693917482592     
   1.40000000000000        67.1986299191261     
   1.40500000000000        67.2277188770114     
   1.41000000000000        67.2566594744768     
   1.41500000000000        67.2854525262048     
   1.42000000000000        67.3140988561376     
   1.42500000000000        67.3425992739246     
   1.43000000000000        67.3709546195875     
   1.43500000000000        67.3991656945236     
   1.44000000000000        67.4272333093948     
   1.44500000000000        67.4551582714045     
   1.45000000000000        67.4829413842004     
   1.45500000000000        67.5105834478851     
   1.46000000000000        67.5380853246242     
   1.46500000000000        67.5654476687163     
   1.47000000000000        67.5926713493942     
   1.47500000000000        67.6197571473754     
   1.48000000000000        67.6467058447340     
   1.48500000000000        67.6735182192818     
   1.49000000000000        67.7001950459325     
   1.49500000000000        67.7267371613667     
   1.50000000000000        67.7531451946747     
   1.50500000000000        67.7794199893471     
   1.51000000000000        67.8055623005202     
   1.51500000000000        67.8315728844832     
   1.52000000000000        67.8574524932599     
   1.52500000000000        67.8832018757213     
   1.53000000000000        67.9088217770464     
   1.53500000000000        67.9343129386902     
   1.54000000000000        67.9596760983970     
   1.54500000000000        67.9849119901410     
   1.55000000000000        68.0100213440124     
   1.55500000000000        68.0350048864072     
   1.56000000000000        68.0598637878722     
   1.56500000000000        68.0845978185467     
   1.57000000000000        68.1092082252720     
   1.57500000000000        68.1336957144679     
   1.58000000000000        68.1580609715321     
   1.58500000000000        68.1823046969671     
   1.59000000000000        68.2064276540674     
   1.59500000000000        68.2304303999065     
   1.60000000000000        68.2543137052171     
   1.60500000000000        68.2780782529837     
   1.61000000000000        68.3017247273228     
   1.61500000000000        68.3252538080135     
   1.62000000000000        68.3486661717109     
   1.62500000000000        68.3719624912091     
   1.63000000000000        68.3951435010227     
   1.63500000000000        68.4182097286259     
   1.64000000000000        68.4411619145442     
   1.64500000000000        68.4640007114781     
   1.65000000000000        68.4867267732836     
   1.65500000000000        68.5093407494141     
   1.66000000000000        68.5318432862530     
   1.66500000000000        68.5542350263870     
   1.67000000000000        68.5765166087901     
   1.67500000000000        68.5986886686431     
   1.68000000000000        68.6207518374821     
   1.68500000000000        68.6427067430832     
   1.69000000000000        68.6645540095170     
   1.69500000000000        68.6862942571624     
   1.70000000000000        68.7079281027215     
   1.70500000000000        68.7294561592489     
   1.71000000000000        68.7508790361216     
   1.71500000000000        68.7721973390965     
   1.72000000000000        68.7934116702924     
   1.72500000000000        68.8145226933856     
   1.73000000000000        68.8355308658880     
   1.73500000000000        68.8564368575003     
   1.74000000000000        68.8772412508631     
   1.74500000000000        68.8979446298260     
   1.75000000000000        68.9185475632092     
   1.75500000000000        68.9390506503659     
   1.76000000000000        68.9594544523690     
   1.76500000000000        68.9797595393192     
   1.77000000000000        68.9999664778585     
   1.77500000000000        69.0200758310141     
   1.78000000000000        69.0400881583588     
   1.78500000000000        69.0600040160460     
   1.79000000000000        69.0798239567361     
   1.79500000000000        69.0995485296779     
   1.80000000000000        69.1191782806623     
   1.80500000000000        69.1387137520878     
   1.81000000000000        69.1581554828935     
   1.81500000000000        69.1775040087002     
   1.82000000000000        69.1967598616819     
   1.82500000000000        69.2159235707410     
   1.83000000000000        69.2349956614902     
   1.83500000000000        69.2539766562939     
   1.84000000000000        69.2728670742722     
   1.84500000000000        69.2916674312910     
   1.85000000000000        69.3103782400416     
   1.85500000000000        69.3290000099835     
   1.86000000000000        69.3475332473182     
   1.86500000000000        69.3659784550414     
   1.87000000000000        69.3843361329226     
   1.87500000000000        69.4026067774631     
   1.88000000000000        69.4207908820139     
   1.88500000000000        69.4388889367264     
   1.89000000000000        69.4569014287054     
   1.89500000000000        69.4748288306324     
   1.90000000000000        69.4926716470652     
   1.90500000000000        69.5104303432581     
   1.91000000000000        69.5281053945738     
   1.91500000000000        69.5456972733258     
   1.92000000000000        69.5632064486828     
   1.92500000000000        69.5806333867956     
   1.93000000000000        69.5979785400810     
   1.93500000000000        69.6152423904819     
   1.94000000000000        69.6324253831008     
   1.94500000000000        69.6495279720829     
   1.95000000000000        69.6665505979640     
   1.95500000000000        69.6834937308696     
   1.96000000000000        69.7003577930534     
   1.96500000000000        69.7171432506456     
   1.97000000000000        69.7338505310703     
   1.97500000000000        69.7504800719018     
   1.98000000000000        69.7670323078562     
   1.98500000000000        69.7835076707691     
   1.99000000000000        69.7999065896231     
   1.99500000000000        69.8162294904726     
   2.00000000000000        69.8324767856180     
   2.00500000000000        69.8486489176529     
   2.01000000000000        69.8647467342089     
   2.01500000000000        69.8807697300956     
   2.02000000000000        69.8967188231788     
   2.02500000000000        69.9125943977404     
   2.03000000000000        69.9283968745582     
   2.03500000000000        69.9441266428613     
   2.04000000000000        69.9597841034526     
   2.04500000000000        69.9753696557096     
   2.05000000000000        69.9908836967679     
   2.05500000000000        70.0063266213191     
   2.06000000000000        70.0216988213758     
   2.06500000000000        70.0370006861211     
   2.07000000000000        70.0522326019350     
   2.07500000000000        70.0673949523410     
   2.08000000000000        70.0824881183140     
   2.08500000000000        70.0975124783193     
   2.09000000000000        70.1124684086883     
   2.09500000000000        70.1273562836494     
   2.10000000000000        70.1421764755753     
   2.10500000000000        70.1569293548688     
   2.11000000000000        70.1716152898809     
   2.11500000000000        70.1862346467239     
   2.12000000000000        70.2007878534374     
   2.12500000000000        70.2152751355733     
   2.13000000000000        70.2296969277417     
   2.13500000000000        70.2440535800569     
   2.14000000000000        70.2583454444358     
   2.14500000000000        70.2725728696306     
   2.15000000000000        70.2867362028365     
   2.15500000000000        70.3008357783822     
   2.16000000000000        70.3148719630578     
   2.16500000000000        70.3288450871791     
   2.17000000000000        70.3427554923593     
   2.17500000000000        70.3566035185382     
   2.18000000000000        70.3703895035964     
   2.18500000000000        70.3841137829540     
   2.19000000000000        70.3977766890868     
   2.19500000000000        70.4113785512601     
   2.20000000000000        70.4249196954051     
   2.20500000000000        70.4384004443781     
   2.21000000000000        70.4518211183639     
   2.21500000000000        70.4651820355556     
   2.22000000000000        70.4784835128293     
   2.22500000000000        70.4917258662764     
   2.23000000000000        70.5049094116498     
   2.23500000000000        70.5180344641930     
   2.24000000000000        70.5311013275845     
   2.24500000000000        70.5441103367687     
   2.25000000000000        70.5570617901557     
   2.25500000000000        70.5699559949818     
   2.26000000000000        70.5827932545079     
   2.26500000000000        70.5955738677552     
   2.27000000000000        70.6082981299718     
   2.27500000000000        70.6209663333798     
   2.28000000000000        70.6335787683761     
   2.28500000000000        70.6461357247843     
   2.29000000000000        70.6586374928810     
   2.29500000000000        70.6710843639919     
   2.30000000000000        70.6834766304480     
   2.30500000000000        70.6958145848669     
   2.31000000000000        70.7080985188242     
   2.31500000000000        70.7203287211859     
   2.32000000000000        70.7325054766254     
   2.32500000000000        70.7446290644131     
   2.33000000000000        70.7566997580965     
   2.33500000000000        70.7687178151605     
   2.34000000000000        70.7806835226764     
   2.34500000000000        70.7925971314239     
   2.35000000000000        70.8044589051394     
   2.35500000000000        70.8162691099092     
   2.36000000000000        70.8280280153386     
   2.36500000000000        70.8397358944986     
   2.37000000000000        70.8513930226509     
   2.37500000000000        70.8629996748666     
   2.38000000000000        70.8745561122290     
   2.38500000000000        70.8860626231083     
   2.39000000000000        70.8975194532157     
   2.39500000000000        70.9089268517778     
   2.40000000000000        70.9202850599726     
   2.40500000000000        70.9315943135000     
   2.41000000000000        70.9428548463773     
   2.41500000000000        70.9540668950033     
   2.42000000000000        70.9652307016874     
   2.42500000000000        70.9763465168159     
   2.43000000000000        70.9874145986985     
   2.43500000000000        70.9984352112992     
   2.44000000000000        71.0094086199221     
   2.44500000000000        71.0203350859319     
   2.45000000000000        71.0312152983801     
   2.45500000000000        71.0420485903623     
   2.46000000000000        71.0528356812877     
   2.46500000000000        71.0635767684772     
   2.47000000000000        71.0742720456955     
   2.47500000000000        71.0849217104730     
   2.48000000000000        71.0955259671668     
   2.48500000000000        71.1060850971675     
   2.49000000000000        71.1165992005628     
   2.49500000000000        71.1270686028550     
   2.50000000000000        71.1374936252032     
   2.52500000000000        71.1888998562191     
   2.55000000000000        71.2391772853327     
   2.57500000000000        71.2883881145855     
   2.60000000000000        71.3365711209810     
   2.62500000000000        71.3837563013726     
   2.65000000000000        71.4299695453910     
   2.67500000000000        71.4752350423606     
   2.70000000000000        71.5195763384554     
   2.72500000000000        71.5630150130502     
   2.75000000000000        71.6055728213174     
   2.77500000000000        71.6472708687910     
   2.80000000000000        71.6881287080314     
   2.82500000000000        71.7281662640629     
   2.85000000000000        71.7674025302159     
   2.87500000000000        71.8058560027382     
   2.90000000000000        71.8435446602410     
   2.92500000000000        71.8804859762400     
   2.95000000000000        71.9166969455253     
   2.97500000000000        71.9521941012368     
   3.00000000000000        71.9869935260503     
   3.02500000000000        72.0211108680940     
   3.05000000000000        72.0545613570378     
   3.07500000000000        72.0873598171040     
   3.10000000000000        72.1195206792731     
   3.12500000000000        72.1510579944703     
   3.15000000000000        72.1819854458572     
   3.17500000000000        72.2123163600293     
   3.20000000000000        72.2420637183344     
   3.22500000000000        72.2712401675673     
   3.25000000000000        72.2998580304171     
   3.27500000000000        72.3279293153153     
   3.30000000000000        72.3554657262708     
   3.32500000000000        72.3824786717806     
   3.35000000000000        72.4089792742096     
   3.37500000000000        72.4349783780681     
   3.40000000000000        72.4604865584482     
   3.42500000000000        72.4855141290892     
   3.45000000000000        72.5100711501408     
   3.47500000000000        72.5341674354802     
   3.50000000000000        72.5578125601652     
   3.52500000000000        72.5810158671407     
   3.55000000000000        72.6037864742634     
   3.57500000000000        72.6261332805313     
   3.60000000000000        72.6480649191606     
   3.62500000000000        72.6695899761581     
   3.65000000000000        72.6907166761033     
   3.67500000000000        72.7114531071157     
   3.70000000000000        72.7318071646829     
   3.72500000000000        72.7517865600959     
   3.75000000000000        72.7713988253685     
   3.77500000000000        72.7906513187495     
   3.80000000000000        72.8095535056762     
   3.82500000000000        72.8281079035754     
   3.85000000000000        72.8463237383062     
   3.87500000000000        72.8642075558621     
   3.90000000000000        72.8817659030769     
   3.92500000000000        72.8990052024536     
   3.95000000000000        72.9159316743808     
   3.97500000000000        72.9325515625259     
   4.00000000000000        72.9488708032055     
   4.02500000000000        72.9648952600330     
   4.05000000000000        72.9806306634036     
   4.07500000000000        72.9960826169388     
   4.10000000000000        73.0112566014523     
   4.12500000000000        73.0261579782228     
   4.15000000000000        73.0407919922577     
   4.17500000000000        73.0551637753192     
   4.20000000000000        73.0692783485216     
   4.22500000000000        73.0831406254971     
   4.25000000000000        73.0967554147842     
   4.27500000000000        73.1101274226811     
   4.30000000000000        73.1232612556665     
   4.32500000000000        73.1361617482780     
   4.35000000000000        73.1488326695841     
   4.37500000000000        73.1612790056188     
   4.40000000000000        73.1735043183667     
   4.42500000000000        73.1855130894734     
   4.45000000000000        73.1973093533784     
   4.47500000000000        73.2088970842809     
   4.50000000000000        73.2202801757872     
   4.52500000000000        73.2314624411939     
   4.55000000000000        73.2424476149040     
   4.57500000000000        73.2532393546017     
   4.60000000000000        73.2638412431660     
   4.62500000000000        73.2742567906271     
   4.65000000000000        73.2844894358761     
   4.67500000000000        73.2945424936749     
   4.70000000000000        73.3044193739227     
   4.72500000000000        73.3141232015759     
   4.75000000000000        73.3236572573222     
   4.77500000000000        73.3330245931370     
   4.80000000000000        73.3422282577405     
   4.82500000000000        73.3512712360871     
   4.85000000000000        73.3601564539636     
   4.87500000000000        73.3688867792913     
   4.90000000000000        73.3774650238542     
   4.92500000000000        73.3858939442029     
   4.95000000000000        73.3941762430646     
   4.97500000000000        73.4023145703440     
   5.00000000000000        73.4103115243363     
   5.02500000000000        73.4181696530030     
   5.05000000000000        73.4258914547816     
   5.07500000000000        73.4334793799144     
   5.10000000000000        73.4409358312989     
   5.12500000000000        73.4482631657334     
   5.15000000000000        73.4554636945941     
   5.17500000000000        73.4625419558659     
   5.20000000000000        73.4694956842207     
   5.22500000000000        73.4763297302690     
   5.25000000000000        73.4830454316499     
   5.27500000000000        73.4896452159193     
   5.30000000000000        73.4961311318958     
   5.32500000000000        73.5025051557040     
   5.35000000000000        73.5087693301547     
   5.37500000000000        73.5149256594471     
   5.40000000000000        73.5209782721099     
   5.42500000000000        73.5269245596744     
   5.45000000000000        73.5327687038671     
   5.47500000000000        73.5385123499826     
   5.50000000000000        73.5441572587460     
   5.52500000000000        73.5497051802062     
   5.55000000000000        73.5551578292012     
   5.57500000000000        73.5605168854792     
   5.60000000000000        73.5657839953393     
   5.62500000000000        73.5709607729750     
   5.65000000000000        73.5760488018717     
   5.67500000000000        73.5810496359720     
   5.70000000000000        73.5859648000658     
   5.72500000000000        73.5907957909224     
   5.75000000000000        73.5955440775559     
   5.77500000000000        73.6002111020957     
   5.80000000000000        73.6047982804258     
   5.82500000000000        73.6093070022927     
   5.85000000000000        73.6137385771633     
   5.87500000000000        73.6180944540979     
   5.90000000000000        73.6223758913737     
   5.92500000000000        73.6265841840487     
   5.95000000000000        73.6307206004244     
   5.97500000000000        73.6347863853767     
   6.00000000000000        73.6387827615429     
   6.02500000000000        73.6427109293258     
   6.05000000000000        73.6465720676622     
   6.07500000000000        73.6503673344343     
   6.10000000000000        73.6540978665436     
   6.12500000000000        73.6577647805982     
   6.15000000000000        73.6613691732498     
   6.17500000000000        73.6649121215064     
   6.20000000000000        73.6683950076155     
   6.22500000000000        73.6718182276901     
   6.25000000000000        73.6751831389148     
   6.27500000000000        73.6784907198270     
   6.30000000000000        73.6817419543104     
   6.32500000000000        73.6849381352795     
   6.35000000000000        73.6880795711818     
   6.37500000000000        73.6911675326374     
   6.40000000000000        73.6942029128462     
   6.42500000000000        73.6971866118887     
   6.45000000000000        73.7001195157485     
   6.47500000000000        73.7030024947223     
   6.50000000000000        73.7058364030661     
   6.52500000000000        73.7086220797654     
   6.55000000000000        73.7113603486983     
   6.57500000000000        73.7140520191928     
   6.60000000000000        73.7166982107519     
   6.62500000000000        73.7192990617987     
   6.65000000000000        73.7218556762934     
   6.67500000000000        73.7243687843941     
   6.70000000000000        73.7268394508076     
   6.72500000000000        73.7292677621159     
   6.75000000000000        73.7316547714176     
   6.77500000000000        73.7340011584265     
   6.80000000000000        73.7363076135588     
   6.82500000000000        73.7385748168386     
   6.85000000000000        73.7408034363202     
   6.87500000000000        73.7429941279296     
   6.90000000000000        73.7451475357146     
   6.92500000000000        73.7472642923299     
   6.95000000000000        73.7493450192686     
   6.97500000000000        73.7513906516991     
   7.00000000000000        73.7534011471460     
   7.02500000000000        73.7553774318578     
   7.05000000000000        73.7573200615335     
   7.07500000000000        73.7592296051647     
   7.10000000000000        73.7611066237386     
   7.12500000000000        73.7629516686120     
   7.15000000000000        73.7647652809714     
   7.17500000000000        73.7665479372162     
   7.20000000000000        73.7683002692278     
   7.22500000000000        73.7700227328991     
   7.25000000000000        73.7717158360176     
   7.27500000000000        73.7733800741726     
   7.30000000000000        73.7750159341750     
   7.32500000000000        73.7766238943776     
   7.35000000000000        73.7782044249111     
   7.37500000000000        73.7797579879851     
   7.40000000000000        73.7812850379270     
   7.42500000000000        73.7827860212558     
   7.45000000000000        73.7842613767983     
   7.47500000000000        73.7857115359300     
   7.50000000000000        73.7871369226909     
   7.52500000000000        73.7885379537958     
   7.55000000000000        73.7899150389362     
   7.57500000000000        73.7912685807321     
   7.60000000000000        73.7925989748951     
   7.62500000000000        73.7939066104806     
   7.65000000000000        73.7951918698612     
   7.67500000000000        73.7964551288468     
   7.70000000000000        73.7976967569585     
   7.72500000000000        73.7989171172706     
   7.75000000000000        73.8001165109666     
   7.77500000000000        73.8012953998766     
   7.80000000000000        73.8024540709599     
   7.82500000000000        73.8035928668233     
   7.85000000000000        73.8047121210844     
   7.87500000000000        73.8058124853647     
   7.90000000000000        73.8068936394258     
   7.92500000000000        73.8079562360455     
   7.95000000000000        73.8090005628375     
   7.97500000000000        73.8100269252272     
   8.00000000000000        73.8110355693854     
   8.02500000000000        73.8120269039914     
   8.05000000000000        73.8130011622266     
   8.07500000000000        73.8139586341189     
   8.10000000000000        73.8148996011338     
   8.12500000000000        73.8158242809444     
   8.15000000000000        73.8167330030983     
   8.17500000000000        73.8176260890738     
   8.20000000000000        73.8185037443386     
   8.22500000000000        73.8193662310493     
   8.25000000000000        73.8202138027466     
   8.27500000000000        73.8210466522757     
   8.30000000000000        73.8218651355824     
   8.32500000000000        73.8226694352847     
   8.35000000000000        73.8234597918019     
   8.37500000000000        73.8242367624492     
   8.40000000000000        73.8249999338429     
   8.42500000000000        73.8257498671541     
   8.45000000000000        73.8264867599562     
   8.47500000000000        73.8272108293783     
   8.50000000000000        73.8279222908611     
   8.52500000000000        73.8286213561580     
   8.55000000000000        73.8293082329763     
   8.57500000000000        73.8299831252125     
   8.60000000000000        73.8306462331046     
   8.62500000000000        73.8312977534229     
   8.65000000000000        73.8319378796116     
   8.67500000000000        73.8325668017377     
   8.70000000000000        73.8331847067029     
   8.72500000000000        73.8337917782040     
   8.75000000000000        73.8343881968021     
   8.77500000000000        73.8349741401311     
   8.80000000000000        73.8355497828588     
   8.82500000000000        73.8361152965331     
   8.85000000000000        73.8366708499865     
   8.87500000000000        73.8372166091547     
   8.90000000000000        73.8377527372043     
   8.92500000000000        73.8382793945561     
   8.95000000000000        73.8387967389809     
   8.97500000000000        73.8393049255585     
   9.00000000000000        73.8398044311161     
   9.02500000000000        73.8402950875618     
   9.05000000000000        73.8407767368244     
   9.07500000000000        73.8412498363796     
   9.10000000000000        73.8417145048018     
   9.12500000000000        73.8421708270330     
   9.15000000000000        73.8426190556242     
   9.17500000000000        73.8430592700418     
   9.20000000000000        73.8434916085474     
   9.22500000000000        73.8439162032673     
   9.25000000000000        73.8443331833947     
   9.27500000000000        73.8447426756741     
   9.30000000000000        73.8451448048012     
   9.32500000000000        73.8455396932279     
   9.35000000000000        73.8459274614164     
   9.37500000000000        73.8463082278519     
   9.40000000000000        73.8466821089597     
   9.42500000000000        73.8470492191850     
   9.45000000000000        73.8474096712005     
   9.47500000000000        73.8477635756718     
   9.50000000000000        73.8481110413618     
   9.52500000000000        73.8484521753916     
   9.55000000000000        73.8487870829783     
   9.57500000000000        73.8491158676409     
   9.60000000000000        73.8494385745416     
   9.62500000000000        73.8497553610612     
   9.65000000000000        73.8500663757557     
   9.67500000000000        73.8503716623619     
   9.70000000000000        73.8506713197354     
   9.72500000000000        73.8509654412894     
   9.75000000000000        73.8512541185494     
   9.77500000000000        73.8515374416241     
   9.80000000000000        73.8518154992187     
   9.82500000000000        73.8520883786609     
   9.85000000000000        73.8523561658836     
   9.87500000000000        73.8526189453981     
   9.90000000000000        73.8528768002676     
   9.92500000000000        73.8531298123745     
   9.95000000000000        73.8533780619797     
   9.97500000000000        73.8536216282470     
   10.0000000000000        73.8538605888813     
   10.0250000000000        73.8540950203752     
   10.0500000000000        73.8543249979251     
   10.0750000000000        73.8545505953705     
   10.1000000000000        73.8547718854881     
   10.1250000000000        73.8549889397620     
   10.1500000000000        73.8552018285024     
   10.1750000000000        73.8554105664064     
   10.2000000000000        73.8556153293538     
   10.2250000000000        73.8558161279695     
   10.2500000000000        73.8560130314303     
   10.2750000000000        73.8562061045444     
   10.3000000000000        73.8563954106085     
   10.3250000000000        73.8565810120040     
   10.3500000000000        73.8567629700137     
   10.3750000000000        73.8569413450061     
   10.4000000000000        73.8571161963822     
   10.4250000000000        73.8572875825430     
   10.4500000000000        73.8574555610149     
   10.4750000000000        73.8576201882151     
   10.5000000000000        73.8577815197942     
   10.5250000000000        73.8579396103577     
   10.5500000000000        73.8580945137288     
   10.5750000000000        73.8582466069943     
   10.6000000000000        73.8583953001020     
   10.6250000000000        73.8585409803292     
   10.6500000000000        73.8586836744127     
   10.6750000000000        73.8588234314059     
   10.7000000000000        73.8589603013770     
   10.7250000000000        73.8590943336795     
   10.7500000000000        73.8592255761101     
   10.7750000000000        73.8593540755143     
   10.8000000000000        73.8594798777389     
   10.8250000000000        73.8596030276972     
   10.8500000000000        73.8597235695087     
   10.8750000000000        73.8598415464650     
   10.9000000000000        73.8599570011579     
   10.9250000000000        73.8600699183336     
   10.9500000000000        73.8601803969091     
   10.9750000000000        73.8602888526066     
   11.0000000000000        73.8603946292713     
   11.0250000000000        73.8604981059690     
   11.0500000000000        73.8605992974857     
   11.0750000000000        73.8606982408829     
   11.1000000000000        73.8607949744496     
   11.1250000000000        73.8608895359607     
   11.1500000000000        73.8609819073238     
   11.1750000000000        73.8610722331192     
   11.2000000000000        73.8611604917702     
   11.2250000000000        73.8612467211384     
   11.2500000000000        73.8613309013343     
   11.2750000000000        73.8614131717382     
   11.3000000000000        73.8614935094854     
   11.3250000000000        73.8615719496491     
   11.3500000000000        73.8616485238493     
   11.3750000000000        73.8617232627539     
   11.4000000000000        73.8617961965273     
   11.4250000000000        73.8618673549478     
   11.4500000000000        73.8619367121247     
   11.4750000000000        73.8620044063847     
   11.5000000000000        73.8620704091499     
   11.5250000000000        73.8621347517294     
   11.5500000000000        73.8621974619602     
   11.5750000000000        73.8622585665345     
   11.6000000000000        73.8623180918926     
   11.6250000000000        73.8623760640617     
   11.6500000000000        73.8624325087029     
   11.6750000000000        73.8624877753990     
   11.7000000000000        73.8625412469079     
   11.7250000000000        73.8625932838365     
   11.7500000000000        73.8626438867314     
   11.7750000000000        73.8626930788482     
   11.8000000000000        73.8627408849414     
   11.8250000000000        73.8627873294001     
   11.8500000000000        73.8628324355940     
   11.8750000000000        73.8628762263088     
   11.9000000000000        73.8629187235591     
   11.9250000000000        73.8629599490784     
   11.9500000000000        73.8629998680724     
   11.9750000000000        73.8630386123246     
   12.0000000000000        73.8630761443396     
   12.0250000000000        73.8631124876956     
   12.0500000000000        73.8631476623362     
   12.0750000000000        73.8631816874044     
   12.1000000000000        73.8632145817340     
   12.1250000000000        73.8632463639892     
   12.1500000000000        73.8632770524540     
   12.1750000000000        73.8633066651798     
   12.2000000000000        73.8633352200018     
   12.2250000000000        73.8633627344124     
   12.2500000000000        73.8633892255676     
   12.2750000000000        73.8634146559519     
   12.3000000000000        73.8634391503072     
   12.3250000000000        73.8634626687169     
   12.3500000000000        73.8634852306838     
   12.3750000000000        73.8635068522538     
   12.4000000000000        73.8635275487319     
   12.4250000000000        73.8635473353372     
   12.4500000000000        73.8635662269080     
   12.4750000000000        73.8635842382190     
   12.5000000000000        73.8636013837785     
