# time[s]   eps[1/s]   eps_tail[1/s]   eps_shape[1/s]   eps_tail_shape[1/s]
   5.0000000E-01   2.9690062E-02   4.5555717E-02   8.1245185E-03   4.1987225E-02
   7.5000000E-01   1.1555537E-02   3.0698204E-02   1.9994109E-03   2.9480786E-02
   1.0000000E+00   7.0082068E-03   2.6430893E-02   8.6979342E-04   2.5834638E-02
   1.2500000E+00   5.0564626E-03   2.2928325E-02   5.1246484E-04   2.2562478E-02
   1.5000000E+00   3.9766791E-03   1.9643092E-02   3.6542345E-04   1.9387450E-02
   1.7500000E+00   3.2647422E-03   1.6686028E-02   2.8850936E-04   1.6493869E-02
   2.0000000E+00   2.7331372E-03   1.4114087E-02   2.3950529E-04   1.3964002E-02
   2.2500000E+00   2.3058725E-03   1.1917588E-02   2.0348607E-04   1.1798062E-02
   2.5000000E+00   1.9481889E-03   1.0057300E-02   1.7451281E-04   9.9613943E-03
   3.7500000E+00   1.1901763E-03   6.2142778E-03   1.1164851E-04   6.1604659E-03
   5.0000000E+00   4.6721602E-04   2.6730410E-03   5.1805119E-05   2.6584778E-03
   6.2500000E+00   1.4654165E-04   1.1493392E-03   2.3427705E-05   1.1478088E-03
   7.5000000E+00   1.1756073E-05   4.9481510E-04   1.0868426E-05   4.9366598E-04
   8.7500000E+00   5.6712507E-05   2.2251614E-04   5.4071335E-06   2.1002827E-04
   1.0000000E+01   8.2954701E-05   1.2563802E-04   3.0736867E-06   8.7007671E-05
   1.1250000E+01   9.4427176E-05   1.0371440E-04   2.1050801E-06   3.3729033E-05
   1.2500000E+01   9.9431792E-05   1.0192271E-04   1.7156302E-06   1.1009251E-05
