  5.000000000000000E-003   20.7685326583533     
  1.000000000000000E-002   20.7805724313153     
  1.500000000000000E-002   20.7914946950433     
  2.000000000000000E-002   20.8014215900843     
  2.500000000000000E-002   20.8104643064738     
  3.000000000000000E-002   20.8187231164863     
  3.500000000000000E-002   20.8262874603619     
  4.000000000000000E-002   20.8332364760386     
  4.500000000000000E-002   20.8396398337805     
  5.000000000000000E-002   20.8455587019741     
  5.500000000000000E-002   20.8510467263940     
  6.000000000000000E-002   20.8561509573498     
  6.500000000000000E-002   20.8609126938514     
  7.000000000000001E-002   20.8653682344282     
  7.500000000000000E-002   20.8695495386383     
  8.000000000000000E-002   20.8734847855968     
  8.500000000000001E-002   20.8771988896625     
  9.000000000000000E-002   20.8807139116139     
  9.500000000000000E-002   20.8840494298836     
  0.100000000000000        20.8872228559949     
  0.105000000000000        20.8902497065258     
  0.110000000000000        20.8931438373945     
  0.115000000000000        20.8959176461201     
  0.120000000000000        20.8985822466743     
  0.125000000000000        20.9011476209336     
  0.130000000000000        20.9036227501104     
  0.135000000000000        20.9060157290419     
  0.140000000000000        20.9083338657763     
  0.145000000000000        20.9105837685264     
  0.150000000000000        20.9127714217529     
  0.155000000000000        20.9149022528700     
  0.160000000000000        20.9169811908520     
  0.165000000000000        20.9190127178265     
  0.170000000000000        20.9210009145856     
  0.175000000000000        20.9229495008089     
  0.180000000000000        20.9248618706841     
  0.185000000000000        20.9267411245105     
  0.190000000000000        20.9285900967910     
  0.195000000000000        20.9304113812500     
  0.200000000000000        20.9322073531528     
  0.205000000000000        20.9339801892518     
  0.210000000000000        20.9357318851761     
  0.215000000000000        20.9374642733709     
  0.220000000000000        20.9391790345701     
  0.225000000000000        20.9408777126689     
  0.230000000000000        20.9425617259846     
  0.235000000000000        20.9442323777341     
  0.240000000000000        20.9458908655821     
  0.245000000000000        20.9475382902646     
  0.250000000000000        20.9491756634178     
  0.255000000000000        20.9508039146898     
  0.260000000000000        20.9524238977131     
  0.265000000000000        20.9540363980081     
  0.270000000000000        20.9556421353133     
  0.275000000000000        20.9572417705082     
  0.280000000000000        20.9588359129634     
  0.285000000000000        20.9604251110077     
  0.290000000000000        20.9620098769211     
  0.295000000000000        20.9635906754318     
  0.300000000000000        20.9651679344983     
  0.305000000000000        20.9667420376103     
  0.310000000000000        20.9683133342197     
  0.315000000000000        20.9698821484764     
  0.320000000000000        20.9714487703204     
  0.325000000000000        20.9730134636395     
  0.330000000000000        20.9745764649815     
  0.335000000000000        20.9761379869681     
  0.340000000000000        20.9776982215721     
  0.345000000000000        20.9792573385405     
  0.350000000000000        20.9808154884092     
  0.355000000000000        20.9823728088250     
  0.360000000000000        20.9839294087999     
  0.365000000000000        20.9854853935079     
  0.370000000000000        20.9870408497445     
  0.375000000000000        20.9885958512266     
  0.380000000000000        20.9901504592744     
  0.385000000000000        20.9917047237913     
  0.390000000000000        20.9932586835490     
  0.395000000000000        20.9948123690672     
  0.400000000000000        20.9963658001631     
  0.405000000000000        20.9979189887243     
  0.410000000000000        20.9994719388866     
  0.415000000000000        21.0010246475695     
  0.420000000000000        21.0025771050517     
  0.425000000000000        21.0041292954845     
  0.430000000000000        21.0056811973825     
  0.435000000000000        21.0072327840789     
  0.440000000000000        21.0087840241547     
  0.445000000000000        21.0103348818388     
  0.450000000000000        21.0118853173844     
  0.455000000000000        21.0134352874209     
  0.460000000000000        21.0149847452843     
  0.465000000000000        21.0165336413260     
  0.470000000000000        21.0180819232040     
  0.475000000000000        21.0196295361535     
  0.480000000000000        21.0211764232424     
  0.485000000000000        21.0227225256087     
  0.490000000000000        21.0242677826849     
  0.495000000000000        21.0258121324071     
  0.500000000000000        21.0273555114104     
  0.505000000000000        21.0288978552124     
  0.510000000000000        21.0304390983845     
  0.515000000000000        21.0319791747117     
  0.520000000000000        21.0335180173443     
  0.525000000000000        21.0350555589344     
  0.530000000000000        21.0365917317698     
  0.535000000000000        21.0381264678936     
  0.540000000000000        21.0396596992194     
  0.545000000000000        21.0411913576354     
  0.550000000000000        21.0427213751041     
  0.555000000000000        21.0442496837529     
  0.560000000000000        21.0457762159596     
  0.565000000000000        21.0473009079761     
  0.570000000000000        21.0488236854314     
  0.575000000000000        21.0503444895687     
  0.580000000000000        21.0518632468246     
  0.585000000000000        21.0533798960662     
  0.590000000000000        21.0548943760023     
  0.595000000000000        21.0564066151935     
  0.600000000000000        21.0579165545061     
  0.605000000000000        21.0594241313094     
  0.610000000000000        21.0609292840016     
  0.615000000000000        21.0624319517590     
  0.620000000000000        21.0639320746623     
  0.625000000000000        21.0654295936910     
  0.630000000000000        21.0669244507589     
  0.635000000000000        21.0684165887321     
  0.640000000000000        21.0699059514484     
  0.645000000000000        21.0713924837356     
  0.650000000000000        21.0728761308627     
  0.655000000000000        21.0743568402537     
  0.660000000000000        21.0758345603889     
  0.665000000000000        21.0773092395608     
  0.670000000000000        21.0787808277077     
  0.675000000000000        21.0802492758427     
  0.680000000000000        21.0817145360228     
  0.685000000000000        21.0831765613638     
  0.690000000000000        21.0846353060383     
  0.695000000000000        21.0860907252760     
  0.700000000000000        21.0875427753635     
  0.705000000000000        21.0889914136417     
  0.710000000000000        21.0904366021794     
  0.715000000000000        21.0918782926881     
  0.720000000000000        21.0933164498782     
  0.725000000000000        21.0947510350931     
  0.730000000000000        21.0961820109332     
  0.735000000000000        21.0976093409483     
  0.740000000000000        21.0990329897306     
  0.745000000000000        21.1004529265787     
  0.750000000000000        21.1018691364997     
  0.755000000000000        21.1032815370119     
  0.760000000000000        21.1046901248045     
  0.765000000000000        21.1060948696261     
  0.770000000000000        21.1074957418247     
  0.775000000000000        21.1088927128175     
  0.780000000000000        21.1102857549343     
  0.785000000000000        21.1116748414521     
  0.790000000000000        21.1130599465648     
  0.795000000000000        21.1144410453744     
  0.800000000000000        21.1158181138754     
  0.805000000000000        21.1171911283758     
  0.810000000000000        21.1185600677741     
  0.815000000000000        21.1199249100900     
  0.820000000000000        21.1212856347298     
  0.825000000000000        21.1226422219682     
  0.830000000000000        21.1239946528792     
  0.835000000000000        21.1253429093428     
  0.840000000000000        21.1266869740259     
  0.845000000000000        21.1280268303703     
  0.850000000000000        21.1293624625792     
  0.855000000000000        21.1306938556050     
  0.860000000000000        21.1320209951358     
  0.865000000000000        21.1333438675826     
  0.870000000000000        21.1346624600666     
  0.875000000000000        21.1359767604052     
  0.880000000000000        21.1372867571004     
  0.885000000000000        21.1385924393258     
  0.890000000000000        21.1398937969142     
  0.895000000000000        21.1411908203442     
  0.900000000000000        21.1424835001243     
  0.905000000000000        21.1437718292219     
  0.910000000000000        21.1450557993659     
  0.915000000000000        21.1463354034680     
  0.920000000000000        21.1476106350654     
  0.925000000000000        21.1488814882532     
  0.930000000000000        21.1501479576935     
  0.935000000000000        21.1514100380068     
  0.940000000000000        21.1526677261438     
  0.945000000000000        21.1539210171919     
  0.950000000000000        21.1551699091143     
  0.955000000000000        21.1564143986191     
  0.960000000000000        21.1576544834638     
  0.965000000000000        21.1588901619319     
  0.970000000000000        21.1601214327621     
  0.975000000000000        21.1613482945849     
  0.980000000000000        21.1625707482291     
  0.985000000000000        21.1637887932066     
  0.990000000000000        21.1650024300153     
  0.995000000000000        21.1662116596132     
   1.00000000000000        21.1674164833537     
   1.00500000000000        21.1686169029968     
   1.01000000000000        21.1698129206917     
   1.01500000000000        21.1710045389709     
   1.02000000000000        21.1721917601447     
   1.02500000000000        21.1733745886919     
   1.03000000000000        21.1745530276342     
   1.03500000000000        21.1757270809136     
   1.04000000000000        21.1768967528469     
   1.04500000000000        21.1780620480680     
   1.05000000000000        21.1792229715349     
   1.05500000000000        21.1803795285163     
   1.06000000000000        21.1815317245863     
   1.06500000000000        21.1826795650143     
   1.07000000000000        21.1838230571819     
   1.07500000000000        21.1849622069212     
   1.08000000000000        21.1860970209168     
   1.08500000000000        21.1872275101229     
   1.09000000000000        21.1883536728745     
   1.09500000000000        21.1894755224180     
   1.10000000000000        21.1905930656770     
   1.10500000000000        21.1917063106491     
   1.11000000000000        21.1928152655234     
   1.11500000000000        21.1939199387290     
   1.12000000000000        21.1950203389096     
   1.12500000000000        21.1961164749214     
   1.13000000000000        21.1972083558279     
   1.13500000000000        21.1982959908919     
   1.14000000000000        21.1993793895703     
   1.14500000000000        21.2004585615074     
   1.15000000000000        21.2015335165311     
   1.15500000000000        21.2026042646440     
   1.16000000000000        21.2036708160205     
   1.16500000000000        21.2047331810015     
   1.17000000000000        21.2057913700871     
   1.17500000000000        21.2068453939328     
   1.18000000000000        21.2078952633432     
   1.18500000000000        21.2089409892701     
   1.19000000000000        21.2099825828037     
   1.19500000000000        21.2110200551694     
   1.20000000000000        21.2120534177247     
   1.20500000000000        21.2130826819520     
   1.21000000000000        21.2141078594560     
   1.21500000000000        21.2151289619589     
   1.22000000000000        21.2161460012954     
   1.22500000000000        21.2171589894087     
   1.23000000000000        21.2181679377391     
   1.23500000000000        21.2191728596730     
   1.24000000000000        21.2201737668422     
   1.24500000000000        21.2211706709367     
   1.25000000000000        21.2221635856589     
   1.25500000000000        21.2231525222647     
   1.26000000000000        21.2241374946006     
   1.26500000000000        21.2251185147166     
   1.27000000000000        21.2260955953325     
   1.27500000000000        21.2270687492801     
   1.28000000000000        21.2280379894469     
   1.28500000000000        21.2290033281622     
   1.29000000000000        21.2299647797164     
   1.29500000000000        21.2309223565516     
   1.30000000000000        21.2318760717722     
   1.30500000000000        21.2328259385724     
   1.31000000000000        21.2337719701838     
   1.31500000000000        21.2347141798897     
   1.32000000000000        21.2356525810158     
   1.32500000000000        21.2365871869298     
   1.33000000000000        21.2375180110399     
   1.33500000000000        21.2384450667903     
   1.34000000000000        21.2393683676588     
   1.34500000000000        21.2402879271561     
   1.35000000000000        21.2412037588218     
   1.35500000000000        21.2421158755811     
   1.36000000000000        21.2430242923314     
   1.36500000000000        21.2439290220391     
   1.37000000000000        21.2448300783131     
   1.37500000000000        21.2457274748171     
   1.38000000000000        21.2466212252202     
   1.38500000000000        21.2475113432093     
   1.39000000000000        21.2483978424827     
   1.39500000000000        21.2492807367494     
   1.40000000000000        21.2501600397276     
   1.40500000000000        21.2510357651429     
   1.41000000000000        21.2519079260882     
   1.41500000000000        21.2527765375921     
   1.42000000000000        21.2536416127475     
   1.42500000000000        21.2545031652647     
   1.43000000000000        21.2553612082444     
   1.43500000000000        21.2562157567272     
   1.44000000000000        21.2570668237920     
   1.44500000000000        21.2579144231356     
   1.45000000000000        21.2587585684841     
   1.45500000000000        21.2595992735434     
   1.46000000000000        21.2604365520124     
   1.46500000000000        21.2612704217519     
   1.47000000000000        21.2621008877535     
   1.47500000000000        21.2629279683608     
   1.48000000000000        21.2637516770352     
   1.48500000000000        21.2645720274610     
   1.49000000000000        21.2653890332247     
   1.49500000000000        21.2662027079246     
   1.50000000000000        21.2670130693197     
   1.50500000000000        21.2678201222501     
   1.51000000000000        21.2686238849443     
   1.51500000000000        21.2694243707283     
   1.52000000000000        21.2702215931428     
   1.52500000000000        21.2710155656263     
   1.53000000000000        21.2718063016189     
   1.53500000000000        21.2725938145289     
   1.54000000000000        21.2733781177397     
   1.54500000000000        21.2741592246085     
   1.55000000000000        21.2749371484649     
   1.55500000000000        21.2757119026067     
   1.56000000000000        21.2764835003055     
   1.56500000000000        21.2772519844538     
   1.57000000000000        21.2780173067090     
   1.57500000000000        21.2787795122778     
   1.58000000000000        21.2795386151675     
   1.58500000000000        21.2802946276746     
   1.59000000000000        21.2810475628448     
   1.59500000000000        21.2817974379208     
   1.60000000000000        21.2825442570975     
   1.60500000000000        21.2832880380658     
   1.61000000000000        21.2840287935633     
   1.61500000000000        21.2847665365334     
   1.62000000000000        21.2855012798045     
   1.62500000000000        21.2862330361974     
   1.63000000000000        21.2869618184863     
   1.63500000000000        21.2876876436606     
   1.64000000000000        21.2884105155988     
   1.64500000000000        21.2891304517177     
   1.65000000000000        21.2898474644561     
   1.65500000000000        21.2905615664567     
   1.66000000000000        21.2912727702405     
   1.66500000000000        21.2919810883177     
   1.67000000000000        21.2926865331482     
   1.67500000000000        21.2933891171558     
   1.68000000000000        21.2940888527195     
   1.68500000000000        21.2947857521792     
   1.69000000000000        21.2954798278314     
   1.69500000000000        21.2961710919304     
   1.70000000000000        21.2968595566877     
   1.70500000000000        21.2975452342722     
   1.71000000000000        21.2982281368106     
   1.71500000000000        21.2989082763857     
   1.72000000000000        21.2995856650372     
   1.72500000000000        21.3002603147611     
   1.73000000000000        21.3009322417921     
   1.73500000000000        21.3016014491440     
   1.74000000000000        21.3022679534635     
   1.74500000000000        21.3029317663808     
   1.75000000000000        21.3035928997229     
   1.75500000000000        21.3042513645250     
   1.76000000000000        21.3049071738221     
   1.76500000000000        21.3055603385749     
   1.77000000000000        21.3062108703463     
   1.77500000000000        21.3068587806920     
   1.78000000000000        21.3075040811090     
   1.78500000000000        21.3081467830542     
   1.79000000000000        21.3087868979390     
   1.79500000000000        21.3094244371280     
   1.80000000000000        21.3100594119407     
   1.80500000000000        21.3106918336492     
   1.81000000000000        21.3113217134801     
   1.81500000000000        21.3119490626113     
   1.82000000000000        21.3125738921766     
   1.82500000000000        21.3131962132601     
   1.83000000000000        21.3138160369018     
   1.83500000000000        21.3144333740963     
   1.84000000000000        21.3150482357936     
   1.84500000000000        21.3156606328987     
   1.85000000000000        21.3162705762704     
   1.85500000000000        21.3168780767237     
   1.86000000000000        21.3174831450276     
   1.86500000000000        21.3180857919034     
   1.87000000000000        21.3186860280263     
   1.87500000000000        21.3192838640245     
   1.88000000000000        21.3198793104764     
   1.88500000000000        21.3204723779150     
   1.89000000000000        21.3210630768248     
   1.89500000000000        21.3216514176464     
   1.90000000000000        21.3222374100829     
   1.90500000000000        21.3228210658906     
   1.91000000000000        21.3234023946794     
   1.91500000000000        21.3239814066892     
   1.92000000000000        21.3245581121516     
   1.92500000000000        21.3251325212402     
   1.93000000000000        21.3257046440866     
   1.93500000000000        21.3262744901068     
   1.94000000000000        21.3268420706852     
   1.94500000000000        21.3274073951388     
   1.95000000000000        21.3279704733792     
   1.95500000000000        21.3285313146421     
   1.96000000000000        21.3290899301246     
   1.96500000000000        21.3296463282719     
   1.97000000000000        21.3302005202236     
   1.97500000000000        21.3307525150174     
   1.98000000000000        21.3313023223097     
   1.98500000000000        21.3318499517538     
   1.99000000000000        21.3323954129466     
   1.99500000000000        21.3329387154431     
   2.00000000000000        21.3334798687487     
   2.00500000000000        21.3340188816415     
   2.01000000000000        21.3345557649028     
   2.01500000000000        21.3350905579199     
   2.02000000000000        21.3356232070811     
   2.02500000000000        21.3361537539377     
   2.03000000000000        21.3366822072272     
   2.03500000000000        21.3372085774178     
   2.04000000000000        21.3377328729652     
   2.04500000000000        21.3382551029313     
   2.05000000000000        21.3387752763928     
   2.05500000000000        21.3392934023747     
   2.06000000000000        21.3398094898651     
   2.06500000000000        21.3403235478039     
   2.07000000000000        21.3408355850805     
   2.07500000000000        21.3413456105346     
   2.08000000000000        21.3418536329540     
   2.08500000000000        21.3423596610834     
   2.09000000000000        21.3428637036251     
   2.09500000000000        21.3433657692500     
   2.10000000000000        21.3438658665977     
   2.10500000000000        21.3443640042839     
   2.11000000000000        21.3448601908967     
   2.11500000000000        21.3453544349932     
   2.12000000000000        21.3458467450943     
   2.12500000000000        21.3463371340770     
   2.13000000000000        21.3468256012390     
   2.13500000000000        21.3473121598388     
   2.14000000000000        21.3477968179914     
   2.14500000000000        21.3482795840010     
   2.15000000000000        21.3487604660405     
   2.15500000000000        21.3492394722739     
   2.16000000000000        21.3497166101347     
   2.16500000000000        21.3501918891474     
   2.17000000000000        21.3506653167143     
   2.17500000000000        21.3511369008996     
   2.18000000000000        21.3516066497824     
   2.18500000000000        21.3520745713976     
   2.19000000000000        21.3525406737372     
   2.19500000000000        21.3530049647302     
   2.20000000000000        21.3534674522352     
   2.20500000000000        21.3539281440362     
   2.21000000000000        21.3543870478493     
   2.21500000000000        21.3548441713355     
   2.22000000000000        21.3552995221201     
   2.22500000000000        21.3557531078131     
   2.23000000000000        21.3562049360250     
   2.23500000000000        21.3566550143805     
   2.24000000000000        21.3571033505127     
   2.24500000000000        21.3575499513686     
   2.25000000000000        21.3579948259419     
   2.25500000000000        21.3584379811014     
   2.26000000000000        21.3588794242985     
   2.26500000000000        21.3593191629254     
   2.27000000000000        21.3597572042590     
   2.27500000000000        21.3601935554888     
   2.28000000000000        21.3606282237331     
   2.28500000000000        21.3610612160774     
   2.29000000000000        21.3614925396108     
   2.29500000000000        21.3619222014579     
   2.30000000000000        21.3623502087965     
   2.30500000000000        21.3627765688561     
   2.31000000000000        21.3632012888965     
   2.31500000000000        21.3636243761668     
   2.32000000000000        21.3640458378545     
   2.32500000000000        21.3644656810400     
   2.33000000000000        21.3648839126590     
   2.33500000000000        21.3653005394924     
   2.34000000000000        21.3657155674850     
   2.34500000000000        21.3661290045964     
   2.35000000000000        21.3665408566388     
   2.35500000000000        21.3669511301362     
   2.36000000000000        21.3673598317413     
   2.36500000000000        21.3677669682247     
   2.37000000000000        21.3681725464864     
   2.37500000000000        21.3685765735121     
   2.38000000000000        21.3689790563010     
   2.38500000000000        21.3693800010768     
   2.39000000000000        21.3697794160117     
   2.39500000000000        21.3701773069291     
   2.40000000000000        21.3705736800754     
   2.40500000000000        21.3709685415046     
   2.41000000000000        21.3713618971101     
   2.41500000000000        21.3717537527545     
   2.42000000000000        21.3721441143886     
   2.42500000000000        21.3725329881619     
   2.43000000000000        21.3729203804891     
   2.43500000000000        21.3733062980456     
   2.44000000000000        21.3736907476986     
   2.44500000000000        21.3740737363737     
   2.45000000000000        21.3744552708927     
   2.45500000000000        21.3748353892218     
   2.46000000000000        21.3752140332745     
   2.46500000000000        21.3755912416708     
   2.47000000000000        21.3759670199406     
   2.47500000000000        21.3763413730478     
   2.48000000000000        21.3767143060146     
   2.48500000000000        21.3770858240242     
   2.49000000000000        21.3774559371482     
   2.49500000000000        21.3778246422024     
   2.50000000000000        21.3781919507677     
   2.52500000000000        21.3785578741366     
   2.55000000000000        21.3803612009209     
   2.57500000000000        21.3821310121104     
   2.60000000000000        21.3838679225066     
   2.62500000000000        21.3855725877800     
   2.65000000000000        21.3872456606106     
   2.67500000000000        21.3888877708821     
   2.70000000000000        21.3904995419511     
   2.72500000000000        21.3920816095428     
   2.75000000000000        21.3936345353348     
   2.77500000000000        21.3951589244904     
   2.80000000000000        21.3966553689513     
   2.82500000000000        21.3981243907036     
   2.85000000000000        21.3995665571551     
   2.87500000000000        21.4009824024848     
   2.90000000000000        21.4023724493707     
   2.92500000000000        21.4037372085259     
   2.95000000000000        21.4050771789852     
   2.97500000000000        21.4063928486633     
   3.00000000000000        21.4076846946718     
   3.02500000000000        21.4089531834551     
   3.05000000000000        21.4101987710982     
   3.07500000000000        21.4114219036518     
   3.10000000000000        21.4126230173735     
   3.12500000000000        21.4138025389508     
   3.15000000000000        21.4149608857650     
   3.17500000000000        21.4160984661354     
   3.20000000000000        21.4172156795347     
   3.22500000000000        21.4183129168173     
   3.25000000000000        21.4193905604322     
   3.27500000000000        21.4204489846347     
   3.30000000000000        21.4214885556864     
   3.32500000000000        21.4225096320606     
   3.35000000000000        21.4235125646190     
   3.37500000000000        21.4244976968163     
   3.40000000000000        21.4254653648671     
   3.42500000000000        21.4264158979264     
   3.45000000000000        21.4273496182615     
   3.47500000000000        21.4282668414201     
   3.50000000000000        21.4291678763850     
   3.52500000000000        21.4300530257398     
   3.55000000000000        21.4309225858119     
   3.57500000000000        21.4317768468328     
   3.60000000000000        21.4326160930714     
   3.62500000000000        21.4334405999288     
   3.65000000000000        21.4342506464353     
   3.67500000000000        21.4350464966065     
   3.70000000000000        21.4358284121977     
   3.72500000000000        21.4365966497531     
   3.75000000000000        21.4373514606316     
   3.77500000000000        21.4380930911320     
   3.80000000000000        21.4388217826202     
   3.82500000000000        21.4395379093547     
   3.85000000000000        21.4402414194529     
   3.87500000000000        21.4409326880345     
   3.90000000000000        21.4416119381381     
   3.92500000000000        21.4422793873451     
   3.95000000000000        21.4429352491958     
   3.97500000000000        21.4435797299855     
   4.00000000000000        21.4442130417581     
   4.02500000000000        21.4448353827019     
   4.05000000000000        21.4454469504213     
   4.07500000000000        21.4460479387996     
   4.10000000000000        21.4466385379503     
   4.12500000000000        21.4472189343254     
   4.15000000000000        21.4477893107795     
   4.17500000000000        21.4483498466558     
   4.20000000000000        21.4489007178616     
   4.22500000000000        21.4494420969291     
   4.25000000000000        21.4499741531028     
   4.27500000000000        21.4504970523950     
   4.30000000000000        21.4510109576651     
   4.32500000000000        21.4515160286805     
   4.35000000000000        21.4520124418213     
   4.37500000000000        21.4525003103353     
   4.40000000000000        21.4529798260906     
   4.42500000000000        21.4534510963738     
   4.45000000000000        21.4539142877665     
   4.47500000000000        21.4543695425316     
   4.50000000000000        21.4548170004787     
   4.52500000000000        21.4552567987523     
   4.55000000000000        21.4556890720059     
   4.57500000000000        21.4561139523996     
   4.60000000000000        21.4565315696561     
   4.62500000000000        21.4569420511018     
   4.65000000000000        21.4573455217164     
   4.67500000000000        21.4577421041783     
   4.70000000000000        21.4581319157309     
   4.72500000000000        21.4585150810764     
   4.75000000000000        21.4588917097806     
   4.77500000000000        21.4592619221316     
   4.80000000000000        21.4596258266939     
   4.82500000000000        21.4599835332089     
   4.85000000000000        21.4603351494971     
   4.87500000000000        21.4606807813916     
   4.90000000000000        21.4610205327969     
   4.92500000000000        21.4613545057336     
   4.95000000000000        21.4616828003675     
   4.97500000000000        21.4620055150539     
   5.00000000000000        21.4623227463666     
   5.02500000000000        21.4626345891354     
   5.05000000000000        21.4629411364866     
   5.07500000000000        21.4632424798641     
   5.10000000000000        21.4635387090731     
   5.12500000000000        21.4638299123028     
   5.15000000000000        21.4641161761681     
   5.17500000000000        21.4643975857260     
   5.20000000000000        21.4646743649603     
   5.22500000000000        21.4649463069381     
   5.25000000000000        21.4652136624533     
   5.27500000000000        21.4654764700665     
   5.30000000000000        21.4657348283088     
   5.32500000000000        21.4659888128878     
   5.35000000000000        21.4662384952796     
   5.37500000000000        21.4664839521255     
   5.40000000000000        21.4667252589305     
   5.42500000000000        21.4669626238882     
   5.45000000000000        21.4671958272976     
   5.47500000000000        21.4674250883367     
   5.50000000000000        21.4676504746901     
   5.52500000000000        21.4678720518314     
   5.55000000000000        21.4680898843218     
   5.57500000000000        21.4683040357311     
   5.60000000000000        21.4685145686242     
   5.62500000000000        21.4687215445399     
   5.65000000000000        21.4689250239750     
   5.67500000000000        21.4691250663953     
   5.70000000000000        21.4693217302541     
   5.72500000000000        21.4695150729867     
   5.75000000000000        21.4697051510418     
   5.77500000000000        21.4698920198819     
   5.80000000000000        21.4700757340103     
   5.82500000000000        21.4702563469920     
   5.85000000000000        21.4704339114505     
   5.87500000000000        21.4706084758637     
   5.90000000000000        21.4707800976793     
   5.92500000000000        21.4709488234350     
   5.95000000000000        21.4711147021539     
   5.97500000000000        21.4712777820914     
   6.00000000000000        21.4714381106358     
   6.02500000000000        21.4715957343696     
   6.05000000000000        21.4717506990550     
   6.07500000000000        21.4719030496664     
   6.10000000000000        21.4720528304067     
   6.12500000000000        21.4722000847067     
   6.15000000000000        21.4723448552514     
   6.17500000000000        21.4724871839919     
   6.20000000000000        21.4726271121561     
   6.22500000000000        21.4727647002152     
   6.25000000000000        21.4728999468411     
   6.27500000000000        21.4730329127925     
   6.30000000000000        21.4731636363473     
   6.32500000000000        21.4732921552783     
   6.35000000000000        21.4734185266200     
   6.37500000000000        21.4735427456848     
   6.40000000000000        21.4736648699699     
   6.42500000000000        21.4737849345444     
   6.45000000000000        21.4739029740405     
   6.47500000000000        21.4740190224432     
   6.50000000000000        21.4741331132113     
   6.52500000000000        21.4742452792332     
   6.55000000000000        21.4743555528535     
   6.57500000000000        21.4744639658651     
   6.60000000000000        21.4745705495258     
   6.62500000000000        21.4746753545494     
   6.65000000000000        21.4747783699330     
   6.67500000000000        21.4748796470199     
   6.70000000000000        21.4749792148084     
   6.72500000000000        21.4750771219557     
   6.75000000000000        21.4751733553556     
   6.77500000000000        21.4752679643559     
   6.80000000000000        21.4753609759918     
   6.82500000000000        21.4754524170091     
   6.85000000000000        21.4755423136426     
   6.87500000000000        21.4756306917360     
   6.90000000000000        21.4757175767069     
   6.92500000000000        21.4758029935498     
   6.95000000000000        21.4758869668424     
   6.97500000000000        21.4759695207492     
   7.00000000000000        21.4760506990405     
   7.02500000000000        21.4761304838233     
   7.05000000000000        21.4762089197382     
   7.07500000000000        21.4762860291727     
   7.10000000000000        21.4763618342973     
   7.12500000000000        21.4764363568461     
   7.15000000000000        21.4765096182390     
   7.17500000000000        21.4765816395342     
   7.20000000000000        21.4766524381871     
   7.22500000000000        21.4767220412503     
   7.25000000000000        21.4767904653319     
   7.27500000000000        21.4768577300810     
   7.30000000000000        21.4769238548936     
   7.32500000000000        21.4769888588193     
   7.35000000000000        21.4770527605878     
   7.37500000000000        21.4771155786052     
   7.40000000000000        21.4771773309724     
   7.42500000000000        21.4772380354852     
   7.45000000000000        21.4772977096380     
   7.47500000000000        21.4773563706272     
   7.50000000000000        21.4774140353627     
   7.52500000000000        21.4774707204715     
   7.55000000000000        21.4775264422976     
   7.57500000000000        21.4775812169139     
   7.60000000000000        21.4776350601202     
   7.62500000000000        21.4776879874490     
   7.65000000000000        21.4777400141757     
   7.67500000000000        21.4777911553172     
   7.70000000000000        21.4778414256364     
   7.72500000000000        21.4778908396531     
   7.75000000000000        21.4779394116363     
   7.77500000000000        21.4779871523279     
   7.80000000000000        21.4780340822688     
   7.82500000000000        21.4780802115702     
   7.85000000000000        21.4781255535177     
   7.87500000000000        21.4781701212649     
   7.90000000000000        21.4782139477471     
   7.92500000000000        21.4782570043396     
   7.95000000000000        21.4782993252143     
   7.97500000000000        21.4783409224456     
   8.00000000000000        21.4783818080561     
   8.02500000000000        21.4784219904999     
   8.05000000000000        21.4784614881794     
   8.07500000000000        21.4785003090423     
   8.10000000000000        21.4785384642895     
   8.12500000000000        21.4785759650195     
   8.15000000000000        21.4786128186972     
   8.17500000000000        21.4786490396099     
   8.20000000000000        21.4786846417067     
   8.22500000000000        21.4787196316958     
   8.25000000000000        21.4787540197460     
   8.27500000000000        21.4787878159047     
   8.30000000000000        21.4788210267215     
   8.32500000000000        21.4788536686527     
   8.35000000000000        21.4788857477544     
   8.37500000000000        21.4789172733414     
   8.40000000000000        21.4789482747045     
   8.42500000000000        21.4789787195609     
   8.45000000000000        21.4790086385325     
   8.47500000000000        21.4790380401823     
   8.50000000000000        21.4790669330894     
   8.52500000000000        21.4790953256307     
   8.55000000000000        21.4791232260893     
   8.57500000000000        21.4791506426165     
   8.60000000000000        21.4791775832379     
   8.62500000000000        21.4792040558490     
   8.65000000000000        21.4792300682181     
   8.67500000000000        21.4792556279889     
   8.70000000000000        21.4792807426757     
   8.72500000000000        21.4793054196708     
   8.75000000000000        21.4793296662422     
   8.77500000000000        21.4793534895350     
   8.80000000000000        21.4793768965805     
   8.82500000000000        21.4793998942951     
   8.85000000000000        21.4794224894712     
   8.87500000000000        21.4794446887947     
   8.90000000000000        21.4794664988382     
   8.92500000000000        21.4794879260657     
   8.95000000000000        21.4795089768323     
   8.97500000000000        21.4795296573902     
   9.00000000000000        21.4795499738845     
   9.02500000000000        21.4795699524243     
   9.05000000000000        21.4795895776419     
   9.07500000000000        21.4796088357690     
   9.10000000000000        21.4796277540770     
   9.12500000000000        21.4796463380010     
   9.15000000000000        21.4796645896586     
   9.17500000000000        21.4796825211945     
   9.20000000000000        21.4797001344342     
   9.22500000000000        21.4797174345608     
   9.25000000000000        21.4797344267736     
   9.27500000000000        21.4797511161679     
   9.30000000000000        21.4797675077603     
   9.32500000000000        21.4797836064888     
   9.35000000000000        21.4797994172055     
   9.37500000000000        21.4798149446859     
   9.40000000000000        21.4798301936292     
   9.42500000000000        21.4798451686538     
   9.45000000000000        21.4798598742999     
   9.47500000000000        21.4798743150389     
   9.50000000000000        21.4798884952633     
   9.52500000000000        21.4799024192899     
   9.55000000000000        21.4799160913711     
   9.57500000000000        21.4799295156847     
   9.60000000000000        21.4799426963414     
   9.62500000000000        21.4799556340416     
   9.65000000000000        21.4799683363104     
   9.67500000000000        21.4799808102665     
   9.70000000000000        21.4799930562586     
   9.72500000000000        21.4800050780534     
   9.75000000000000        21.4800168794032     
   9.77500000000000        21.4800284639750     
   9.80000000000000        21.4800398353757     
   9.82500000000000        21.4800509971458     
   9.85000000000000        21.4800619527657     
   9.87500000000000        21.4800727056578     
   9.90000000000000        21.4800832591849     
   9.92500000000000        21.4800936166510     
   9.95000000000000        21.4801037813134     
   9.97500000000000        21.4801137563635     
   10.0000000000000        21.4801235449489     
   10.0250000000000        21.4801331501597     
   10.0500000000000        21.4801425750374     
   10.0750000000000        21.4801518225723     
   10.1000000000000        21.4801608956995     
   10.1250000000000        21.4801697973133     
   10.1500000000000        21.4801785302565     
   10.1750000000000        21.4801870973253     
   10.2000000000000        21.4801954980401     
   10.2250000000000        21.4802037417096     
   10.2500000000000        21.4802118276078     
   10.2750000000000        21.4802197582997     
   10.3000000000000        21.4802275363893     
   10.3250000000000        21.4802351644078     
   10.3500000000000        21.4802426448535     
   10.3750000000000        21.4802499801735     
   10.4000000000000        21.4802571727754     
   10.4250000000000        21.4802642250267     
   10.4500000000000        21.4802711392532     
   10.4750000000000        21.4802779177459     
   10.5000000000000        21.4802845627504     
   10.5250000000000        21.4802910764817     
   10.5500000000000        21.4802974611133     
   10.5750000000000        21.4803037187880     
   10.6000000000000        21.4803098716829     
   10.6250000000000        21.4803158804819     
   10.6500000000000        21.4803217689549     
   10.6750000000000        21.4803275389150     
   10.7000000000000        21.4803331923030     
   10.7250000000000        21.4803387309645     
   10.7500000000000        21.4803441567712     
   10.7750000000000        21.4803494715595     
   10.8000000000000        21.4803546771533     
   10.8250000000000        21.4803597753514     
   10.8500000000000        21.4803647679243     
   10.8750000000000        21.4803696566168     
   10.9000000000000        21.4803744431443     
   10.9250000000000        21.4803791291969     
   10.9500000000000        21.4803837130686     
   10.9750000000000        21.4803881999784     
   11.0000000000000        21.4803926148512     
   11.0250000000000        21.4803969143531     
   11.0500000000000        21.4804011217652     
   11.0750000000000        21.4804052384648     
   11.1000000000000        21.4804092659474     
   11.1250000000000        21.4804132056169     
   11.1500000000000        21.4804170588992     
   11.1750000000000        21.4804208239440     
   11.2000000000000        21.4804245088141     
   11.2250000000000        21.4804281114653     
   11.2500000000000        21.4804316332030     
   11.2750000000000        21.4804350721878     
   11.3000000000000        21.4804384362974     
   11.3250000000000        21.4804417234755     
   11.3500000000000        21.4804449349413     
   11.3750000000000        21.4804480719860     
   11.4000000000000        21.4804511358475     
   11.4250000000000        21.4804541277451     
   11.4500000000000        21.4804570488750     
   11.4750000000000        21.4804598971380     
   11.5000000000000        21.4804626803851     
   11.5250000000000        21.4804653963227     
   11.5500000000000        21.4804680460095     
   11.5750000000000        21.4804706305823     
   11.6000000000000        21.4804731511187     
   11.6250000000000        21.4804756086893     
   11.6500000000000        21.4804780043407     
   11.6750000000000        21.4804803391020     
   11.7000000000000        21.4804826340654     
   11.7250000000000        21.4804848488290     
   11.7500000000000        21.4804870061077     
   11.7750000000000        21.4804891066737     
   11.8000000000000        21.4804911514431     
   11.8250000000000        21.4804931412559     
   11.8500000000000        21.4804950769906     
   11.8750000000000        21.4804969595133     
   11.9000000000000        21.4804987896914     
   11.9250000000000        21.4805005683751     
   11.9500000000000        21.4805022964133     
   11.9750000000000        21.4805039713274     
   12.0000000000000        21.4805056007082     
   12.0250000000000        21.4805071818968     
   12.0500000000000        21.4805087156354     
   12.0750000000000        21.4805102027419     
   12.1000000000000        21.4805116439911     
   12.1250000000000        21.4805130401490     
   12.1500000000000        21.4805143919678     
   12.1750000000000        21.4805157001820     
   12.2000000000000        21.4805169655138     
   12.2250000000000        21.4805181886765     
   12.2500000000000        21.4805193703685     
   12.2750000000000        21.4805205112744     
   12.3000000000000        21.4805216088348     
   12.3250000000000        21.4805226703387     
   12.3500000000000        21.4805236930446     
   12.3750000000000        21.4805246775429     
   12.4000000000000        21.4805256244993     
   12.4250000000000        21.4805265345373     
   12.4500000000000        21.4805274082807     
   12.4750000000000        21.4805282463297     
   12.5000000000000        21.4805290492797     
