  5.000000000000000E-003   20.7690138076429     
  1.000000000000000E-002   20.7967496265333     
  1.500000000000000E-002   20.8218324672083     
  2.000000000000000E-002   20.8445647425928     
  2.500000000000000E-002   20.8652187572979     
  3.000000000000000E-002   20.8840378025189     
  3.500000000000000E-002   20.9012372031673     
  4.000000000000000E-002   20.9170062273526     
  4.500000000000000E-002   20.9315105540450     
  5.000000000000000E-002   20.9448949215594     
  5.500000000000000E-002   20.9572857093109     
  6.000000000000000E-002   20.9687933228021     
  6.500000000000000E-002   20.9795143282079     
  7.000000000000001E-002   20.9895333265708     
  7.500000000000000E-002   20.9989245875129     
  8.000000000000000E-002   21.0077534204264     
  8.500000000000001E-002   21.0160774249920     
  9.000000000000000E-002   21.0239474878502     
  9.500000000000000E-002   21.0314086745902     
  0.100000000000000        21.0385009846560     
  0.105000000000000        21.0452599993449     
  0.110000000000000        21.0517174378713     
  0.115000000000000        21.0579016357022     
  0.120000000000000        21.0638379567280     
  0.125000000000000        21.0695491492041     
  0.130000000000000        21.0750556537814     
  0.135000000000000        21.0803758706786     
  0.140000000000000        21.0855263919266     
  0.145000000000000        21.0905222037075     
  0.150000000000000        21.0953768630282     
  0.155000000000000        21.1001026523240     
  0.160000000000000        21.1047107150426     
  0.165000000000000        21.1092111748012     
  0.170000000000000        21.1136132403321     
  0.175000000000000        21.1179252980925     
  0.180000000000000        21.1221549941640     
  0.185000000000000        21.1263093068191     
  0.190000000000000        21.1303946109449     
  0.195000000000000        21.1344167353474     
  0.200000000000000        21.1383810138197     
  0.205000000000000        21.1422923307299     
  0.210000000000000        21.1461551607651     
  0.215000000000000        21.1499736097059     
  0.220000000000000        21.1537514407890     
  0.225000000000000        21.1574921084365     
  0.230000000000000        21.1611987839051     
  0.235000000000000        21.1648743791102     
  0.240000000000000        21.1685215683164     
  0.245000000000000        21.1721428077136     
  0.250000000000000        21.1757403531787     
  0.255000000000000        21.1793162763977     
  0.260000000000000        21.1828724784326     
  0.265000000000000        21.1864107074781     
  0.270000000000000        21.1899325643413     
  0.275000000000000        21.1934395179652     
  0.280000000000000        21.1969329218434     
  0.285000000000000        21.2004139934113     
  0.290000000000000        21.2038838690659     
  0.295000000000000        21.2073435791841     
  0.300000000000000        21.2107940719408     
  0.305000000000000        21.2142361966625     
  0.310000000000000        21.2176707268380     
  0.315000000000000        21.2210983793692     
  0.320000000000000        21.2245197952435     
  0.325000000000000        21.2279355575037     
  0.330000000000000        21.2313461885625     
  0.335000000000000        21.2347521577786     
  0.340000000000000        21.2381538887119     
  0.345000000000000        21.2415517557868     
  0.350000000000000        21.2449460909611     
  0.355000000000000        21.2483371975795     
  0.360000000000000        21.2517253161693     
  0.365000000000000        21.2551106785105     
  0.370000000000000        21.2584934760395     
  0.375000000000000        21.2618738714522     
  0.380000000000000        21.2652520002450     
  0.385000000000000        21.2686279728999     
  0.390000000000000        21.2720018755562     
  0.395000000000000        21.2753737763091     
  0.400000000000000        21.2787437199322     
  0.405000000000000        21.2821117339380     
  0.410000000000000        21.2854778289993     
  0.415000000000000        21.2888420001441     
  0.420000000000000        21.2922042280337     
  0.425000000000000        21.2955644801051     
  0.430000000000000        21.2989227116581     
  0.435000000000000        21.3022788668670     
  0.440000000000000        21.3056328797301     
  0.445000000000000        21.3089846749560     
  0.450000000000000        21.3123341687956     
  0.455000000000000        21.3156812698190     
  0.460000000000000        21.3190258796450     
  0.465000000000000        21.3223678936206     
  0.470000000000000        21.3257072014624     
  0.475000000000000        21.3290436878513     
  0.480000000000000        21.3323772329924     
  0.485000000000000        21.3357077131370     
  0.490000000000000        21.3390350010709     
  0.495000000000000        21.3423589665742     
  0.500000000000000        21.3456794768450     
  0.505000000000000        21.3489963969003     
  0.510000000000000        21.3523095899482     
  0.515000000000000        21.3556189177334     
  0.520000000000000        21.3589242408668     
  0.525000000000000        21.3622254191199     
  0.530000000000000        21.3655223117127     
  0.535000000000000        21.3688147775717     
  0.540000000000000        21.3721026755769     
  0.545000000000000        21.3753858647832     
  0.550000000000000        21.3786642046348     
  0.555000000000000        21.3819375551558     
  0.560000000000000        21.3852057771329     
  0.565000000000000        21.3884687398660     
  0.570000000000000        21.3917262901442     
  0.575000000000000        21.3949783083835     
  0.580000000000000        21.3982246435474     
  0.585000000000000        21.4014651713922     
  0.590000000000000        21.4046997675326     
  0.595000000000000        21.4079282861165     
  0.600000000000000        21.4111506077765     
  0.605000000000000        21.4143666058717     
  0.610000000000000        21.4175761561500     
  0.615000000000000        21.4207791362091     
  0.620000000000000        21.4239754257601     
  0.625000000000000        21.4271649066108     
  0.630000000000000        21.4303474627360     
  0.635000000000000        21.4335229803106     
  0.640000000000000        21.4366913477462     
  0.645000000000000        21.4398524557239     
  0.650000000000000        21.4430061960227     
  0.655000000000000        21.4461524651582     
  0.660000000000000        21.4492911620376     
  0.665000000000000        21.4524221853151     
  0.670000000000000        21.4555454372804     
  0.675000000000000        21.4586608226408     
  0.680000000000000        21.4617682484505     
  0.685000000000000        21.4648676241346     
  0.690000000000000        21.4679588614822     
  0.695000000000000        21.4710418746392     
  0.700000000000000        21.4741165801049     
  0.705000000000000        21.4771828967184     
  0.710000000000000        21.4802407534267     
  0.715000000000000        21.4832900573644     
  0.720000000000000        21.4863307432648     
  0.725000000000000        21.4893627388261     
  0.730000000000000        21.4923859744901     
  0.735000000000000        21.4954003827870     
  0.740000000000000        21.4984058985273     
  0.745000000000000        21.5014024665274     
  0.750000000000000        21.5043900647961     
  0.755000000000000        21.5073685290585     
  0.760000000000000        21.5103378621224     
  0.765000000000000        21.5132980100079     
  0.770000000000000        21.5162489200528     
  0.775000000000000        21.5191905418995     
  0.780000000000000        21.5221228271591     
  0.785000000000000        21.5250457294810     
  0.790000000000000        21.5279592044844     
  0.795000000000000        21.5308632097363     
  0.800000000000000        21.5337577047142     
  0.805000000000000        21.5366426495855     
  0.810000000000000        21.5395180099881     
  0.815000000000000        21.5423837497364     
  0.820000000000000        21.5452398355794     
  0.825000000000000        21.5480862361059     
  0.830000000000000        21.5509229215978     
  0.835000000000000        21.5537498640400     
  0.840000000000000        21.5565670370768     
  0.845000000000000        21.5593744159836     
  0.850000000000000        21.5621719776353     
  0.855000000000000        21.5649597004783     
  0.860000000000000        21.5677375644983     
  0.865000000000000        21.5705055511908     
  0.870000000000000        21.5732636435319     
  0.875000000000000        21.5760118259464     
  0.880000000000000        21.5787500842799     
  0.885000000000000        21.5814784057701     
  0.890000000000000        21.5841967790172     
  0.895000000000000        21.5869051939546     
  0.900000000000000        21.5896036405602     
  0.905000000000000        21.5922921139239     
  0.910000000000000        21.5949706065280     
  0.915000000000000        21.5976391132987     
  0.920000000000000        21.6002976304417     
  0.925000000000000        21.6029461552978     
  0.930000000000000        21.6055846863607     
  0.935000000000000        21.6082132220075     
  0.940000000000000        21.6108317654356     
  0.945000000000000        21.6134403159295     
  0.950000000000000        21.6160388787241     
  0.955000000000000        21.6186274564059     
  0.960000000000000        21.6212060537070     
  0.965000000000000        21.6237746764143     
  0.970000000000000        21.6263333312216     
  0.975000000000000        21.6288820245562     
  0.980000000000000        21.6314207673700     
  0.985000000000000        21.6339495678353     
  0.990000000000000        21.6364684361276     
  0.995000000000000        21.6389773833320     
   1.00000000000000        21.6414764213074     
   1.00500000000000        21.6439655627090     
   1.01000000000000        21.6464448209508     
   1.01500000000000        21.6489142101921     
   1.02000000000000        21.6513737440822     
   1.02500000000000        21.6538234407130     
   1.03000000000000        21.6562633151051     
   1.03500000000000        21.6586933841339     
   1.04000000000000        21.6611136653980     
   1.04500000000000        21.6635241770993     
   1.05000000000000        21.6659249380558     
   1.05500000000000        21.6683159676739     
   1.06000000000000        21.6706972859365     
   1.06500000000000        21.6730689121423     
   1.07000000000000        21.6754308698975     
   1.07500000000000        21.6777831795512     
   1.08000000000000        21.6801258631567     
   1.08500000000000        21.6824589515206     
   1.09000000000000        21.6847824493518     
   1.09500000000000        21.6870963920742     
   1.10000000000000        21.6894008020047     
   1.10500000000000        21.6916957036179     
   1.11000000000000        21.6939811217247     
   1.11500000000000        21.6962570815723     
   1.12000000000000        21.6985236087907     
   1.12500000000000        21.7007807293893     
   1.13000000000000        21.7030284697450     
   1.13500000000000        21.7052668565854     
   1.14000000000000        21.7074959169787     
   1.14500000000000        21.7097156783189     
   1.15000000000000        21.7119261683181     
   1.15500000000000        21.7141274149885     
   1.16000000000000        21.7163194466355     
   1.16500000000000        21.7185022918470     
   1.17000000000000        21.7206759794785     
   1.17500000000000        21.7228405386450     
   1.18000000000000        21.7249959987081     
   1.18500000000000        21.7271423892722     
   1.19000000000000        21.7292797401657     
   1.19500000000000        21.7314080814357     
   1.20000000000000        21.7335274433402     
   1.20500000000000        21.7356378563348     
   1.21000000000000        21.7377393510661     
   1.21500000000000        21.7398319583627     
   1.22000000000000        21.7419157092247     
   1.22500000000000        21.7439906348161     
   1.23000000000000        21.7460567652116     
   1.23500000000000        21.7481141344138     
   1.24000000000000        21.7501627727728     
   1.24500000000000        21.7522027107009     
   1.25000000000000        21.7542339826709     
   1.25500000000000        21.7562566180916     
   1.26000000000000        21.7582706516132     
   1.26500000000000        21.7602761141546     
   1.27000000000000        21.7622730379474     
   1.27500000000000        21.7642614553950     
   1.28000000000000        21.7662413989581     
   1.28500000000000        21.7682128999009     
   1.29000000000000        21.7701759934370     
   1.29500000000000        21.7721307109484     
   1.30000000000000        21.7740770851144     
   1.30500000000000        21.7760151487425     
   1.31000000000000        21.7779449346609     
   1.31500000000000        21.7798664757486     
   1.32000000000000        21.7817798049165     
   1.32500000000000        21.7836849551068     
   1.33000000000000        21.7855819592899     
   1.33500000000000        21.7874708504567     
   1.34000000000000        21.7893516616120     
   1.34500000000000        21.7912244257754     
   1.35000000000000        21.7930891759722     
   1.35500000000000        21.7949459439244     
   1.36000000000000        21.7967947653166     
   1.36500000000000        21.7986356718505     
   1.37000000000000        21.8004686964842     
   1.37500000000000        21.8022938722360     
   1.38000000000000        21.8041112320842     
   1.38500000000000        21.8059208089928     
   1.39000000000000        21.8077226358985     
   1.39500000000000        21.8095167457100     
   1.40000000000000        21.8113031713048     
   1.40500000000000        21.8130819455259     
   1.41000000000000        21.8148530998833     
   1.41500000000000        21.8166166697684     
   1.42000000000000        21.8183726865933     
   1.42500000000000        21.8201211829766     
   1.43000000000000        21.8218621902517     
   1.43500000000000        21.8235957436411     
   1.44000000000000        21.8253218743399     
   1.44500000000000        21.8270406147499     
   1.45000000000000        21.8287519972867     
   1.45500000000000        21.8304560542784     
   1.46000000000000        21.8321528179933     
   1.46500000000000        21.8338423290864     
   1.47000000000000        21.8355246020938     
   1.47500000000000        21.8371996785603     
   1.48000000000000        21.8388675900941     
   1.48500000000000        21.8405283687105     
   1.49000000000000        21.8421820461831     
   1.49500000000000        21.8438286542668     
   1.50000000000000        21.8454682330898     
   1.50500000000000        21.8471007966012     
   1.51000000000000        21.8487263857959     
   1.51500000000000        21.8503450317077     
   1.52000000000000        21.8519567657626     
   1.52500000000000        21.8535616191390     
   1.53000000000000        21.8551596229772     
   1.53500000000000        21.8567508083125     
   1.54000000000000        21.8583352060899     
   1.54500000000000        21.8599128471613     
   1.55000000000000        21.8614837622832     
   1.55500000000000        21.8630479821083     
   1.56000000000000        21.8646055371974     
   1.56500000000000        21.8661565178489     
   1.57000000000000        21.8677008301963     
   1.57500000000000        21.8692385691435     
   1.58000000000000        21.8707697665815     
   1.58500000000000        21.8722944509137     
   1.59000000000000        21.8738126520167     
   1.59500000000000        21.8753244081915     
   1.60000000000000        21.8768297313993     
   1.60500000000000        21.8783286607731     
   1.61000000000000        21.8798212254235     
   1.61500000000000        21.8813074548407     
   1.62000000000000        21.8827873782480     
   1.62500000000000        21.8842610248176     
   1.63000000000000        21.8857284235941     
   1.63500000000000        21.8871896120720     
   1.64000000000000        21.8886446013191     
   1.64500000000000        21.8900934296240     
   1.65000000000000        21.8915361252200     
   1.65500000000000        21.8929727167173     
   1.66000000000000        21.8944032324486     
   1.66500000000000        21.8958277006921     
   1.67000000000000        21.8972461495927     
   1.67500000000000        21.8986586071902     
   1.68000000000000        21.9000651014026     
   1.68500000000000        21.9014656600383     
   1.69000000000000        21.9028603107867     
   1.69500000000000        21.9042490812215     
   1.70000000000000        21.9056319988000     
   1.70500000000000        21.9070090908633     
   1.71000000000000        21.9083803846375     
   1.71500000000000        21.9097459072308     
   1.72000000000000        21.9111056856353     
   1.72500000000000        21.9124597467261     
   1.73000000000000        21.9138081258541     
   1.73500000000000        21.9151508318119     
   1.74000000000000        21.9164879007206     
   1.74500000000000        21.9178193586071     
   1.75000000000000        21.9191452318639     
   1.75500000000000        21.9204655452687     
   1.76000000000000        21.9217803275810     
   1.76500000000000        21.9230896033743     
   1.77000000000000        21.9243933984018     
   1.77500000000000        21.9256917383762     
   1.78000000000000        21.9269846488659     
   1.78500000000000        21.9282721553322     
   1.79000000000000        21.9295542831194     
   1.79500000000000        21.9308310574524     
   1.80000000000000        21.9321025034400     
   1.80500000000000        21.9333686460707     
   1.81000000000000        21.9346295102165     
   1.81500000000000        21.9358851206278     
   1.82000000000000        21.9371355019410     
   1.82500000000000        21.9383806786693     
   1.83000000000000        21.9396206752131     
   1.83500000000000        21.9408555158581     
   1.84000000000000        21.9420852247769     
   1.84500000000000        21.9433098260287     
   1.85000000000000        21.9445293435568     
   1.85500000000000        21.9457438011937     
   1.86000000000000        21.9469532226570     
   1.86500000000000        21.9481576315465     
   1.87000000000000        21.9493570513472     
   1.87500000000000        21.9505515054275     
   1.88000000000000        21.9517410170351     
   1.88500000000000        21.9529256093041     
   1.89000000000000        21.9541053052506     
   1.89500000000000        21.9552801277815     
   1.90000000000000        21.9564500983102     
   1.90500000000000        21.9576152423274     
   1.91000000000000        21.9587755810186     
   1.91500000000000        21.9599311368056     
   1.92000000000000        21.9610819320737     
   1.92500000000000        21.9622279890716     
   1.93000000000000        21.9633693299448     
   1.93500000000000        21.9645059753907     
   1.94000000000000        21.9656379500137     
   1.94500000000000        21.9667652742749     
   1.95000000000000        21.9678879698015     
   1.95500000000000        21.9690060568545     
   1.96000000000000        21.9701195595862     
   1.96500000000000        21.9712284966441     
   1.97000000000000        21.9723328920271     
   1.97500000000000        21.9734327655269     
   1.98000000000000        21.9745281381497     
   1.98500000000000        21.9756190308777     
   1.99000000000000        21.9767054645621     
   1.99500000000000        21.9777874599534     
   2.00000000000000        21.9788650376854     
   2.00500000000000        21.9799382169265     
   2.01000000000000        21.9810070208160     
   2.01500000000000        21.9820715294113     
   2.02000000000000        21.9831316376430     
   2.02500000000000        21.9841874298503     
   2.03000000000000        21.9852389250361     
   2.03500000000000        21.9862861456309     
   2.04000000000000        21.9873291100437     
   2.04500000000000        21.9883678378737     
   2.05000000000000        21.9894023487336     
   2.05500000000000        21.9904326621176     
   2.06000000000000        21.9914587974300     
   2.06500000000000        21.9924807739643     
   2.07000000000000        21.9934986108979     
   2.07500000000000        21.9945123272941     
   2.08000000000000        21.9955219420976     
   2.08500000000000        21.9965274741525     
   2.09000000000000        21.9975289422039     
   2.09500000000000        21.9985263649196     
   2.10000000000000        21.9995197608907     
   2.10500000000000        22.0005091486464     
   2.11000000000000        22.0014945466462     
   2.11500000000000        22.0024759732744     
   2.12000000000000        22.0034534468285     
   2.12500000000000        22.0044269942404     
   2.13000000000000        22.0053966154695     
   2.13500000000000        22.0063623381779     
   2.14000000000000        22.0073241798027     
   2.14500000000000        22.0082821581430     
   2.15000000000000        22.0092362907237     
   2.15500000000000        22.0101865950397     
   2.16000000000000        22.0111330871228     
   2.16500000000000        22.0120757871403     
   2.17000000000000        22.0130147110366     
   2.17500000000000        22.0139498760564     
   2.18000000000000        22.0148812994614     
   2.18500000000000        22.0158089984130     
   2.19000000000000        22.0167329899752     
   2.19500000000000        22.0176532910746     
   2.20000000000000        22.0185699184865     
   2.20500000000000        22.0194828888256     
   2.21000000000000        22.0203922185608     
   2.21500000000000        22.0212979240397     
   2.22000000000000        22.0222000215275     
   2.22500000000000        22.0230985272479     
   2.23000000000000        22.0239934574139     
   2.23500000000000        22.0248848282548     
   2.24000000000000        22.0257726560059     
   2.24500000000000        22.0266569555324     
   2.25000000000000        22.0275377457412     
   2.25500000000000        22.0284150413198     
   2.26000000000000        22.0292888580994     
   2.26500000000000        22.0301592117826     
   2.27000000000000        22.0310261178335     
   2.27500000000000        22.0318895915324     
   2.28000000000000        22.0327496480088     
   2.28500000000000        22.0336063023161     
   2.29000000000000        22.0344595695056     
   2.29500000000000        22.0353094646885     
   2.30000000000000        22.0361560030704     
   2.30500000000000        22.0369991999500     
   2.31000000000000        22.0378390706754     
   2.31500000000000        22.0386756305638     
   2.32000000000000        22.0395088948004     
   2.32500000000000        22.0403388783489     
   2.33000000000000        22.0411655958775     
   2.33500000000000        22.0419890617392     
   2.34000000000000        22.0428092886245     
   2.34500000000000        22.0436262931975     
   2.35000000000000        22.0444400878688     
   2.35500000000000        22.0452506864471     
   2.36000000000000        22.0460581029863     
   2.36500000000000        22.0468623517644     
   2.37000000000000        22.0476634473058     
   2.37500000000000        22.0484614042952     
   2.38000000000000        22.0492562374351     
   2.38500000000000        22.0500479598879     
   2.39000000000000        22.0508365886543     
   2.39500000000000        22.0516221360888     
   2.40000000000000        22.0524046153726     
   2.40500000000000        22.0531840392992     
   2.41000000000000        22.0539604203371     
   2.41500000000000        22.0547337708861     
   2.42000000000000        22.0555041035125     
   2.42500000000000        22.0562714311665     
   2.43000000000000        22.0570357673138     
   2.43500000000000        22.0577971259269     
   2.44000000000000        22.0585555213478     
   2.44500000000000        22.0593109680257     
   2.45000000000000        22.0600634801970     
   2.45500000000000        22.0608131335092     
   2.46000000000000        22.0615598141736     
   2.46500000000000        22.0623035991174     
   2.47000000000000        22.0630444999989     
   2.47500000000000        22.0637825273536     
   2.48000000000000        22.0645176918255     
   2.48500000000000        22.0652500043690     
   2.49000000000000        22.0659794855668     
   2.49500000000000        22.0667061298680     
   2.50000000000000        22.0674299608160     
   2.52500000000000        22.0681510013757     
   2.55000000000000        22.0717035164328     
   2.57500000000000        22.0751885789473     
   2.60000000000000        22.0786074811299     
   2.62500000000000        22.0819615919615     
   2.65000000000000        22.0852522708986     
   2.67500000000000        22.0884808290617     
   2.70000000000000        22.0916485613945     
   2.72500000000000        22.0947567839042     
   2.75000000000000        22.0978066640288     
   2.77500000000000        22.1007994516963     
   2.80000000000000        22.1037363679879     
   2.82500000000000        22.1066184939805     
   2.85000000000000        22.1094469973063     
   2.87500000000000        22.1122229778998     
   2.90000000000000        22.1149475107600     
   2.92500000000000        22.1176216451452     
   2.95000000000000        22.1202464052387     
   2.97500000000000        22.1228227913405     
   3.00000000000000        22.1253517805806     
   3.02500000000000        22.1278343272755     
   3.05000000000000        22.1302713636146     
   3.07500000000000        22.1326638003790     
   3.10000000000000        22.1350125274915     
   3.12500000000000        22.1373184145260     
   3.15000000000000        22.1395823112958     
   3.17500000000000        22.1418050483990     
   3.20000000000000        22.1439874377037     
   3.22500000000000        22.1461302728579     
   3.25000000000000        22.1482343297639     
   3.27500000000000        22.1503003670491     
   3.30000000000000        22.1523291265113     
   3.32500000000000        22.1543213335718     
   3.35000000000000        22.1562776976707     
   3.37500000000000        22.1581989127133     
   3.40000000000000        22.1600856574422     
   3.42500000000000        22.1619385958333     
   3.45000000000000        22.1637583774731     
   3.47500000000000        22.1655456379267     
   3.50000000000000        22.1673009990777     
   3.52500000000000        22.1690250694891     
   3.55000000000000        22.1707184447165     
   3.57500000000000        22.1723817076551     
   3.60000000000000        22.1740154288318     
   3.62500000000000        22.1756201607826     
   3.65000000000000        22.1771964624046     
   3.67500000000000        22.1787448626989     
   3.70000000000000        22.1802658856219     
   3.72500000000000        22.1817600443699     
   3.75000000000000        22.1832278414527     
   3.77500000000000        22.1846697689631     
   3.80000000000000        22.1860863088470     
   3.82500000000000        22.1874782007879     
   3.85000000000000        22.1888453557157     
   3.87500000000000        22.1901885140220     
   3.90000000000000        22.1915081200092     
   3.92500000000000        22.1928046069204     
   3.95000000000000        22.1940783997072     
   3.97500000000000        22.1953299088274     
   4.00000000000000        22.1965595554922     
   4.02500000000000        22.1977677336138     
   4.05000000000000        22.1989548355932     
   4.07500000000000        22.2001212462437     
   4.10000000000000        22.2012673427096     
   4.12500000000000        22.2023934946913     
   4.15000000000000        22.2035000645824     
   4.17500000000000        22.2045874076498     
   4.20000000000000        22.2056558721920     
   4.22500000000000        22.2067057996699     
   4.25000000000000        22.2077375248865     
   4.27500000000000        22.2087513761066     
   4.30000000000000        22.2097476752206     
   4.32500000000000        22.2107267378731     
   4.35000000000000        22.2116889116629     
   4.37500000000000        22.2126344215914     
   4.40000000000000        22.2135636448126     
   4.42500000000000        22.2144767943500     
   4.45000000000000        22.2153741979237     
   4.47500000000000        22.2162561359257     
   4.50000000000000        22.2171228838006     
   4.52500000000000        22.2179747116440     
   4.55000000000000        22.2188118845456     
   4.57500000000000        22.2196346625919     
   4.60000000000000        22.2204433009816     
   4.62500000000000        22.2212380501112     
   4.65000000000000        22.2220191556776     
   4.67500000000000        22.2227868587714     
   4.70000000000000        22.2235413898183     
   4.72500000000000        22.2242829935405     
   4.75000000000000        22.2250118852278     
   4.77500000000000        22.2257283007920     
   4.80000000000000        22.2264324533302     
   4.82500000000000        22.2271245580967     
   4.85000000000000        22.2278048265127     
   4.87500000000000        22.2284734660405     
   4.90000000000000        22.2291306803033     
   4.92500000000000        22.2297766691743     
   4.95000000000000        22.2304116288384     
   4.97500000000000        22.2310357518802     
   5.00000000000000        22.2316492273449     
   5.02500000000000        22.2322522408136     
   5.05000000000000        22.2328449744859     
   5.07500000000000        22.2334276072229     
   5.10000000000000        22.2340003146358     
   5.12500000000000        22.2345632691328     
   5.15000000000000        22.2351166400017     
   5.17500000000000        22.2356605934456     
   5.20000000000000        22.2361955641116     
   5.22500000000000        22.2367211536942     
   5.25000000000000        22.2372378485360     
   5.27500000000000        22.2377457247094     
   5.30000000000000        22.2382449741255     
   5.32500000000000        22.2387357445268     
   5.35000000000000        22.2392181754221     
   5.37500000000000        22.2396924162455     
   5.40000000000000        22.2401586141808     
   5.42500000000000        22.2406171726895     
   5.45000000000000        22.2410676685548     
   5.47500000000000        22.2415105263752     
   5.50000000000000        22.2419458780297     
   5.52500000000000        22.2423738510817     
   5.55000000000000        22.2427945712890     
   5.57500000000000        22.2432081624526     
   5.60000000000000        22.2436147463930     
   5.62500000000000        22.2440144429094     
   5.65000000000000        22.2444073697513     
   5.67500000000000        22.2447936426413     
   5.70000000000000        22.2451733753110     
   5.72500000000000        22.2455466794926     
   5.75000000000000        22.2459136649810     
   5.77500000000000        22.2462744396347     
   5.80000000000000        22.2466291094303     
   5.82500000000000        22.2469777785028     
   5.85000000000000        22.2473205491413     
   5.87500000000000        22.2476575156051     
   5.90000000000000        22.2479887894414     
   5.92500000000000        22.2483144611114     
   5.95000000000000        22.2486346258496     
   5.97500000000000        22.2489493773846     
   6.00000000000000        22.2492588077483     
   6.02500000000000        22.2495630073951     
   6.05000000000000        22.2498620651745     
   6.07500000000000        22.2501560683948     
   6.10000000000000        22.2504451028548     
   6.12500000000000        22.2507292528447     
   6.15000000000000        22.2510086011960     
   6.17500000000000        22.2512832293061     
   6.20000000000000        22.2515532171596     
   6.22500000000000        22.2518186818512     
   6.25000000000000        22.2520796212239     
   6.27500000000000        22.2523361528959     
   6.30000000000000        22.2525883510955     
   6.32500000000000        22.2528362890610     
   6.35000000000000        22.2530800771751     
   6.37500000000000        22.2533197067359     
   6.40000000000000        22.2535552889925     
   6.42500000000000        22.2537868919133     
   6.45000000000000        22.2540145826113     
   6.47500000000000        22.2542384269394     
   6.50000000000000        22.2544584897236     
   6.52500000000000        22.2546748346788     
   6.55000000000000        22.2548875244597     
   6.57500000000000        22.2550966206466     
   6.60000000000000        22.2553021837778     
   6.62500000000000        22.2555043119038     
   6.65000000000000        22.2557029840395     
   6.67500000000000        22.2558982994314     
   6.70000000000000        22.2560903142234     
   6.72500000000000        22.2562791224598     
   6.75000000000000        22.2564646990715     
   6.77500000000000        22.2566471394196     
   6.80000000000000        22.2568264958291     
   6.82500000000000        22.2570028200594     
   6.85000000000000        22.2571761628772     
   6.87500000000000        22.2573465742880     
   6.90000000000000        22.2575141034694     
   6.92500000000000        22.2576787987763     
   6.95000000000000        22.2578407077538     
   6.97500000000000        22.2579998771443     
   7.00000000000000        22.2581563914842     
   7.02500000000000        22.2583102164162     
   7.05000000000000        22.2584614381445     
   7.07500000000000        22.2586100999630     
   7.10000000000000        22.2587562447418     
   7.12500000000000        22.2588999145051     
   7.15000000000000        22.2590411506664     
   7.17500000000000        22.2591799939373     
   7.20000000000000        22.2593164780794     
   7.22500000000000        22.2594506553518     
   7.25000000000000        22.2595825578738     
   7.27500000000000        22.2597122236238     
   7.30000000000000        22.2598396900883     
   7.32500000000000        22.2599649940816     
   7.35000000000000        22.2600881717989     
   7.37500000000000        22.2602092588070     
   7.40000000000000        22.2603282900817     
   7.42500000000000        22.2604453000068     
   7.45000000000000        22.2605603223824     
   7.47500000000000        22.2606733904314     
   7.50000000000000        22.2607845368205     
   7.52500000000000        22.2608937936693     
   7.55000000000000        22.2610011925483     
   7.57500000000000        22.2611067645037     
   7.60000000000000        22.2612105400518     
   7.62500000000000        22.2613125491919     
   7.65000000000000        22.2614128214249     
   7.67500000000000        22.2615113857514     
   7.70000000000000        22.2616082706802     
   7.72500000000000        22.2617035042491     
   7.75000000000000        22.2617971140109     
   7.77500000000000        22.2618891207184     
   7.80000000000000        22.2619795640076     
   7.82500000000000        22.2620684634119     
   7.85000000000000        22.2621558445810     
   7.87500000000000        22.2622417329080     
   7.90000000000000        22.2623261919063     
   7.92500000000000        22.2624091664540     
   7.95000000000000        22.2624907224443     
   7.97500000000000        22.2625708831845     
   8.00000000000000        22.2626496718800     
   8.02500000000000        22.2627271048585     
   8.05000000000000        22.2628032176170     
   8.07500000000000        22.2628780255045     
   8.10000000000000        22.2629515501378     
   8.12500000000000        22.2630238129347     
   8.15000000000000        22.2630948283108     
   8.17500000000000        22.2631646238262     
   8.20000000000000        22.2632332263884     
   8.22500000000000        22.2633006489511     
   8.25000000000000        22.2633669111351     
   8.27500000000000        22.2634320323264     
   8.30000000000000        22.2634960251701     
   8.32500000000000        22.2635589213991     
   8.35000000000000        22.2636207327060     
   8.37500000000000        22.2636814770612     
   8.40000000000000        22.2637412109242     
   8.42500000000000        22.2637998721130     
   8.45000000000000        22.2638575196504     
   8.47500000000000        22.2639141700551     
   8.50000000000000        22.2639698398760     
   8.52500000000000        22.2640245452715     
   8.55000000000000        22.2640783022187     
   8.57500000000000        22.2641311264401     
   8.60000000000000        22.2641830334152     
   8.62500000000000        22.2642340383723     
   8.65000000000000        22.2642841562942     
   8.67500000000000        22.2643334019225     
   8.70000000000000        22.2643817897493     
   8.72500000000000        22.2644293340312     
   8.75000000000000        22.2644760487842     
   8.77500000000000        22.2645219477878     
   8.80000000000000        22.2645670446010     
   8.82500000000000        22.2646113525613     
   8.85000000000000        22.2646548847667     
   8.87500000000000        22.2646976541098     
   8.90000000000000        22.2647396732644     
   8.92500000000000        22.2647809546939     
   8.95000000000000        22.2648215106529     
   8.97500000000000        22.2648613531960     
   9.00000000000000        22.2649004941719     
   9.02500000000000        22.2649389838901     
   9.05000000000000        22.2649767927528     
   9.07500000000000        22.2650138942434     
   9.10000000000000        22.2650503409099     
   9.12500000000000        22.2650861432308     
   9.15000000000000        22.2651213052938     
   9.17500000000000        22.2651558505032     
   9.20000000000000        22.2651897823828     
   9.22500000000000        22.2652231109248     
   9.25000000000000        22.2652558461525     
   9.27500000000000        22.2652879978883     
   9.30000000000000        22.2653195758028     
   9.32500000000000        22.2653505894149     
   9.35000000000000        22.2653810480781     
   9.37500000000000        22.2654109609973     
   9.40000000000000        22.2654403372313     
   9.42500000000000        22.2654691856820     
   9.45000000000000        22.2654975151011     
   9.47500000000000        22.2655253341073     
   9.50000000000000        22.2655526511672     
   9.52500000000000        22.2655794746013     
   9.55000000000000        22.2656058126059     
   9.57500000000000        22.2656316732335     
   9.60000000000000        22.2656570644068     
   9.62500000000000        22.2656819874796     
   9.65000000000000        22.2657064569514     
   9.67500000000000        22.2657304865397     
   9.70000000000000        22.2657540769195     
   9.72500000000000        22.2657772353503     
   9.75000000000000        22.2657999690641     
   9.77500000000000        22.2658222851279     
   9.80000000000000        22.2658441904931     
   9.82500000000000        22.2658656919826     
   9.85000000000000        22.2658867963042     
   9.87500000000000        22.2659075100532     
   9.90000000000000        22.2659278397103     
   9.92500000000000        22.2659477916428     
   9.95000000000000        22.2659673721276     
   9.97500000000000        22.2659865873149     
   10.0000000000000        22.2660054432704     
   10.0250000000000        22.2660239459489     
   10.0500000000000        22.2660421012116     
   10.0750000000000        22.2660599148204     
   10.1000000000000        22.2660773924318     
   10.1250000000000        22.2660945396227     
   10.1500000000000        22.2661113618711     
   10.1750000000000        22.2661278645653     
   10.2000000000000        22.2661440467833     
   10.2250000000000        22.2661599264576     
   10.2500000000000        22.2661755021918     
   10.2750000000000        22.2661907789281     
   10.3000000000000        22.2662057616843     
   10.3250000000000        22.2662204553374     
   10.3500000000000        22.2662348647016     
   10.3750000000000        22.2662489944917     
   10.4000000000000        22.2662628493469     
   10.4250000000000        22.2662764338287     
   10.4500000000000        22.2662897524184     
   10.4750000000000        22.2663028095306     
   10.5000000000000        22.2663156094917     
   10.5250000000000        22.2663281565696     
   10.5500000000000        22.2663404549522     
   10.5750000000000        22.2663525087676     
   10.6000000000000        22.2663643607357     
   10.6250000000000        22.2663759351250     
   10.6500000000000        22.2663872777229     
   10.6750000000000        22.2663983920227     
   10.7000000000000        22.2664092817640     
   10.7250000000000        22.2664199505026     
   10.7500000000000        22.2664304018441     
   10.7750000000000        22.2664406393273     
   10.8000000000000        22.2664506664657     
   10.8250000000000        22.2664604867250     
   10.8500000000000        22.2664701035163     
   10.8750000000000        22.2664795202011     
   10.9000000000000        22.2664887400844     
   10.9250000000000        22.2664977664221     
   10.9500000000000        22.2665065959286     
   10.9750000000000        22.2665152386577     
   11.0000000000000        22.2665237426202     
   11.0250000000000        22.2665320243466     
   11.0500000000000        22.2665401286815     
   11.0750000000000        22.2665480582786     
   11.1000000000000        22.2665558160188     
   11.1250000000000        22.2665634046069     
   11.1500000000000        22.2665708267897     
   11.1750000000000        22.2665780790039     
   11.2000000000000        22.2665851767801     
   11.2250000000000        22.2665921161811     
   11.2500000000000        22.2665988997220     
   11.2750000000000        22.2666055238601     
   11.3000000000000        22.2666120037695     
   11.3250000000000        22.2666183354897     
   11.3500000000000        22.2666245213697     
   11.3750000000000        22.2666305638965     
   11.4000000000000        22.2666364654550     
   11.4250000000000        22.2666422283943     
   11.4500000000000        22.2666478550184     
   11.4750000000000        22.2666533412842     
   11.5000000000000        22.2666587023146     
   11.5250000000000        22.2666639336916     
   11.5500000000000        22.2666690374551     
   11.5750000000000        22.2666740157945     
   11.6000000000000        22.2666788707860     
   11.6250000000000        22.2666836044920     
   11.6500000000000        22.2666882189284     
   11.6750000000000        22.2666927160778     
   11.7000000000000        22.2666971365673     
   11.7250000000000        22.2667014025763     
   11.7500000000000        22.2667055578577     
   11.7750000000000        22.2667096038991     
   11.8000000000000        22.2667135424652     
   11.8250000000000        22.2667173751739     
   11.8500000000000        22.2667211037180     
   11.8750000000000        22.2667247297652     
   11.9000000000000        22.2667282549867     
   11.9250000000000        22.2667316810204     
   11.9500000000000        22.2667350095014     
   11.9750000000000        22.2667382356556     
   12.0000000000000        22.2667413741040     
   12.0250000000000        22.2667444197257     
   12.0500000000000        22.2667473739501     
   12.0750000000000        22.2667502383526     
   12.1000000000000        22.2667530144258     
   12.1250000000000        22.2667557036454     
   12.1500000000000        22.2667583074601     
   12.1750000000000        22.2667608272846     
   12.2000000000000        22.2667632645105     
   12.2250000000000        22.2667656205113     
   12.2500000000000        22.2667678966327     
   12.2750000000000        22.2667700941931     
   12.3000000000000        22.2667722082628     
   12.3250000000000        22.2667742528818     
   12.3500000000000        22.2667762227695     
   12.3750000000000        22.2667781190631     
   12.4000000000000        22.2667799430450     
   12.4250000000000        22.2667816959159     
   12.4500000000000        22.2667833788777     
   12.4750000000000        22.2667849930864     
   12.5000000000000        22.2667865396888     
