  5.000000000000000E-003  7.500004520198822E+019
  1.000000000000000E-002  7.500009092848309E+019
  1.500000000000000E-002  7.500013646460302E+019
  2.000000000000000E-002  7.500018149901415E+019
  2.500000000000000E-002  7.500022594983561E+019
  3.000000000000000E-002  7.500026981928093E+019
  3.500000000000000E-002  7.500031314224660E+019
  4.000000000000000E-002  7.500035596392443E+019
  4.500000000000000E-002  7.500039833114485E+019
  5.000000000000000E-002  7.500044028849860E+019
  5.500000000000000E-002  7.500048187679379E+019
  6.000000000000000E-002  7.500052313294070E+019
  6.500000000000000E-002  7.500056408976887E+019
  7.000000000000001E-002  7.500060418826895E+019
  7.500000000000000E-002  7.500064464275381E+019
  8.000000000000000E-002  7.500068486057845E+019
  8.500000000000001E-002  7.500072488311742E+019
  9.000000000000000E-002  7.500076472156912E+019
  9.500000000000000E-002  7.500080439441850E+019
  0.100000000000000       7.500084391538349E+019
  0.105000000000000       7.500088329764102E+019
  0.110000000000000       7.500092255262369E+019
  0.115000000000000       7.500096169086593E+019
  0.120000000000000       7.500100072168135E+019
  0.125000000000000       7.500103965350260E+019
  0.130000000000000       7.500107849387916E+019
  0.135000000000000       7.500111724976439E+019
  0.140000000000000       7.500115592742055E+019
  0.145000000000000       7.500119453249972E+019
  0.150000000000000       7.500123307021273E+019
  0.155000000000000       7.500127154518162E+019
  0.160000000000000       7.500130996187241E+019
  0.165000000000000       7.500134832404908E+019
  0.170000000000000       7.500138663538298E+019
  0.175000000000000       7.500142489920129E+019
  0.180000000000000       7.500146311854044E+019
  0.185000000000000       7.500150129624248E+019
  0.190000000000000       7.500153943488124E+019
  0.195000000000000       7.500157753678909E+019
  0.200000000000000       7.500161560429409E+019
  0.205000000000000       7.500165372685143E+019
  0.210000000000000       7.500169173200005E+019
  0.215000000000000       7.500172970744825E+019
  0.220000000000000       7.500176765606922E+019
  0.225000000000000       7.500180557896540E+019
  0.230000000000000       7.500184347768829E+019
  0.235000000000000       7.500188135353663E+019
  0.240000000000000       7.500191920772070E+019
  0.245000000000000       7.500195704149149E+019
  0.250000000000000       7.500199485581923E+019
  0.255000000000000       7.500203274138211E+019
  0.260000000000000       7.500207052067340E+019
  0.265000000000000       7.500210828257696E+019
  0.270000000000000       7.500214602908241E+019
  0.275000000000000       7.500218321807055E+019
  0.280000000000000       7.500222094641829E+019
  0.285000000000000       7.500225864683212E+019
  0.290000000000000       7.500229633938907E+019
  0.295000000000000       7.500233347642887E+019
  0.300000000000000       7.500237061383268E+019
  0.305000000000000       7.500240827780004E+019
  0.310000000000000       7.500244592177666E+019
  0.315000000000000       7.500248364755676E+019
  0.320000000000000       7.500252127509488E+019
  0.325000000000000       7.500255889304715E+019
  0.330000000000000       7.500259659143007E+019
  0.335000000000000       7.500263419362936E+019
  0.340000000000000       7.500267178724778E+019
  0.345000000000000       7.500270946295819E+019
  0.350000000000000       7.500274650281491E+019
  0.355000000000000       7.500278408637899E+019
  0.360000000000000       7.500282164956440E+019
  0.365000000000000       7.500285921143140E+019
  0.370000000000000       7.500289676617117E+019
  0.375000000000000       7.500293431596746E+019
  0.380000000000000       7.500297186056376E+019
  0.385000000000000       7.500300948969307E+019
  0.390000000000000       7.500304702555331E+019
  0.395000000000000       7.500308455609716E+019
  0.400000000000000       7.500312208290033E+019
  0.405000000000000       7.500315960570947E+019
  0.410000000000000       7.500319712487029E+019
  0.415000000000000       7.500323464051804E+019
  0.420000000000000       7.500327215288363E+019
  0.425000000000000       7.500330966216642E+019
  0.430000000000000       7.500334716860192E+019
  0.435000000000000       7.500338467231071E+019
  0.440000000000000       7.500342217351673E+019
  0.445000000000000       7.500345967229801E+019
  0.450000000000000       7.500349716887865E+019
  0.455000000000000       7.500353466329858E+019
  0.460000000000000       7.500357215582341E+019
  0.465000000000000       7.500360964654472E+019
  0.470000000000000       7.500364713556858E+019
  0.475000000000000       7.500368462306533E+019
  0.480000000000000       7.500372210909386E+019
  0.485000000000000       7.500375959391853E+019
  0.490000000000000       7.500379707752214E+019
  0.495000000000000       7.500383456007940E+019
  0.500000000000000       7.500387204171791E+019
  0.505000000000000       7.500390952245322E+019
  0.510000000000000       7.500394700254010E+019
  0.515000000000000       7.500398448190467E+019
  0.520000000000000       7.500402196074807E+019
  0.525000000000000       7.500405943912799E+019
  0.530000000000000       7.500409691721746E+019
  0.535000000000000       7.500413439496086E+019
  0.540000000000000       7.500417187255797E+019
  0.545000000000000       7.500420934999404E+019
  0.550000000000000       7.500424682741039E+019
  0.555000000000000       7.500428430487454E+019
  0.560000000000000       7.500432124371942E+019
  0.565000000000000       7.500435873224407E+019
  0.570000000000000       7.500439566780863E+019
  0.575000000000000       7.500443315805109E+019
  0.580000000000000       7.500447063271354E+019
  0.585000000000000       7.500450757448891E+019
  0.590000000000000       7.500454506436215E+019
  0.595000000000000       7.500458254106377E+019
  0.600000000000000       7.500462002294600E+019
  0.605000000000000       7.500465750400239E+019
  0.610000000000000       7.500469498626870E+019
  0.615000000000000       7.500473246911427E+019
  0.620000000000000       7.500476995282333E+019
  0.625000000000000       7.500480743740001E+019
  0.630000000000000       7.500484492284065E+019
  0.635000000000000       7.500488240927257E+019
  0.640000000000000       7.500491989665260E+019
  0.645000000000000       7.500495747476500E+019
  0.650000000000000       7.500499505643463E+019
  0.655000000000000       7.500503254746820E+019
  0.660000000000000       7.500507003911809E+019
  0.665000000000000       7.500510753211964E+019
  0.670000000000000       7.500514502626869E+019
  0.675000000000000       7.500518252172899E+019
  0.680000000000000       7.500522001848749E+019
  0.685000000000000       7.500525751652172E+019
  0.690000000000000       7.500529501594278E+019
  0.695000000000000       7.500533251667159E+019
  0.700000000000000       7.500537001884723E+019
  0.705000000000000       7.500540698334559E+019
  0.710000000000000       7.500544449908089E+019
  0.715000000000000       7.500548200197458E+019
  0.720000000000000       7.500551951112929E+019
  0.725000000000000       7.500555702025444E+019
  0.730000000000000       7.500559453144062E+019
  0.735000000000000       7.500563204401526E+019
  0.740000000000000       7.500566901905167E+019
  0.745000000000000       7.500570280030896E+019
  0.750000000000000       7.500574029974205E+019
  0.755000000000000       7.500577782485015E+019
  0.760000000000000       7.500581534360460E+019
  0.765000000000000       7.500585286673331E+019
  0.770000000000000       7.500589039063161E+019
  0.775000000000000       7.500592791654854E+019
  0.780000000000000       7.500596544410989E+019
  0.785000000000000       7.500600297349256E+019
  0.790000000000000       7.500604050455911E+019
  0.795000000000000       7.500607803739015E+019
  0.800000000000000       7.500611565865096E+019
  0.805000000000000       7.500615319577761E+019
  0.810000000000000       7.500619073377996E+019
  0.815000000000000       7.500622827391743E+019
  0.820000000000000       7.500626581572031E+019
  0.825000000000000       7.500630335940719E+019
  0.830000000000000       7.500634090498313E+019
  0.835000000000000       7.500637845236544E+019
  0.840000000000000       7.500641600157788E+019
  0.845000000000000       7.500645355268415E+019
  0.850000000000000       7.500649110568541E+019
  0.855000000000000       7.500652866058817E+019
  0.860000000000000       7.500656621737340E+019
  0.865000000000000       7.500660377600711E+019
  0.870000000000000       7.500664133657017E+019
  0.875000000000000       7.500667889905466E+019
  0.880000000000000       7.500671646347197E+019
  0.885000000000000       7.500675402977562E+019
  0.890000000000000       7.500679159801346E+019
  0.895000000000000       7.500682925860728E+019
  0.900000000000000       7.500686683138261E+019
  0.905000000000000       7.500690440509161E+019
  0.910000000000000       7.500694198114025E+019
  0.915000000000000       7.500697955892263E+019
  0.920000000000000       7.500701713875375E+019
  0.925000000000000       7.500705472053187E+019
  0.930000000000000       7.500709239178061E+019
  0.935000000000000       7.500712997810017E+019
  0.940000000000000       7.500716765270766E+019
  0.945000000000000       7.500720524302136E+019
  0.950000000000000       7.500724283426903E+019
  0.955000000000000       7.500728042781224E+019
  0.960000000000000       7.500731802310707E+019
  0.965000000000000       7.500735562047218E+019
  0.970000000000000       7.500739330448407E+019
  0.975000000000000       7.500743090634975E+019
  0.980000000000000       7.500746850927624E+019
  0.985000000000000       7.500750611448719E+019
  0.990000000000000       7.500754372144639E+019
  0.995000000000000       7.500758133044542E+019
   1.00000000000000       7.500761894138354E+019
   1.00500000000000       7.500765655425714E+019
   1.01000000000000       7.500769416904404E+019
   1.01500000000000       7.500773187247391E+019
   1.02000000000000       7.500776949181489E+019
   1.02500000000000       7.500780711216603E+019
   1.03000000000000       7.500784473471443E+019
   1.03500000000000       7.500788235912761E+019
   1.04000000000000       7.500791998547449E+019
   1.04500000000000       7.500795761372212E+019
   1.05000000000000       7.500799524392559E+019
   1.05500000000000       7.500803287602543E+019
   1.06000000000000       7.500807059690131E+019
   1.06500000000000       7.500810823352661E+019
   1.07000000000000       7.500814587106799E+019
   1.07500000000000       7.500818351088237E+019
   1.08000000000000       7.500822061137730E+019
   1.08500000000000       7.500825835499381E+019
   1.09000000000000       7.500829599743841E+019
   1.09500000000000       7.500833364562633E+019
   1.10000000000000       7.500837129438952E+019
   1.10500000000000       7.500840894550119E+019
   1.11000000000000       7.500844659832675E+019
   1.11500000000000       7.500848425296885E+019
   1.12000000000000       7.500852190953916E+019
   1.12500000000000       7.500855956790198E+019
   1.13000000000000       7.500859722813832E+019
   1.13500000000000       7.500863489018603E+019
   1.14000000000000       7.500867255411152E+019
   1.14500000000000       7.500871021980833E+019
   1.15000000000000       7.500874788736172E+019
   1.15500000000000       7.500878555679067E+019
   1.16000000000000       7.500882322797601E+019
   1.16500000000000       7.500886090094058E+019
   1.17000000000000       7.500889857568181E+019
   1.17500000000000       7.500893625231126E+019
   1.18000000000000       7.500897393063412E+019
   1.18500000000000       7.500901161072394E+019
   1.19000000000000       7.500904929264234E+019
   1.19500000000000       7.500908697630463E+019
   1.20000000000000       7.500912466175585E+019
   1.20500000000000       7.500916234895793E+019
   1.21000000000000       7.500920003790173E+019
   1.21500000000000       7.500923772854301E+019
   1.22000000000000       7.500927542096827E+019
   1.22500000000000       7.500931320082403E+019
   1.23000000000000       7.500935089743243E+019
   1.23500000000000       7.500938859482325E+019
   1.24000000000000       7.500942638159092E+019
   1.24500000000000       7.500946408333600E+019
   1.25000000000000       7.500950187398903E+019
   1.25500000000000       7.500953957920783E+019
   1.26000000000000       7.500957728506307E+019
   1.26500000000000       7.500961499290327E+019
   1.27000000000000       7.500965270240418E+019
   1.27500000000000       7.500969041356708E+019
   1.28000000000000       7.500972821390475E+019
   1.28500000000000       7.500976592905491E+019
   1.29000000000000       7.500980364497904E+019
   1.29500000000000       7.500984136282997E+019
   1.30000000000000       7.500987908221575E+019
   1.30500000000000       7.500991680328429E+019
   1.31000000000000       7.500995452590783E+019
   1.31500000000000       7.500999225015293E+019
   1.32000000000000       7.501002997606849E+019
   1.32500000000000       7.501006770356440E+019
   1.33000000000000       7.501010543258580E+019
   1.33500000000000       7.501014316325750E+019
   1.34000000000000       7.501018089547763E+019
   1.34500000000000       7.501021862931001E+019
   1.35000000000000       7.501025645356712E+019
   1.35500000000000       7.501029419123129E+019
   1.36000000000000       7.501033192950976E+019
   1.36500000000000       7.501036966958609E+019
   1.37000000000000       7.501040741118385E+019
   1.37500000000000       7.501044515433852E+019
   1.38000000000000       7.501048289901178E+019
   1.38500000000000       7.501052064519838E+019
   1.39000000000000       7.501055839289899E+019
   1.39500000000000       7.501059614211405E+019
   1.40000000000000       7.501063389277694E+019
   1.40500000000000       7.501067173240155E+019
   1.41000000000000       7.501070948673788E+019
   1.41500000000000       7.501074724169523E+019
   1.42000000000000       7.501078499842148E+019
   1.42500000000000       7.501082284487470E+019
   1.43000000000000       7.501086060516442E+019
   1.43500000000000       7.501089836599791E+019
   1.44000000000000       7.501093612855817E+019
   1.44500000000000       7.501097389248815E+019
   1.45000000000000       7.501101165780794E+019
   1.45500000000000       7.501104942459431E+019
   1.46000000000000       7.501108664993364E+019
   1.46500000000000       7.501112443022559E+019
   1.47000000000000       7.501116219766414E+019
   1.47500000000000       7.501119997126238E+019
   1.48000000000000       7.501123774461559E+019
   1.48500000000000       7.501127551999482E+019
   1.49000000000000       7.501131329650621E+019
   1.49500000000000       7.501135053150867E+019
   1.50000000000000       7.501138832151452E+019
   1.50500000000000       7.501142609867550E+019
   1.51000000000000       7.501146388190922E+019
   1.51500000000000       7.501150166489512E+019
   1.52000000000000       7.501153944968321E+019
   1.52500000000000       7.501157723568411E+019
   1.53000000000000       7.501161502305875E+019
   1.53500000000000       7.501165281183113E+019
   1.54000000000000       7.501169060191055E+019
   1.54500000000000       7.501172839317175E+019
   1.55000000000000       7.501176618587242E+019
   1.55500000000000       7.501180397981372E+019
   1.56000000000000       7.501183800126995E+019
   1.56500000000000       7.501187587378474E+019
   1.57000000000000       7.501191376666044E+019
   1.57500000000000       7.501195156455378E+019
   1.58000000000000       7.501198936526201E+019
   1.58500000000000       7.501202716667383E+019
   1.59000000000000       7.501206442620178E+019
   1.59500000000000       7.501210224097812E+019
   1.60000000000000       7.501214004273000E+019
   1.60500000000000       7.501217785048434E+019
   1.61000000000000       7.501221565787401E+019
   1.61500000000000       7.501225346698024E+019
   1.62000000000000       7.501229127709784E+019
   1.62500000000000       7.501232908856784E+019
   1.63000000000000       7.501236635768201E+019
   1.63500000000000       7.501240418228937E+019
   1.64000000000000       7.501244199370124E+019
   1.64500000000000       7.501247981115710E+019
   1.65000000000000       7.501251762816654E+019
   1.65500000000000       7.501255544688445E+019
   1.66000000000000       7.501259326658988E+019
   1.66500000000000       7.501263108750457E+019
   1.67000000000000       7.501266890949606E+019
   1.67500000000000       7.501270673273989E+019
   1.68000000000000       7.501274455709291E+019
   1.68500000000000       7.501278238258106E+019
   1.69000000000000       7.501282020920392E+019
   1.69500000000000       7.501285803698017E+019
   1.70000000000000       7.501289586592173E+019
   1.70500000000000       7.501293369594262E+019
   1.71000000000000       7.501297152707802E+019
   1.71500000000000       7.501300935931462E+019
   1.72000000000000       7.501304719265743E+019
   1.72500000000000       7.501308448322100E+019
   1.73000000000000       7.501312232943963E+019
   1.73500000000000       7.501316016244813E+019
   1.74000000000000       7.501319800131741E+019
   1.74500000000000       7.501323583967943E+019
   1.75000000000000       7.501327376784443E+019
   1.75500000000000       7.501331160938267E+019
   1.76000000000000       7.501334945107862E+019
   1.76500000000000       7.501338729418973E+019
   1.77000000000000       7.501342513814472E+019
   1.77500000000000       7.501346298320580E+019
   1.78000000000000       7.501350082932310E+019
   1.78500000000000       7.501353867644948E+019
   1.79000000000000       7.501357652461599E+019
   1.79500000000000       7.501361437380035E+019
   1.80000000000000       7.501365222405898E+019
   1.80500000000000       7.501369007526851E+019
   1.81000000000000       7.501372792755605E+019
   1.81500000000000       7.501376578070025E+019
   1.82000000000000       7.501380363490737E+019
   1.82500000000000       7.501384149015233E+019
   1.83000000000000       7.501387934639001E+019
   1.83500000000000       7.501391720358278E+019
   1.84000000000000       7.501395506166782E+019
   1.84500000000000       7.501399292076186E+019
   1.85000000000000       7.501403078083356E+019
   1.85500000000000       7.501406864185233E+019
   1.86000000000000       7.501410650389176E+019
   1.86500000000000       7.501414436690638E+019
   1.87000000000000       7.501418223077823E+019
   1.87500000000000       7.501422009561460E+019
   1.88000000000000       7.501425796132287E+019
   1.88500000000000       7.501429582802552E+019
   1.89000000000000       7.501433369563149E+019
   1.89500000000000       7.501437165483142E+019
   1.90000000000000       7.501440952493271E+019
   1.90500000000000       7.501444739506518E+019
   1.91000000000000       7.501448526646283E+019
   1.91500000000000       7.501452313859401E+019
   1.92000000000000       7.501456101169778E+019
   1.92500000000000       7.501459888562268E+019
   1.93000000000000       7.501463684744946E+019
   1.93500000000000       7.501467472392638E+019
   1.94000000000000       7.501471260032111E+019
   1.94500000000000       7.501475047795963E+019
   1.95000000000000       7.501478844336778E+019
   1.95500000000000       7.501482632335761E+019
   1.96000000000000       7.501486429334305E+019
   1.96500000000000       7.501490217505821E+019
   1.97000000000000       7.501494005662727E+019
   1.97500000000000       7.501497793934842E+019
   1.98000000000000       7.501501582281266E+019
   1.98500000000000       7.501505370714856E+019
   1.99000000000000       7.501509159233371E+019
   1.99500000000000       7.501512947834366E+019
   2.00000000000000       7.501516745332582E+019
   2.00500000000000       7.501520534167816E+019
   2.01000000000000       7.501523944698341E+019
   2.01500000000000       7.501527732202163E+019
   2.02000000000000       7.501531521682612E+019
   2.02500000000000       7.501535319504401E+019
   2.03000000000000       7.501539108799568E+019
   2.03500000000000       7.501542898011069E+019
   2.04000000000000       7.501546687354624E+019
   2.04500000000000       7.501550476758447E+019
   2.05000000000000       7.501554266246621E+019
   2.05500000000000       7.501558055812592E+019
   2.06000000000000       7.501561845458123E+019
   2.06500000000000       7.501565635188821E+019
   2.07000000000000       7.501569424989466E+019
   2.07500000000000       7.501573214873803E+019
   2.08000000000000       7.501577004827556E+019
   2.08500000000000       7.501580794861738E+019
   2.09000000000000       7.501584584964130E+019
   2.09500000000000       7.501588375145506E+019
   2.10000000000000       7.501592165398879E+019
   2.10500000000000       7.501595955723991E+019
   2.11000000000000       7.501599746124818E+019
   2.11500000000000       7.501603536598586E+019
   2.12000000000000       7.501607272668283E+019
   2.12500000000000       7.501611064364353E+019
   2.13000000000000       7.501614854705483E+019
   2.13500000000000       7.501618645601454E+019
   2.14000000000000       7.501622436407022E+019
   2.14500000000000       7.501626227339706E+019
   2.15000000000000       7.501630018325622E+019
   2.15500000000000       7.501633818338247E+019
   2.16000000000000       7.501637609532226E+019
   2.16500000000000       7.501641400701682E+019
   2.17000000000000       7.501645191966548E+019
   2.17500000000000       7.501648983291031E+019
   2.18000000000000       7.501652774690626E+019
   2.18500000000000       7.501656566158923E+019
   2.19000000000000       7.501660357703809E+019
   2.19500000000000       7.501664149318345E+019
   2.20000000000000       7.501667941009424E+019
   2.20500000000000       7.501671732768557E+019
   2.21000000000000       7.501675524594049E+019
   2.21500000000000       7.501679316479821E+019
   2.22000000000000       7.501683108422990E+019
   2.22500000000000       7.501686900434955E+019
   2.23000000000000       7.501690692506282E+019
   2.23500000000000       7.501694484638715E+019
   2.24000000000000       7.501698285611567E+019
   2.24500000000000       7.501702077948441E+019
   2.25000000000000       7.501705870256208E+019
   2.25500000000000       7.501709662671747E+019
   2.26000000000000       7.501713455146513E+019
   2.26500000000000       7.501717247698357E+019
   2.27000000000000       7.501721040310510E+019
   2.27500000000000       7.501724832983869E+019
   2.28000000000000       7.501728625716491E+019
   2.28500000000000       7.501732418502276E+019
   2.29000000000000       7.501736211334860E+019
   2.29500000000000       7.501740004219943E+019
   2.30000000000000       7.501743797165235E+019
   2.30500000000000       7.501747590170621E+019
   2.31000000000000       7.501751383234843E+019
   2.31500000000000       7.501755176375248E+019
   2.32000000000000       7.501758969584499E+019
   2.32500000000000       7.501762762871452E+019
   2.33000000000000       7.501766556232943E+019
   2.33500000000000       7.501770358552315E+019
   2.34000000000000       7.501774152104531E+019
   2.34500000000000       7.501777945611438E+019
   2.35000000000000       7.501781739188824E+019
   2.35500000000000       7.501785532798583E+019
   2.36000000000000       7.501789326447582E+019
   2.36500000000000       7.501793120139103E+019
   2.37000000000000       7.501796913882818E+019
   2.37500000000000       7.501800707695357E+019
   2.38000000000000       7.501804510474763E+019
   2.38500000000000       7.501808304520934E+019
   2.39000000000000       7.501812098561956E+019
   2.39500000000000       7.501815892707618E+019
   2.40000000000000       7.501819686911694E+019
   2.40500000000000       7.501823481171077E+019
   2.41000000000000       7.501827275459926E+019
   2.41500000000000       7.501831069767190E+019
   2.42000000000000       7.501834864101306E+019
   2.42500000000000       7.501838658450876E+019
   2.43000000000000       7.501842452830557E+019
   2.43500000000000       7.501846247257250E+019
   2.44000000000000       7.501850041762995E+019
   2.44500000000000       7.501853836350343E+019
   2.45000000000000       7.501857252115866E+019
   2.45500000000000       7.501861045485235E+019
   2.46000000000000       7.501864840852591E+019
   2.46500000000000       7.501868635658427E+019
   2.47000000000000       7.501872430720924E+019
   2.47500000000000       7.501876225722573E+019
   2.48000000000000       7.501880020745554E+019
   2.48500000000000       7.501883761187701E+019
   2.49000000000000       7.501887557238130E+019
   2.49500000000000       7.501891351866710E+019
   2.50000000000000       7.501895092462505E+019
   2.52500000000000       7.501914069229715E+019
   2.55000000000000       7.501933046495730E+019
   2.57500000000000       7.501952025080052E+019
   2.60000000000000       7.501971004674372E+019
   2.62500000000000       7.501989985681283E+019
   2.65000000000000       7.502008967789892E+019
   2.67500000000000       7.502027950933521E+019
   2.70000000000000       7.502046665568549E+019
   2.72500000000000       7.502065651876407E+019
   2.75000000000000       7.502084637905214E+019
   2.77500000000000       7.502103355748534E+019
   2.80000000000000       7.502122345054957E+019
   2.82500000000000       7.502141334107650E+019
   2.85000000000000       7.502160324517675E+019
   2.87500000000000       7.502179315697854E+019
   2.90000000000000       7.502198307853823E+019
   2.92500000000000       7.502217300876247E+019
   2.95000000000000       7.502236294797438E+019
   2.97500000000000       7.502255289578655E+019
   3.00000000000000       7.502274285200907E+019
   3.02500000000000       7.502293281631411E+019
   3.05000000000000       7.502312278884019E+019
   3.07500000000000       7.502331276918740E+019
   3.10000000000000       7.502350275734810E+019
   3.12500000000000       7.502369275319625E+019
   3.15000000000000       7.502388275641845E+019
   3.17500000000000       7.502407276715404E+019
   3.20000000000000       7.502426278487880E+019
   3.22500000000000       7.502445280949961E+019
   3.25000000000000       7.502464284100056E+019
   3.27500000000000       7.502483287950354E+019
   3.30000000000000       7.502502292427158E+019
   3.32500000000000       7.502521297593123E+019
   3.35000000000000       7.502540303381691E+019
   3.37500000000000       7.502559309793011E+019
   3.40000000000000       7.502578316828536E+019
   3.42500000000000       7.502597324482540E+019
   3.45000000000000       7.502616332713766E+019
   3.47500000000000       7.502635341535742E+019
   3.50000000000000       7.502654350912166E+019
   3.52500000000000       7.502673360871875E+019
   3.55000000000000       7.502692371367161E+019
   3.57500000000000       7.502711382409637E+019
   3.60000000000000       7.502730437410623E+019
   3.62500000000000       7.502749449657616E+019
   3.65000000000000       7.502768462217365E+019
   3.67500000000000       7.502787475324205E+019
   3.70000000000000       7.502806488972906E+019
   3.72500000000000       7.502825503063138E+019
   3.75000000000000       7.502844517649536E+019
   3.77500000000000       7.502863532716355E+019
   3.80000000000000       7.502880644804406E+019
   3.82500000000000       7.502899659642549E+019
   3.85000000000000       7.502918676433283E+019
   3.87500000000000       7.502937693162902E+019
   3.90000000000000       7.502956710502975E+019
   3.92500000000000       7.502975728240946E+019
   3.95000000000000       7.502994791487160E+019
   3.97500000000000       7.503013810193300E+019
   4.00000000000000       7.503032829080070E+019
   4.02500000000000       7.503051848459130E+019
   4.05000000000000       7.503070868230260E+019
   4.07500000000000       7.503089888382699E+019
   4.10000000000000       7.503108908895416E+019
   4.12500000000000       7.503127929809451E+019
   4.15000000000000       7.503146951117233E+019
   4.17500000000000       7.503165972764398E+019
   4.20000000000000       7.503184994794306E+019
   4.22500000000000       7.503204017152637E+019
   4.25000000000000       7.503223039873237E+019
   4.27500000000000       7.503242062944405E+019
   4.30000000000000       7.503261086358870E+019
   4.32500000000000       7.503279839926480E+019
   4.35000000000000       7.503298864962375E+019
   4.37500000000000       7.503317618813711E+019
   4.40000000000000       7.503336644604931E+019
   4.42500000000000       7.503355669282115E+019
   4.45000000000000       7.503374694763415E+019
   4.47500000000000       7.503393720390181E+019
   4.50000000000000       7.503412746381713E+019
   4.52500000000000       7.503431772658287E+019
   4.55000000000000       7.503450799228690E+019
   4.57500000000000       7.503469826086512E+019
   4.60000000000000       7.503488853243599E+019
   4.62500000000000       7.503507880691687E+019
   4.65000000000000       7.503526908395474E+019
   4.67500000000000       7.503545980645578E+019
   4.70000000000000       7.503565009051532E+019
   4.72500000000000       7.503584081325985E+019
   4.75000000000000       7.503603110294638E+019
   4.77500000000000       7.503622139341827E+019
   4.80000000000000       7.503641168678671E+019
   4.82500000000000       7.503660198282874E+019
   4.85000000000000       7.503679228123921E+019
   4.87500000000000       7.503698258252838E+019
   4.90000000000000       7.503717288624490E+019
   4.92500000000000       7.503736319254905E+019
   4.95000000000000       7.503755350111542E+019
   4.97500000000000       7.503774381208299E+019
   5.00000000000000       7.503793412566657E+019
   5.02500000000000       7.503812444140960E+019
   5.05000000000000       7.503831475962336E+019
   5.07500000000000       7.503850508005953E+019
   5.10000000000000       7.503869540295831E+019
   5.12500000000000       7.503888572786342E+019
   5.15000000000000       7.503907605518547E+019
   5.17500000000000       7.503924733090574E+019
   5.20000000000000       7.503943765100036E+019
   5.22500000000000       7.503962528639784E+019
   5.25000000000000       7.503981563073715E+019
   5.27500000000000       7.504000596582382E+019
   5.30000000000000       7.504019630621783E+019
   5.32500000000000       7.504038708763702E+019
   5.35000000000000       7.504057788202307E+019
   5.37500000000000       7.504076822882902E+019
   5.40000000000000       7.504093952197701E+019
   5.42500000000000       7.504112986061313E+019
   5.45000000000000       7.504132021626900E+019
   5.47500000000000       7.504151056914135E+019
   5.50000000000000       7.504170092541382E+019
   5.52500000000000       7.504189128308998E+019
   5.55000000000000       7.504208164289493E+019
   5.57500000000000       7.504227200470334E+019
   5.60000000000000       7.504246236799413E+019
   5.62500000000000       7.504265273311783E+019
   5.65000000000000       7.504284310048757E+019
   5.67500000000000       7.504303346939322E+019
   5.70000000000000       7.504322384027515E+019
   5.72500000000000       7.504341421263589E+019
   5.75000000000000       7.504360458699645E+019
   5.77500000000000       7.504379496347931E+019
   5.80000000000000       7.504398534119457E+019
   5.82500000000000       7.504417572081949E+019
   5.85000000000000       7.504436654966476E+019
   5.87500000000000       7.504455693399333E+019
   5.90000000000000       7.504474731843376E+019
   5.92500000000000       7.504493770497691E+019
   5.95000000000000       7.504512809293326E+019
   5.97500000000000       7.504531848291936E+019
   6.00000000000000       7.504550887409181E+019
   6.02500000000000       7.504569926697855E+019
   6.05000000000000       7.504588966174161E+019
   6.07500000000000       7.504608005768420E+019
   6.10000000000000       7.504627045530921E+019
   6.12500000000000       7.504646085465743E+019
   6.15000000000000       7.504665125561188E+019
   6.17500000000000       7.504684165798398E+019
   6.20000000000000       7.504702935772145E+019
   6.22500000000000       7.504721977278285E+019
   6.25000000000000       7.504741017670355E+019
   6.27500000000000       7.504760058623286E+019
   6.30000000000000       7.504779099597483E+019
   6.32500000000000       7.504797870332969E+019
   6.35000000000000       7.504816912599848E+019
   6.37500000000000       7.504835953713237E+019
   6.40000000000000       7.504854995409597E+019
   6.42500000000000       7.504874037116743E+019
   6.45000000000000       7.504893079026649E+019
   6.47500000000000       7.504912121047074E+019
   6.50000000000000       7.504931163220600E+019
   6.52500000000000       7.504950205512139E+019
   6.55000000000000       7.504969247956623E+019
   6.57500000000000       7.504988290552426E+019
   6.60000000000000       7.505007062814663E+019
   6.62500000000000       7.505026106632331E+019
   6.65000000000000       7.505045149310155E+019
   6.67500000000000       7.505064192567032E+019
   6.70000000000000       7.505082965326001E+019
   6.72500000000000       7.505102009714894E+019
   6.75000000000000       7.505121052944174E+019
   6.77500000000000       7.505140096743530E+019
   6.80000000000000       7.505159140507627E+019
   6.82500000000000       7.505178184464892E+019
   6.85000000000000       7.505197228564215E+019
   6.87500000000000       7.505216272769248E+019
   6.90000000000000       7.505235317096576E+019
   6.92500000000000       7.505254361557960E+019
   6.95000000000000       7.505273406176679E+019
   6.97500000000000       7.505292180409555E+019
   7.00000000000000       7.505311226251385E+019
   7.02500000000000       7.505330270913864E+019
   7.05000000000000       7.505349316138168E+019
   7.07500000000000       7.505368361332516E+019
   7.10000000000000       7.505387406705187E+019
   7.12500000000000       7.505406452169831E+019
   7.15000000000000       7.505425497789751E+019
   7.17500000000000       7.505444588434543E+019
   7.20000000000000       7.505463634426592E+019
   7.22500000000000       7.505482680379231E+019
   7.25000000000000       7.505501726490711E+019
   7.27500000000000       7.505520772735040E+019
   7.30000000000000       7.505539819088449E+019
   7.32500000000000       7.505558865535931E+019
   7.35000000000000       7.505577912135590E+019
   7.37500000000000       7.505596958863422E+019
   7.40000000000000       7.505616005705158E+019
   7.42500000000000       7.505635052644385E+019
   7.45000000000000       7.505654099721871E+019
   7.47500000000000       7.505673146938850E+019
   7.50000000000000       7.505692194267662E+019
   7.52500000000000       7.505711241724418E+019
   7.55000000000000       7.505730289276879E+019
   7.57500000000000       7.505749336931310E+019
   7.60000000000000       7.505768384716338E+019
   7.62500000000000       7.505787432609631E+019
   7.65000000000000       7.505806480612150E+019
   7.67500000000000       7.505825528751325E+019
   7.70000000000000       7.505844576987549E+019
   7.72500000000000       7.505863625379498E+019
   7.75000000000000       7.505882719167355E+019
   7.77500000000000       7.505901767902318E+019
   7.80000000000000       7.505920816563130E+019
   7.82500000000000       7.505939865413276E+019
   7.85000000000000       7.505958914320332E+019
   7.87500000000000       7.505977692812409E+019
   7.90000000000000       7.505996742919725E+019
   7.92500000000000       7.506015791863099E+019
   7.95000000000000       7.506034841326900E+019
   7.97500000000000       7.506053890803612E+019
   8.00000000000000       7.506072985976449E+019
   8.02500000000000       7.506092035815575E+019
   8.05000000000000       7.506111085618063E+019
   8.07500000000000       7.506130135563205E+019
   8.10000000000000       7.506149185581498E+019
   8.12500000000000       7.506168282716022E+019
   8.15000000000000       7.506187380126133E+019
   8.17500000000000       7.506206430577092E+019
   8.20000000000000       7.506225481045774E+019
   8.22500000000000       7.506244531631859E+019
   8.25000000000000       7.506263582299419E+019
   8.27500000000000       7.506282678497119E+019
   8.30000000000000       7.506301729532803E+019
   8.32500000000000       7.506320780525706E+019
   8.35000000000000       7.506339831681425E+019
   8.37500000000000       7.506358612340043E+019
   8.40000000000000       7.506377664649760E+019
   8.42500000000000       7.506396715762403E+019
   8.45000000000000       7.506415767419265E+019
   8.47500000000000       7.506434819047259E+019
   8.50000000000000       7.506453870815907E+019
   8.52500000000000       7.506472922678745E+019
   8.55000000000000       7.506491974646678E+019
   8.57500000000000       7.506511026713464E+019
   8.60000000000000       7.506530078900186E+019
   8.62500000000000       7.506549131207116E+019
   8.65000000000000       7.506568183602892E+019
   8.67500000000000       7.506587236105206E+019
   8.70000000000000       7.506606288696007E+019
   8.72500000000000       7.506625341383143E+019
   8.75000000000000       7.506644394208079E+019
   8.77500000000000       7.506663447148977E+019
   8.80000000000000       7.506682500144572E+019
   8.82500000000000       7.506701553265675E+019
   8.85000000000000       7.506720606487739E+019
   8.87500000000000       7.506739659819223E+019
   8.90000000000000       7.506758713258782E+019
   8.92500000000000       7.506777766813141E+019
   8.95000000000000       7.506796820460934E+019
   8.97500000000000       7.506815874213637E+019
   9.00000000000000       7.506834657411754E+019
   9.02500000000000       7.506853441837151E+019
   9.05000000000000       7.506872496533728E+019
   9.07500000000000       7.506891550467121E+019
   9.10000000000000       7.506910604778340E+019
   9.12500000000000       7.506929704740864E+019
   9.15000000000000       7.506948759347334E+019
   9.17500000000000       7.506967813839190E+019
   9.20000000000000       7.506986868497082E+019
   9.22500000000000       7.507005923247673E+019
   9.25000000000000       7.507024978084934E+019
   9.27500000000000       7.507044033038246E+019
   9.30000000000000       7.507063088071562E+019
   9.32500000000000       7.507082143224437E+019
   9.35000000000000       7.507101198495831E+019
   9.37500000000000       7.507120253846014E+019
   9.40000000000000       7.507139309290802E+019
   9.42500000000000       7.507158364855245E+019
   9.45000000000000       7.507177420497388E+019
   9.47500000000000       7.507196476221638E+019
   9.50000000000000       7.507215532084496E+019
   9.52500000000000       7.507234588041370E+019
   9.55000000000000       7.507253644098255E+019
   9.57500000000000       7.507272700240811E+019
   9.60000000000000       7.507291802306067E+019
   9.62500000000000       7.507310903771485E+019
   9.65000000000000       7.507329960297233E+019
   9.67500000000000       7.507349016845315E+019
   9.70000000000000       7.507368073507804E+019
   9.72500000000000       7.507387130250007E+019
   9.75000000000000       7.507406187101300E+019
   9.77500000000000       7.507425244039700E+019
   9.80000000000000       7.507444301082960E+019
   9.82500000000000       7.507463358231835E+019
   9.85000000000000       7.507482415460973E+019
   9.87500000000000       7.507501472786042E+019
   9.90000000000000       7.507520530242527E+019
   9.92500000000000       7.507539587755439E+019
   9.95000000000000       7.507558645398449E+019
   9.97500000000000       7.507577703128152E+019
   10.0000000000000       7.507596760957606E+019
   10.0250000000000       7.507615818876246E+019
   10.0500000000000       7.507634876862854E+019
   10.0750000000000       7.507653934989623E+019
   10.1000000000000       7.507672993210792E+019
   10.1250000000000       7.507692051533513E+019
   10.1500000000000       7.507711109944164E+019
   10.1750000000000       7.507730212762680E+019
   10.2000000000000       7.507749271499206E+019
   10.2250000000000       7.507768330167833E+019
   10.2500000000000       7.507787388986134E+019
   10.2750000000000       7.507806447886180E+019
   10.3000000000000       7.507825506906520E+019
   10.3250000000000       7.507844565996842E+019
   10.3500000000000       7.507863625185942E+019
   10.3750000000000       7.507882684473382E+019
   10.4000000000000       7.507901743854854E+019
   10.4250000000000       7.507920803344066E+019
   10.4500000000000       7.507939862898321E+019
   10.4750000000000       7.507958922577153E+019
   10.5000000000000       7.507977982345737E+019
   10.5250000000000       7.507997042227320E+019
   10.5500000000000       7.508016102175680E+019
   10.5750000000000       7.508034891522997E+019
   10.6000000000000       7.508053952637834E+019
   10.6250000000000       7.508073012577860E+019
   10.6500000000000       7.508092073040924E+019
   10.6750000000000       7.508111133440126E+019
   10.7000000000000       7.508130194006927E+019
   10.7250000000000       7.508149254622940E+019
   10.7500000000000       7.508168315368302E+019
   10.7750000000000       7.508187376218812E+019
   10.8000000000000       7.508206437153033E+019
   10.8250000000000       7.508225498179985E+019
   10.8500000000000       7.508244559286038E+019
   10.8750000000000       7.508263620491375E+019
   10.9000000000000       7.508282681787279E+019
   10.9250000000000       7.508301789399504E+019
   10.9500000000000       7.508320896384444E+019
   10.9750000000000       7.508339687284277E+019
   11.0000000000000       7.508358749902302E+019
   11.0250000000000       7.508377811376000E+019
   11.0500000000000       7.508396873392275E+019
   11.0750000000000       7.508415935326614E+019
   11.1000000000000       7.508434997406754E+019
   11.1250000000000       7.508454059588185E+019
   11.1500000000000       7.508473166581778E+019
   11.1750000000000       7.508492229072096E+019
   11.2000000000000       7.508511291487288E+019
   11.2250000000000       7.508530354053861E+019
   11.2500000000000       7.508549460687512E+019
   11.2750000000000       7.508568523567279E+019
   11.3000000000000       7.508587586330160E+019
   11.3250000000000       7.508606649289466E+019
   11.3500000000000       7.508625712320265E+019
   11.3750000000000       7.508644775437620E+019
   11.4000000000000       7.508663838643072E+019
   11.4250000000000       7.508682901940244E+019
   11.4500000000000       7.508702010255922E+019
   11.4750000000000       7.508721073892627E+019
   11.5000000000000       7.508740137423767E+019
   11.5250000000000       7.508759201152387E+019
   11.5500000000000       7.508778264924350E+019
   11.5750000000000       7.508797328816914E+019
   11.6000000000000       7.508816392814679E+019
   11.6250000000000       7.508835456908129E+019
   11.6500000000000       7.508854521093282E+019
   11.6750000000000       7.508873314589103E+019
   11.7000000000000       7.508892379900227E+019
   11.7250000000000       7.508911444027825E+019
   11.7500000000000       7.508930508674408E+019
   11.7750000000000       7.508949573264074E+019
   11.8000000000000       7.508968638013407E+019
   11.8250000000000       7.508987702833108E+019
   11.8500000000000       7.509006767762869E+019
   11.8750000000000       7.509025832753080E+019
   11.9000000000000       7.509044897873614E+019
   11.9250000000000       7.509063963065465E+019
   11.9500000000000       7.509083073767960E+019
   11.9750000000000       7.509102139304950E+019
   12.0000000000000       7.509121204745521E+019
   12.0250000000000       7.509140270353436E+019
   12.0500000000000       7.509159336041356E+019
   12.0750000000000       7.509178401828476E+019
   12.1000000000000       7.509197467715517E+019
   12.1250000000000       7.509216533669711E+019
   12.1500000000000       7.509235599719103E+019
   12.1750000000000       7.509254665880483E+019
   12.2000000000000       7.509273732124511E+019
   12.2250000000000       7.509292798455985E+019
   12.2500000000000       7.509311864909706E+019
   12.2750000000000       7.509330975885767E+019
   12.3000000000000       7.509350042628227E+019
   12.3250000000000       7.509369109292858E+019
   12.3500000000000       7.509388176113150E+019
   12.3750000000000       7.509407243010882E+019
   12.4000000000000       7.509426310029514E+019
   12.4250000000000       7.509445377105833E+019
   12.4500000000000       7.509464444293890E+019
   12.4750000000000       7.509483511576207E+019
   12.5000000000000       7.509502578967716E+019
