  5.000000000000000E-003   18.3463085163119        12.3363844693615     
  1.000000000000000E-002   18.6556729091802        12.6274951368174     
  1.500000000000000E-002   18.9405500212597        12.8865348311049     
  2.000000000000000E-002   19.2031527381640        13.1188282039415     
  2.500000000000000E-002   19.4455937272521        13.3286928881931     
  3.000000000000000E-002   19.6698453061197        13.5196073661074     
  3.500000000000000E-002   19.8777188904302        13.6943801702868     
  4.000000000000000E-002   20.0708597976017        13.8552938422721     
  4.500000000000000E-002   20.2507516930331        14.0042195589977     
  5.000000000000000E-002   20.4187263613830        14.1427058332342     
  5.500000000000000E-002   20.5759759867351        14.2720463970970     
  6.000000000000000E-002   20.7235662302272        14.3933320589511     
  6.500000000000000E-002   20.8624491204618        14.5074904516866     
  7.000000000000001E-002   20.9934753286222        14.6153167781291     
  7.500000000000000E-002   21.1174049461023        14.7174973162115     
  8.000000000000000E-002   21.2349182885227        14.8146286799721     
  8.500000000000001E-002   21.3466245050646        14.9072322645043     
  9.000000000000000E-002   21.4530697894405        14.9957662285438     
  9.500000000000000E-002   21.5547445181283        15.0806350728095     
  0.100000000000000        21.6520895621562        15.1621974566128     
  0.105000000000000        21.7455018441245        15.2407726216623     
  0.110000000000000        21.8353392311564        15.3166457180551     
  0.115000000000000        21.9219248403936        15.3900722526064     
  0.120000000000000        22.0055508288793        15.4612818310016     
  0.125000000000000        22.0864817310302        15.5304813262391     
  0.130000000000000        22.1649574001592        15.5978575776893     
  0.135000000000000        22.2411956034511        15.6635797029996     
  0.140000000000000        22.3153943138051        15.7278010885660     
  0.145000000000000        22.3877337364122        15.7906611113094     
  0.150000000000000        22.4583781030760        15.8522866344774     
  0.155000000000000        22.5274772630574        15.9127933123733     
  0.160000000000000        22.5951680954917        15.9722867326062     
  0.165000000000000        22.6615757652277        16.0308634196472     
  0.170000000000000        22.7268148409477        16.0886117192026     
  0.175000000000000        22.7909902922761        16.1456125800960     
  0.180000000000000        22.8541983801891        16.2019402473687     
  0.185000000000000        22.9165274533584        16.2576628783894     
  0.190000000000000        22.9780586614083        16.3128430918717     
  0.195000000000000        23.0388665947342        16.3675384583436     
  0.200000000000000        23.0990198591466        16.4218019391647     
  0.205000000000000        23.1585815769574        16.4756822674509     
  0.210000000000000        23.2176099181791        16.5292243562020     
  0.215000000000000        23.2761584216319        16.5824695352980     
  0.220000000000000        23.3342764400867        16.6354558944473     
  0.225000000000000        23.3920094699490        16.6882185318185     
  0.230000000000000        23.4493994605873        16.7407897886213     
  0.235000000000000        23.5064850975724        16.7931994640829     
  0.240000000000000        23.5633020592010        16.8454750102459     
  0.245000000000000        23.6198832501918        16.8976417096191     
  0.250000000000000        23.6762590145905        16.9497228372456     
  0.255000000000000        23.7324573127602        17.0017397944835     
  0.260000000000000        23.7885039685983        17.0537123025146     
  0.265000000000000        23.8444227261738        17.1056584381723     
  0.270000000000000        23.9002354681096        17.1575948068411     
  0.275000000000000        23.9559624520576        17.2095367288282     
  0.280000000000000        24.0116219585010        17.2614979420312     
  0.285000000000000        24.0672311476686        17.3134913060822     
  0.290000000000000        24.1228056423244        17.3655284469880     
  0.295000000000000        24.1783598917653        17.4176200558709     
  0.300000000000000        24.2339068874950        17.4697756490675     
  0.305000000000000        24.2894585174592        17.5220038600821     
  0.310000000000000        24.3450258644437        17.5743126806122     
  0.315000000000000        24.4006188812535        17.6267091864000     
  0.320000000000000        24.4562466697160        17.6791997689552     
  0.325000000000000        24.5119174261842        17.7317900865007     
  0.330000000000000        24.5676385545132        17.7844851567395     
  0.335000000000000        24.6234167754593        17.8372894456031     
  0.340000000000000        24.6792580634285        17.8902068119614     
  0.345000000000000        24.7351677474527        17.9432405913606     
  0.350000000000000        24.7911507324028        17.9963937781922     
  0.355000000000000        24.8472109272028        18.0496685482670     
  0.360000000000000        24.9033521309159        18.1030669987582     
  0.365000000000000        24.9595775054749        18.1565907031094     
  0.370000000000000        25.0158897617407        18.2102408682857     
  0.375000000000000        25.0722911799744        18.2640183510058     
  0.380000000000000        25.1287836414102        18.3179236834933     
  0.385000000000000        25.1853686348923        18.3719570784730     
  0.390000000000000        25.2420473583428        18.4261185140808     
  0.395000000000000        25.2988206263869        18.4804076550607     
  0.400000000000000        25.3556889684187        18.5348239359389     
  0.405000000000000        25.4126526324907        18.5893665633893     
  0.410000000000000        25.4697116024206        18.6440345304707     
  0.415000000000000        25.5268656165577        18.6988266322091     
  0.420000000000000        25.5841141845318        18.7537414795434     
  0.425000000000000        25.6414566032927        18.8087775127084     
  0.430000000000000        25.6988919720983        18.8639330137542     
  0.435000000000000        25.7564192066525        18.9192061183919     
  0.440000000000000        25.8140370523744        18.9745948271151     
  0.445000000000000        25.8717440969138        19.0300970157229     
  0.450000000000000        25.9295387819119        19.0857104452094     
  0.455000000000000        25.9874194141036        19.1414327711321     
  0.460000000000000        26.0453841757217        19.1972615523814     
  0.465000000000000        26.1034311343843        19.2531942595499     
  0.470000000000000        26.1615582523203        19.3092282827358     
  0.475000000000000        26.2197633951186        19.3653609389502     
  0.480000000000000        26.2780443399397        19.4215894790932     
  0.485000000000000        26.3363987832632        19.4779110945175     
  0.490000000000000        26.3948243482341        19.5343229232867     
  0.495000000000000        26.4533185914883        19.5908220559662     
  0.500000000000000        26.5118790096779        19.6474055411807     
  0.505000000000000        26.5705030455742        19.7040703908124     
  0.510000000000000        26.6291880937885        19.7608135848648     
  0.515000000000000        26.6879315062918        19.8176320761783     
  0.520000000000000        26.7467305973918        19.8745227946558     
  0.525000000000000        26.8055826486563        19.9314826514704     
  0.530000000000000        26.8644849133730        19.9885085428551     
  0.535000000000000        26.9234346208842        20.0455973538101     
  0.540000000000000        26.9824289805100        20.1027459614218     
  0.545000000000000        27.0414651854041        20.1599512381670     
  0.550000000000000        27.1005404160410        20.2172100548613     
  0.555000000000000        27.1596518435987        20.2745192835449     
  0.560000000000000        27.2187967707131        20.3318759164729     
  0.565000000000000        27.2779720689547        20.3892765894987     
  0.570000000000000        27.3371751974496        20.4467184476915     
  0.575000000000000        27.3964030208689        20.5041981383981     
  0.580000000000000        27.4556528693108        20.5617127155595     
  0.585000000000000        27.5149220495002        20.6192592198507     
  0.590000000000000        27.5742074527367        20.6768343484283     
  0.595000000000000        27.6335064340174        20.7344352037995     
  0.600000000000000        27.6928161940266        20.7920587639987     
  0.605000000000000        27.7521339564567        20.8497020359859     
  0.610000000000000        27.8114569584876        20.9073620472844     
  0.615000000000000        27.8707824560458        20.9650358503252     
  0.620000000000000        27.9301077239211        21.0227205224645     
  0.625000000000000        27.9894300574939        21.0804131673941     
  0.630000000000000        28.0487467738000        21.1381109159978     
  0.635000000000000        28.1080552126504        21.1958109272456     
  0.640000000000000        28.1673527377109        21.2535103890689     
  0.645000000000000        28.2266367149209        21.3112064997110     
  0.650000000000000        28.2859045813406        21.3688965271421     
  0.655000000000000        28.3451538017971        21.4265777710664     
  0.660000000000000        28.4043818192986        21.4842475205130     
  0.665000000000000        28.4635861287943        21.5419031177744     
  0.670000000000000        28.5227642547652        21.5995419384683     
  0.675000000000000        28.5819137503722        21.6571613908555     
  0.680000000000000        28.6410321984214        21.7147589165982     
  0.685000000000000        28.7001172117145        21.7723319910019     
  0.690000000000000        28.7591664334177        21.8298781232614     
  0.695000000000000        28.8181775374904        21.8873948567713     
  0.700000000000000        28.8771482289271        21.9448797692443     
  0.705000000000000        28.9360763941006        22.0023306013311     
  0.710000000000000        28.9949594857644        22.0597447292039     
  0.715000000000000        29.0537954758648        22.1171199839802     
  0.720000000000000        29.1125821888155        22.1744540752769     
  0.725000000000000        29.1713174903137        22.2317447558165     
  0.730000000000000        29.2299992751676        22.2889898107092     
  0.735000000000000        29.2886254714796        22.3461870608717     
  0.740000000000000        29.3471941922895        22.4033344930557     
  0.745000000000000        29.4057041921120        22.4604306484055     
  0.750000000000000        29.4641514266054        22.5174716757424     
  0.755000000000000        29.5225351137646        22.5744565428521     
  0.760000000000000        29.5808533516360        22.6313832463047     
  0.765000000000000        29.6391042554375        22.6882498068179     
  0.770000000000000        29.6972859773945        22.7450542847857     
  0.775000000000000        29.7553967005766        22.8017947741172     
  0.780000000000000        29.8134346406912        22.8584694034650     
  0.785000000000000        29.8713980451728        22.9150763352140     
  0.790000000000000        29.9292851931566        22.9716137653273     
  0.795000000000000        29.9870943951557        23.0280799229486     
  0.800000000000000        30.0448239690258        23.0844730494572     
  0.805000000000000        30.1024723360801        23.1407914819611     
  0.810000000000000        30.1600378755192        23.1970335262050     
  0.815000000000000        30.2175190199805        23.2531975404312     
  0.820000000000000        30.2749142340453        23.3092819160208     
  0.825000000000000        30.3322220116653        23.3652850753213     
  0.830000000000000        30.3894408767224        23.4212054720302     
  0.835000000000000        30.4465693825193        23.4770415907102     
  0.840000000000000        30.5036061115523        23.5327919464970     
  0.845000000000000        30.5605496752207        23.5884550847917     
  0.850000000000000        30.6173987135958        23.6440295809823     
  0.855000000000000        30.6741518950969        23.6995140400935     
  0.860000000000000        30.7308079162242        23.7549070964855     
  0.865000000000000        30.7873655012684        23.8102074135281     
  0.870000000000000        30.8438234019872        23.8654136832485     
  0.875000000000000        30.9001803973175        23.9205246260179     
  0.880000000000000        30.9564352931079        23.9755389902481     
  0.885000000000000        31.0125869217867        24.0304555520335     
  0.890000000000000        31.0686341420474        24.0852731148092     
  0.895000000000000        31.1245758123907        24.1399904860884     
  0.900000000000000        31.1804108965076        24.1946065699934     
  0.905000000000000        31.2361383035022        24.2491202263145     
  0.910000000000000        31.2917569928177        24.3035303636034     
  0.915000000000000        31.3472659503925        24.3578359174988     
  0.920000000000000        31.4026641858960        24.4120358483843     
  0.925000000000000        31.4579507333392        24.4661291418475     
  0.930000000000000        31.5131246246513        24.5201147854805     
  0.935000000000000        31.5681849935817        24.5739918600009     
  0.940000000000000        31.6231308924881        24.6277593780188     
  0.945000000000000        31.6779614999597        24.6814164670672     
  0.950000000000000        31.7326759400022        24.7349622097977     
  0.955000000000000        31.7872733831863        24.7883957337225     
  0.960000000000000        31.8417530238981        24.8417161905427     
  0.965000000000000        31.8961140774052        24.8949227536846     
  0.970000000000000        31.9503557550572        24.9480145965225     
  0.975000000000000        32.0044773664675        25.0009909818969     
  0.980000000000000        32.0584781642626        25.0538511256048     
  0.985000000000000        32.1123574459721        25.1065942864402     
  0.990000000000000        32.1661145309620        25.1592197453531     
  0.995000000000000        32.2197487577028        25.2117268031435     
   1.00000000000000        32.2732594844000        25.2641147809468     
   1.00500000000000        32.3266460883500        25.3163830196310     
   1.01000000000000        32.3799079657940        25.3685308796131     
   1.01500000000000        32.4330445049286        25.4205577170774     
   1.02000000000000        32.4860551930823        25.4724629783501     
   1.02500000000000        32.5389394545171        25.5242460565410     
   1.03000000000000        32.5916967569405        25.5759063861826     
   1.03500000000000        32.6443265872040        25.6274434211554     
   1.04000000000000        32.6968284488348        25.6788566326393     
   1.04500000000000        32.7492018624312        25.7301455093747     
   1.05000000000000        32.8014463651685        25.7813095572067     
   1.05500000000000        32.8535615106519        25.8323482989120     
   1.06000000000000        32.9055468413665        25.8832612498798     
   1.06500000000000        32.9574019982507        25.9340480147714     
   1.07000000000000        33.0091265549617        25.9847081408096     
   1.07500000000000        33.0607201266870        26.0352412145996     
   1.08000000000000        33.1121825260418        26.0856469979412     
   1.08500000000000        33.1635129940458        26.1359247531105     
   1.09000000000000        33.2147114536876        26.1860743454619     
   1.09500000000000        33.2657775433195        26.2360953896353     
   1.10000000000000        33.3167109534722        26.2859875492170     
   1.10500000000000        33.3675113867038        26.3357505004754     
   1.11000000000000        33.4181785598859        26.3853839343887     
   1.11500000000000        33.4687122030944        26.4348875555745     
   1.12000000000000        33.5191120595839        26.4842610822180     
   1.12500000000000        33.5693778855964        26.5335042458819     
   1.13000000000000        33.6195094500371        26.5826167911660     
   1.13500000000000        33.6695065343149        26.6315984755420     
   1.14000000000000        33.7193689320564        26.6804490690601     
   1.14500000000000        33.7690964489858        26.7291683542202     
   1.15000000000000        33.8186889025741        26.7777561256166     
   1.15500000000000        33.8681461219243        26.8262121898149     
   1.16000000000000        33.9174679475798        26.8745363651527     
   1.16500000000000        33.9666542312249        26.9227284814360     
   1.17000000000000        34.0157048355386        26.9707883797878     
   1.17500000000000        34.0646196339475        27.0187159123907     
   1.18000000000000        34.1133985105655        27.0665109424250     
   1.18500000000000        34.1620413598073        27.1141733436736     
   1.19000000000000        34.2105480862866        27.1617030004177     
   1.19500000000000        34.2589186046826        27.2090998072922     
   1.20000000000000        34.3071528394467        27.2563636689924     
   1.20500000000000        34.3552507246898        27.3034945001532     
   1.21000000000000        34.4032122039864        27.3504922251478     
   1.21500000000000        34.4510372301668        27.3973567778758     
   1.22000000000000        34.4987257651480        27.4440881015892     
   1.22500000000000        34.5462777511049        27.4906861232935     
   1.23000000000000        34.5936932259815        27.5371508563291     
   1.23500000000000        34.6409721490506        27.5834822450102     
   1.24000000000000        34.6881144862360        27.6296802411766     
   1.24500000000000        34.7351203026835        27.6757448860202     
   1.25000000000000        34.7819895518272        27.7216761220547     
   1.25500000000000        34.8287223138586        27.7674740063340     
   1.26000000000000        34.8753185879229        27.8131385241895     
   1.26500000000000        34.9217784089488        27.8586696944115     
   1.27000000000000        34.9681018212519        27.9040675449932     
   1.27500000000000        35.0142888758759        27.9493321109657     
   1.28000000000000        35.0603396012835        27.9944634082304     
   1.28500000000000        35.1062541235940        28.0394615407136     
   1.29000000000000        35.1520324848337        28.0843265379875     
   1.29500000000000        35.1976747626867        28.1290584628089     
   1.30000000000000        35.2431810432116        28.1736573861507     
   1.30500000000000        35.2885514183219        28.2181233851177     
   1.31000000000000        35.3337859864817        28.2624565435106     
   1.31500000000000        35.3788848522514        28.3066569514233     
   1.32000000000000        35.4238481262769        28.3507247052112     
   1.32500000000000        35.4686759251940        28.3946599073982     
   1.33000000000000        35.5133683714441        28.4384626664896     
   1.33500000000000        35.5579255931108        28.4821330968070     
   1.34000000000000        35.6023477239161        28.5256713184799     
   1.34500000000000        35.6466349030034        28.5690774572254     
   1.35000000000000        35.6907872437772        28.6123516165034     
   1.35500000000000        35.7348049591436        28.6554939895188     
   1.36000000000000        35.7786881725577        28.6985046897725     
   1.36500000000000        35.8224370425534        28.7413838633238     
   1.37000000000000        35.8660517343061        28.7841316626657     
   1.37500000000000        35.9095324172265        28.8267482447606     
   1.38000000000000        35.9528792655625        28.8692337715101     
   1.38500000000000        35.9960924580614        28.9115884094661     
   1.39000000000000        36.0391721779462        28.9538123297904     
   1.39500000000000        36.0821186128011        28.9959057081468     
   1.40000000000000        36.1249319544940        29.0378687246165     
   1.40500000000000        36.1676123678312        29.0797015356708     
   1.41000000000000        36.2101601162305        29.1214043865946     
   1.41500000000000        36.2525753722854        29.1629774415975     
   1.42000000000000        36.2948583426531        29.2044208963832     
   1.42500000000000        36.3370092078581        29.2457349236238     
   1.43000000000000        36.3790282475791        29.2869197853701     
   1.43500000000000        36.4209156489674        29.3279756608886     
   1.44000000000000        36.4626716332955        29.3689027609836     
   1.44500000000000        36.5042964270792        29.4097013014545     
   1.45000000000000        36.5457902596060        29.4503715010695     
   1.45500000000000        36.5871533635637        29.4909135820650     
   1.46000000000000        36.6283861812863        29.5313279535421     
   1.46500000000000        36.6694885223483        29.5716144618742     
   1.47000000000000        36.7104608601996        29.6117735462928     
   1.47500000000000        36.7513034306433        29.6518054329912     
   1.48000000000000        36.7920164841819        29.6917103619693     
   1.48500000000000        36.8326002701232        29.7314885727383     
   1.49000000000000        36.8730550420116        29.7711403090481     
   1.49500000000000        36.9133812641268        29.8106660026136     
   1.50000000000000        36.9535787613694        29.8500655159268     
   1.50500000000000        36.9936480283971        29.8893393100776     
   1.51000000000000        37.0335893195542        29.9284876304858     
   1.51500000000000        37.0734029034141        29.9675107358926     
   1.52000000000000        37.1130890469913        30.0064088841746     
   1.52500000000000        37.1526480208773        30.0451823367751     
   1.53000000000000        37.1920800975592        30.0838313571925     
   1.53500000000000        37.2313855517590        30.1223562112362     
   1.54000000000000        37.2705646603316        30.1607571669361     
   1.54500000000000        37.3096177021835        30.1990344944505     
   1.55000000000000        37.3485449580354        30.2371884658333     
   1.55500000000000        37.3873467106851        30.2752193552859     
   1.56000000000000        37.4260247377703        30.3131287668936     
   1.56500000000000        37.4645762276234        30.3509142182517     
   1.57000000000000        37.5030030797495        30.3885774348402     
   1.57500000000000        37.5413056275012        30.4261187322240     
   1.58000000000000        37.5794841212629        30.4635383545411     
   1.58500000000000        37.6175388524226        30.5008365845296     
   1.59000000000000        37.6554703280197        30.5380138978994     
   1.59500000000000        37.6932783982253        30.5750701841614     
   1.60000000000000        37.7309635990307        30.6120059471440     
   1.60500000000000        37.7685262191418        30.6488214681606     
   1.61000000000000        37.8059665608653        30.6855170411855     
   1.61500000000000        37.8432849238421        30.7220929581915     
   1.62000000000000        37.8804816104481        30.7585495138448     
   1.62500000000000        37.9175569238260        30.7948870037014     
   1.63000000000000        37.9545113849074        30.8311059180418     
   1.63500000000000        37.9913448500789        30.8672061532245     
   1.64000000000000        38.0280578680189        30.9031882261792     
   1.64500000000000        38.0646507370613        30.9390524282707     
   1.65000000000000        38.1011237689552        30.9747990633202     
   1.65500000000000        38.1374772722400        31.0104284325973     
   1.66000000000000        38.1737115578874        31.0459408397529     
   1.66500000000000        38.2098269372639        31.0813365889583     
   1.67000000000000        38.2458237228194        31.1166159855034     
   1.67500000000000        38.2817022276370        31.1517793353725     
   1.68000000000000        38.3174627657106        31.1868269454996     
   1.68500000000000        38.3531056516851        31.2217591235156     
   1.69000000000000        38.3886312008999        31.2565761777888     
   1.69500000000000        38.4240397293507        31.2912784173872     
   1.70000000000000        38.4593315536697        31.3258661520560     
   1.70500000000000        38.4945069911200        31.3603396922116     
   1.71000000000000        38.5295663594955        31.3946993488417     
   1.71500000000000        38.5645099771416        31.4289454335279     
   1.72000000000000        38.5993381629032        31.4630782583888     
   1.72500000000000        38.6340514574170        31.4970983341591     
   1.73000000000000        38.6686497209136        31.5310055620994     
   1.73500000000000        38.7031335205599        31.5648004783475     
   1.74000000000000        38.7375031671205        31.5984833875203     
   1.74500000000000        38.7717589841690        31.6320546060749     
   1.75000000000000        38.8059012568748        31.6655144161046     
   1.75500000000000        38.8399303767161        31.6988631957998     
   1.76000000000000        38.8738466302409        31.7321012283712     
   1.76500000000000        38.9076503377732        31.7652288280717     
   1.77000000000000        38.9413418218336        31.7982463110296     
   1.77500000000000        38.9749214044354        31.8311539929902     
   1.78000000000000        39.0083894080253        31.8639521901182     
   1.78500000000000        39.0417461551928        31.8966412187611     
   1.79000000000000        39.0749919685916        31.9292213953555     
   1.79500000000000        39.1081271709823        31.9616930364758     
   1.80000000000000        39.1411520851181        31.9940564587185     
   1.80500000000000        39.1740670338004        32.0263119787571     
   1.81000000000000        39.2068723397267        32.0584599131903     
   1.81500000000000        39.2395683256648        32.0905005787146     
   1.82000000000000        39.2721553141832        32.1224342918596     
   1.82500000000000        39.3046336279048        32.1542613692348     
   1.83000000000000        39.3370035894194        32.1859821274450     
   1.83500000000000        39.3692655213103        32.2175968831143     
   1.84000000000000        39.4014197461175        32.2491059528494     
   1.84500000000000        39.4334665862554        32.2805096531608     
   1.85000000000000        39.4654063641103        32.3118083005561     
   1.85500000000000        39.4972394019156        32.3430022114143     
   1.86000000000000        39.5289660216483        32.3740917018852     
   1.86500000000000        39.5605865450894        32.4050770879456     
   1.87000000000000        39.5921012937423        32.4359586853179     
   1.87500000000000        39.6235105887096        32.4667368093501     
   1.88000000000000        39.6548147508488        32.4974117751675     
   1.88500000000000        39.6860141006343        32.5279838975382     
   1.89000000000000        39.7171089583783        32.5584534910885     
   1.89500000000000        39.7480996074988        32.5888208370301     
   1.90000000000000        39.7789864421190        32.6190863169758     
   1.90500000000000        39.8097697449805        32.6492502111645     
   1.91000000000000        39.8404498341863        32.6793128324219     
   1.91500000000000        39.8710270294820        32.7092744948732     
   1.92000000000000        39.9015016495754        32.7391355117115     
   1.92500000000000        39.9318740130072        32.7688961959392     
   1.93000000000000        39.9621444022871        32.7985568279482     
   1.93500000000000        39.9923132065267        32.8281177845919     
   1.94000000000000        40.0223807070103        32.8575793447634     
   1.94500000000000        40.0523472185568        32.8869418181406     
   1.95000000000000        40.0822130219412        32.9162054834036     
   1.95500000000000        40.1119785043531        32.9453707156003     
   1.96000000000000        40.1416439083084        32.9744377583743     
   1.96500000000000        40.1712096218525        33.0034069878530     
   1.97000000000000        40.2006759228776        33.0322786796236     
   1.97500000000000        40.2300431241326        33.0610531414461     
   1.98000000000000        40.2593115400712        33.0897306823948     
   1.98500000000000        40.2884814839755        33.1183116104825     
   1.99000000000000        40.3175532687536        33.1467962333159     
   1.99500000000000        40.3465272064731        33.1751848576848     
   2.00000000000000        40.3754035720456        33.2034777566595     
   2.00500000000000        40.4041827495113        33.2316753022106     
   2.01000000000000        40.4328666596123        33.2597792446237     
   2.01500000000000        40.4614522362080        33.2877868537560     
   2.02000000000000        40.4899415185966        33.3156999981590     
   2.02500000000000        40.5183347882844        33.3435189517988     
   2.03000000000000        40.5466324215283        33.3712440774985     
   2.03500000000000        40.5748346881620        33.3988756422984     
   2.04000000000000        40.6029418922754        33.4264139453083     
   2.04500000000000        40.6309543404476        33.4538592879192     
   2.05000000000000        40.6588723381525        33.4812119706096     
   2.05500000000000        40.6866961905257        33.5084722935145     
   2.06000000000000        40.7144262017693        33.5356405558629     
   2.06500000000000        40.7420626749967        33.5627170558018     
   2.07000000000000        40.7696059122576        33.5897020904176     
   2.07500000000000        40.7970562144049        33.6165959556049     
   2.08000000000000        40.8244138815639        33.6433989465346     
   2.08500000000000        40.8516792131518        33.6701113576744     
   2.09000000000000        40.8788525084518        33.6967334833626     
   2.09500000000000        40.9059340666229        33.7232656178204     
   2.10000000000000        40.9329241870745        33.7497080555248     
   2.10500000000000        40.9598231692560        33.7760610909988     
   2.11000000000000        40.9866313124714        33.8023250186302     
   2.11500000000000        41.0133489155635        33.8285001323532     
   2.12000000000000        41.0399765154975        33.8545869406363     
   2.12500000000000        41.0665139132953        33.8805852880621     
   2.13000000000000        41.0929616694766        33.9064957054545     
   2.13500000000000        41.1193200667866        33.9323184711249     
   2.14000000000000        41.1455893997068        33.9580538741103     
   2.14500000000000        41.1717699569976        33.9837021983569     
   2.15000000000000        41.1978620283857        34.0092637286893     
   2.15500000000000        41.2238658651657        34.0347387150633     
   2.16000000000000        41.2497818340204        34.0601275124388     
   2.16500000000000        41.2756101873856        34.0854303716046     
   2.17000000000000        41.3013512151338        34.1106475779714     
   2.17500000000000        41.3270052093381        34.1357794187949     
   2.18000000000000        41.3525724610307        34.1608261803850     
   2.18500000000000        41.3780532602591        34.1857881480330     
   2.19000000000000        41.4034478949720        34.2106656049480     
   2.19500000000000        41.4287566506084        34.2354588318357     
   2.20000000000000        41.4539798098331        34.2601681066381     
   2.20500000000000        41.4791176529151        34.2847937049140     
   2.21000000000000        41.5041704583874        34.3093359004936     
   2.21500000000000        41.5291385041084        34.3337949665454     
   2.22000000000000        41.5540220683784        34.3581711766876     
   2.22500000000000        41.5788214307868        34.3824648058376     
   2.23000000000000        41.6035368729486        34.4066761309461     
   2.23500000000000        41.6281686782156        34.4308054307074     
   2.24000000000000        41.6527170934582        34.4548529507761     
   2.24500000000000        41.6771824793015        34.4788190403034     
   2.25000000000000        41.7015650808025        34.5027039428303     
   2.25500000000000        41.7258651762597        34.5265079323562     
   2.26000000000000        41.7500830419108        34.5502312804677     
   2.26500000000000        41.7742189488369        34.5738742536955     
   2.27000000000000        41.7982731644700        34.5974371148882     
   2.27500000000000        41.8222459534881        34.6209201241617     
   2.28000000000000        41.8461375798855        34.6443235409528     
   2.28500000000000        41.8699483090186        34.6676476260696     
   2.29000000000000        41.8936784093316        34.6908926434126     
   2.29500000000000        41.9173281533319        34.7140588609543     
   2.30000000000000        41.9408978175345        34.7371465506799     
   2.30500000000000        41.9643876812538        34.7601559873795     
   2.31000000000000        41.9877980243487        34.7830874463962     
   2.31500000000000        42.0111291243823        34.8059412007892     
   2.32000000000000        42.0343812541033        34.8287175188146     
   2.32500000000000        42.0575546793328        34.8514166618175     
   2.33000000000000        42.0806496583975        34.8740388836626     
   2.33500000000000        42.1036664042756        34.8965843963643     
   2.34000000000000        42.1266052427503        34.9190535143386     
   2.34500000000000        42.1494663815246        34.9414464440247     
   2.35000000000000        42.1722500687948        34.9637634295201     
   2.35500000000000        42.1949565609131        34.9860047227224     
   2.36000000000000        42.2175861218063        35.0081705831877     
   2.36500000000000        42.2401390236207        35.0302612786532     
   2.37000000000000        42.2626155443005        35.0522770826627     
   2.37500000000000        42.2850159635847        35.0742182705574     
   2.38000000000000        42.3073405190534        35.0960850790147     
   2.38500000000000        42.3295895577933        35.1178778438125     
   2.39000000000000        42.3517632971144        35.1395967810656     
   2.39500000000000        42.3738619788087        35.1612421285462     
   2.40000000000000        42.3958858348815        35.1828141138993     
   2.40500000000000        42.4178350892832        35.2043129568160     
   2.41000000000000        42.4397099651508        35.2257388761382     
   2.41500000000000        42.4615106914353        35.2470920965385     
   2.42000000000000        42.4832375090799        35.2683728546763     
   2.42500000000000        42.5048906747672        35.2895814029450     
   2.43000000000000        42.5264704606982        35.3107180092525     
   2.43500000000000        42.5479771507406        35.3317829531704     
   2.44000000000000        42.5694110330006        35.3527765185150     
   2.44500000000000        42.5907723907311        35.3736989842584     
   2.45000000000000        42.6120632529365        35.3945522043682     
   2.45500000000000        42.6332802690782        35.4153331698700     
   2.46000000000000        42.6544255057933        35.4360437752673     
   2.46500000000000        42.6754991775051        35.4566842249328     
   2.47000000000000        42.6965014676803        35.4772546967527     
   2.47500000000000        42.7174325638287        35.4977553733339     
   2.48000000000000        42.7382926632474        35.5181864476733     
   2.48500000000000        42.7590822386563        35.5385483644498     
   2.49000000000000        42.7798010189332        35.5588408974563     
   2.49500000000000        42.8004495631687        35.5790645765990     
   2.50000000000000        42.8210284155739        35.5992199185618     
   2.52500000000000        42.9225635018945        35.6986939839553     
   2.55000000000000        43.0224046525908        35.7964895752831     
   2.57500000000000        43.1205760850413        35.8926416146615     
   2.60000000000000        43.2171047616551        35.9871806386952     
   2.62500000000000        43.3120179107335        36.0801349927668     
   2.65000000000000        43.4053418879912        36.1715312367895     
   2.67500000000000        43.4971030821307        36.2613955967350     
   2.70000000000000        43.5873289805061        36.3497551586682     
   2.72500000000000        43.6760432247767        36.4366333474330     
   2.75000000000000        43.7632722975555        36.5220561300148     
   2.77500000000000        43.8490422814984        36.6060490653662     
   2.80000000000000        43.9333755849638        36.6886342953756     
   2.82500000000000        44.0162975413720        36.7698366209911     
   2.85000000000000        44.0978318892061        36.8496793370991     
   2.87500000000000        44.1780020038979        36.9281853853691     
   2.90000000000000        44.2568308588248        37.0053773112416     
   2.92500000000000        44.3343410299164        37.0812772673598     
   2.95000000000000        44.4105547165154        37.1559070349325     
   2.97500000000000        44.4854937487835        37.2292880312692     
   3.00000000000000        44.5591795851232        37.3014413073570     
   3.02500000000000        44.6316333199071        37.3723875556410     
   3.05000000000000        44.7028756927022        37.4421471192700     
   3.07500000000000        44.7729270930283        37.5107399968293     
   3.10000000000000        44.8418075643800        37.5781858463510     
   3.12500000000000        44.9095368110612        37.6445039921132     
   3.15000000000000        44.9761342042110        37.7097134306205     
   3.17500000000000        45.0416187864461        37.7738328352177     
   3.20000000000000        45.1060092776573        37.8368805618235     
   3.22500000000000        45.1693240801398        37.8988746540300     
   3.25000000000000        45.2315812839983        37.9598328484639     
   3.27500000000000        45.2927986721313        38.0197725797147     
   3.30000000000000        45.3529937258232        38.0787109858669     
   3.32500000000000        45.4121836289008        38.1366649126387     
   3.35000000000000        45.4703852737730        38.1936509193343     
   3.37500000000000        45.5276152655128        38.2496852829004     
   3.40000000000000        45.5838899269710        38.3047840029797     
   3.42500000000000        45.6392253035911        38.3589628066769     
   3.45000000000000        45.6936371682248        38.4122371533089     
   3.47500000000000        45.7471410253396        38.4646222385762     
   3.50000000000000        45.7997521161191        38.5161329995967     
   3.52500000000000        45.8514854223611        38.5667841187624     
   3.55000000000000        45.9023556716034        38.6165900287908     
   3.57500000000000        45.9523773408280        38.6655649163941     
   3.60000000000000        46.0015644789498        38.7137225570932     
   3.62500000000000        46.0499314486115        38.7610770056598     
   3.65000000000000        46.0974918101515        38.8076415588170     
   3.67500000000000        46.1442590786642        38.8534294605232     
   3.70000000000000        46.1902465446344        38.8984537326186     
   3.72500000000000        46.2354672720657        38.9427271747893     
   3.75000000000000        46.2799341027685        38.9862623686742     
   3.77500000000000        46.3236596608384        39.0290716823593     
   3.80000000000000        46.3666646295430        39.0711749522988     
   3.82500000000000        46.4089441702025        39.1125683746329     
   3.85000000000000        46.4505191539162        39.1532719113154     
   3.87500000000000        46.4914013895522        39.1932970776095     
   3.90000000000000        46.5316024226767        39.2326551866186     
   3.92500000000000        46.5711336181664        39.2713573792928     
   3.95000000000000        46.6100059645856        39.3094144344797     
   3.97500000000000        46.6482308557349        39.3468374975824     
   4.00000000000000        46.6858189060108        39.3836369777941     
   4.02500000000000        46.7227807485945        39.4198232936626     
   4.05000000000000        46.7591268443129        39.4554066924211     
   4.07500000000000        46.7948674766618        39.4903972471877     
   4.10000000000000        46.8300127564807        39.5248048615583     
   4.12500000000000        46.8645726239606        39.5586392717566     
   4.15000000000000        46.8985568520757        39.5919100500048     
   4.17500000000000        46.9319750494355        39.6246266073534     
   4.20000000000000        46.9648366623279        39.6567981957129     
   4.22500000000000        46.9971509784031        39.6884339114700     
   4.25000000000000        47.0289271285304        39.7195426973356     
   4.27500000000000        47.0601740901099        39.7501333455861     
   4.30000000000000        47.0909006893531        39.7802145003146     
   4.32500000000000        47.1211167996220        39.8097957724990     
   4.35000000000000        47.1508284853859        39.8388832304917     
   4.37500000000000        47.1800466309965        39.8674874070020     
   4.40000000000000        47.2087770003217        39.8956140697728     
   4.42500000000000        47.2370290007550        39.9232723635095     
   4.45000000000000        47.2648105878166        39.9504700741792     
   4.47500000000000        47.2921295960439        39.9772148749217     
   4.50000000000000        47.3189937250370        40.0035143075334     
   4.52500000000000        47.3454105490201        40.0293757903297     
   4.55000000000000        47.3713875157224        40.0548066173492     
   4.57500000000000        47.3969319488523        40.0798139608444     
   4.60000000000000        47.4220510496676        40.1044048729377     
   4.62500000000000        47.4467518991288        40.1285862877929     
   4.65000000000000        47.4710414598061        40.1523650235131     
   4.67500000000000        47.4949263830132        40.1757476019855     
   4.70000000000000        47.5184137981139        40.1987409856517     
   4.72500000000000        47.5415099270595        40.2213512851178     
   4.75000000000000        47.5642216687482        40.2435852386014     
   4.77500000000000        47.5865552220241        40.2654489251616     
   4.80000000000000        47.6085168760164        40.2869485044521     
   4.82500000000000        47.6301128195663        40.3080900361593     
   4.85000000000000        47.6513491364596        40.3288794772335     
   4.87500000000000        47.6722318084518        40.3493226846770     
   4.90000000000000        47.6927667173793        40.3694254177017     
   4.92500000000000        47.7129596463974        40.3891933388924     
   4.95000000000000        47.7328162821113        40.4086320162927     
   4.97500000000000        47.7523422158320        40.4277469246271     
   5.00000000000000        47.7715429453520        40.4465434470353     
   5.02500000000000        47.7904238769479        40.4650268770257     
   5.05000000000000        47.8089903261673        40.4832024192553     
   5.07500000000000        47.8272475200644        40.5010751917079     
   5.10000000000000        47.8452005981539        40.5186502266387     
   5.12500000000000        47.8628546145121        40.5359324726226     
   5.15000000000000        47.8802145383893        40.5529267951637     
   5.17500000000000        47.8972939240376        40.5696460433781     
   5.20000000000000        47.9140797438299        40.5860783888003     
   5.22500000000000        47.9305872253471        40.6022382028818     
   5.25000000000000        47.9468185085041        40.6181276561877     
   5.27500000000000        47.9627794452821        40.6337524134810     
   5.30000000000000        47.9784744877079        40.6491168356506     
   5.32500000000000        47.9939078350152        40.6642250487369     
   5.35000000000000        48.0090840141923        40.6790814801537     
   5.37500000000000        48.0240074903976        40.6936904950123     
   5.40000000000000        48.0386909461940        40.7080641020499     
   5.42500000000000        48.0531206006840        40.7221897377475     
   5.45000000000000        48.0673098286874        40.7360800181969     
   5.47500000000000        48.0812626419559        40.7497388184057     
   5.50000000000000        48.0949829223098        40.7631699420615     
   5.52500000000000        48.1084745017400        40.7763771491097     
   5.55000000000000        48.1217411572778        40.7893641435067     
   5.57500000000000        48.1347866099816        40.8021345723329     
   5.60000000000000        48.1476145233450        40.8146920249025     
   5.62500000000000        48.1602285021442        40.8270400321531     
   5.65000000000000        48.1726320928955        40.8391820674198     
   5.67500000000000        48.1848287847853        40.8511215475373     
   5.70000000000000        48.1968220091475        40.8628618324656     
   5.72500000000000        48.2086151412337        40.8744062270981     
   5.75000000000000        48.2202115000261        40.8857579811355     
   5.77500000000000        48.2316143497573        40.8969202906016     
   5.80000000000000        48.2428269010240        40.9078962989439     
   5.82500000000000        48.2538523104264        40.9186890967148     
   5.85000000000000        48.2646934814022        40.9293015352900     
   5.87500000000000        48.2753538786405        40.9397369878675     
   5.90000000000000        48.2858362932867        40.9499981965206     
   5.92500000000000        48.2961436746911        40.9600880503441     
   5.95000000000000        48.3062789282526        40.9700093936446     
   5.97500000000000        48.3162449091172        40.9797650216250     
   6.00000000000000        48.3260444258431        40.9893576838353     
   6.02500000000000        48.3356802393870        40.9987900832795     
   6.05000000000000        48.3451550649971        41.0080648782317     
   6.07500000000000        48.3544715730929        41.0171846830819     
   6.10000000000000        48.3636323891535        41.0261520682322     
   6.12500000000000        48.3726400952026        41.0349695615458     
   6.15000000000000        48.3814972304721        41.0436396489880     
   6.17500000000000        48.3902062919504        41.0521647751624     
   6.20000000000000        48.3987709772639        41.0605485019867     
   6.22500000000000        48.4071911395850        41.0687908140983     
   6.25000000000000        48.4154704993256        41.0768952860864     
   6.27500000000000        48.4236113800038        41.0848641866373     
   6.30000000000000        48.4316160760021        41.0926997620852     
   6.32500000000000        48.4394880839145        41.1004053787073     
   6.35000000000000        48.4472270575656        41.1079808267203     
   6.37500000000000        48.4548365264857        41.1154294943508     
   6.40000000000000        48.4623186252049        41.1227534655818     
   6.42500000000000        48.4696754629885        41.1299548057165     
   6.45000000000000        48.4769091106715        41.1370355434516     
   6.47500000000000        48.4840216081157        41.1439976766745     
   6.50000000000000        48.4910149614168        41.1508431699619     
   6.52500000000000        48.4978911444703        41.1575739561378     
   6.55000000000000        48.5046520984294        41.1641919358485     
   6.57500000000000        48.5112997326969        41.1706989785671     
   6.60000000000000        48.5178371718910        41.1770980852930     
   6.62500000000000        48.5242636923572        41.1833886759804     
   6.65000000000000        48.5305824607884        41.1895737831326     
   6.67500000000000        48.5367952515582        41.1956551378180     
   6.70000000000000        48.5429050672186        41.2016356215359     
   6.72500000000000        48.5489110572979        41.2075145312185     
   6.75000000000000        48.5548162698954        41.2132947839799     
   6.77500000000000        48.5606223620156        41.2189779964796     
   6.80000000000000        48.5663309737721        41.2245657748109     
   6.82500000000000        48.5719437145154        41.2300596959305     
   6.85000000000000        48.5774621702820        41.2354613134614     
   6.87500000000000        48.5828879015808        41.2407721557530     
   6.90000000000000        48.5882224435222        41.2459937260593     
   6.92500000000000        48.5934673061905        41.2511275030018     
   6.95000000000000        48.5986239748278        41.2561749407895     
   6.97500000000000        48.6036951604306        41.2611386354733     
   7.00000000000000        48.6086797227442        41.2660175991447     
   7.02500000000000        48.6135804288094        41.2708144730307     
   7.05000000000000        48.6183986564160        41.2755305999263     
   7.07500000000000        48.6231357705924        41.2801673162992     
   7.10000000000000        48.6277931098990        41.2847259337878     
   7.12500000000000        48.6323719940172        41.2892077451127     
   7.15000000000000        48.6368737207597        41.2936140213572     
   7.17500000000000        48.6412993634227        41.2979458223090     
   7.20000000000000        48.6456505959472        41.3022047680034     
   7.22500000000000        48.6499284400293        41.3063918681920     
   7.25000000000000        48.6541341081105        41.3105083114690     
   7.27500000000000        48.6582687974239        41.3145552697588     
   7.30000000000000        48.6623336841296        41.3185338944316     
   7.32500000000000        48.6663299249956        41.3224453178280     
   7.35000000000000        48.6702586570922        41.3262906530700     
   7.37500000000000        48.6741209989530        41.3300709951379     
   7.40000000000000        48.6779180505507        41.3337874208572     
   7.42500000000000        48.6816508935182        41.3374409891046     
   7.45000000000000        48.6853205913503        41.3410327410121     
   7.47500000000000        48.6889281900630        41.3445637005991     
   7.50000000000000        48.6924747184657        41.3480348750367     
   7.52500000000000        48.6959611880786        41.3514472545757     
   7.55000000000000        48.6993885939183        41.3548018133074     
   7.57500000000000        48.7027579142986        41.3580995089741     
   7.60000000000000        48.7060701112258        41.3613412833535     
   7.62500000000000        48.7093261309951        41.3645280628421     
   7.65000000000000        48.7125269041040        41.3676607583701     
   7.67500000000000        48.7156733455169        41.3707402656602     
   7.70000000000000        48.7187663553237        41.3737674658723     
   7.72500000000000        48.7218068182732        41.3767432251523     
   7.75000000000000        48.7247953986144        41.3796682025107     
   7.77500000000000        48.7277333743614        41.3825436301118     
   7.80000000000000        48.7306213709190        41.3853701295637     
   7.82500000000000        48.7334602127160        41.3881485095282     
   7.85000000000000        48.7362507161847        41.3908795690546     
   7.87500000000000        48.7389949367205        41.3935652621242     
   7.90000000000000        48.7416910753291        41.3962039557046     
   7.92500000000000        48.7443412652980        41.3987976704355     
   7.95000000000000        48.7469462565538        41.4013471343311     
   7.97500000000000        48.7495067960039        41.4038530786551     
   8.00000000000000        48.7520234072996        41.4063160259949     
   8.02500000000000        48.7544972373874        41.4087370808283     
   8.05000000000000        48.7569287786473        41.4111167351158     
   8.07500000000000        48.7593187274269        41.4134556724561     
   8.10000000000000        48.7616677738402        41.4157545684464     
   8.12500000000000        48.7639763806069        41.4180138850065     
   8.15000000000000        48.7662454379706        41.4202344833402     
   8.17500000000000        48.7684758152333        41.4224172043186     
   8.20000000000000        48.7706679282427        41.4245624662632     
   8.22500000000000        48.7728224098097        41.4266708901225     
   8.25000000000000        48.7749398853076        41.4287430877919     
   8.27500000000000        48.7770207610961        41.4307794655861     
   8.30000000000000        48.7790660644219        41.4327810098993     
   8.32500000000000        48.7810761710549        41.4347480978477     
   8.35000000000000        48.7830516610647        41.4366812987789     
   8.37500000000000        48.7849943664956        41.4385823478553     
   8.40000000000000        48.7869022609785        41.4404493894426     
   8.42500000000000        48.7887772601913        41.4422842310520     
   8.45000000000000        48.7906198976380        41.4440873887904     
   8.47500000000000        48.7924307079545        41.4458593860747     
   8.50000000000000        48.7942102132156        41.4476007351393     
   8.52500000000000        48.7959589297401        41.4493119421706     
   8.55000000000000        48.7976773656885        41.4509935051481     
   8.57500000000000        48.7993660214565        41.4526459142553     
   8.60000000000000        48.8010253893824        41.4542696516776     
   8.62500000000000        48.8026559539398        41.4558651918278     
   8.65000000000000        48.8042581918793        41.4574330015104     
   8.67500000000000        48.8058325719317        41.4589735396527     
   8.70000000000000        48.8073795552901        41.4604872577812     
   8.72500000000000        48.8088995954146        41.4619745998426     
   8.75000000000000        48.8103931381710        41.4634360023426     
   8.77500000000000        48.8118606223508        41.4648718948547     
   8.80000000000000        48.8133024796355        41.4662826999758     
   8.82500000000000        48.8147191339989        41.4676688327688     
   8.85000000000000        48.8161110028227        41.4690307018394     
   8.87500000000000        48.8174784964516        41.4703687088997     
   8.90000000000000        48.8188220184718        41.4716832490443     
   8.92500000000000        48.8201419657431        41.4729747107854     
   8.95000000000000        48.8214387287049        41.4742434763425     
   8.97500000000000        48.8227126911637        41.4754899214481     
   9.00000000000000        48.8239654888730        41.4767155893630     
   9.02500000000000        48.8251961567901        41.4779196055728     
   9.05000000000000        48.8264038300935        41.4791011839312     
   9.07500000000000        48.8275902176124        41.4802619235721     
   9.10000000000000        48.8287556588918        41.4814021509092     
   9.12500000000000        48.8299002854952        41.4825220048141     
   9.15000000000000        48.8310248578653        41.4836222125866     
   9.17500000000000        48.8321294893293        41.4847028958642     
   9.20000000000000        48.8332145038359        41.4857643742253     
   9.22500000000000        48.8342802263949        41.4868069661790     
   9.25000000000000        48.8353269755310        41.4878309837895     
   9.27500000000000        48.8363550648720        41.4888367341804     
   9.30000000000000        48.8373648031603        41.4898245196742     
   9.32500000000000        48.8383564937901        41.4907946373349     
   9.35000000000000        48.8393304353778        41.4917473795354     
   9.37500000000000        48.8402869218083        41.4926830339990     
   9.40000000000000        48.8412262419150        41.4936018835023     
   9.42500000000000        48.8421486796716        41.4945042060619     
   9.45000000000000        48.8430545147620        41.4953902754863     
   9.47500000000000        48.8439440219588        41.4962603607715     
   9.50000000000000        48.8448174713088        41.4971147262919     
   9.52500000000000        48.8456751288580        41.4979536325004     
   9.55000000000000        48.8465172559922        41.4987773352832     
   9.57500000000000        48.8473441099154        41.4995860864325     
   9.60000000000000        48.8481557339318        41.5003799371591     
   9.62500000000000        48.8489525994800        41.5011593386881     
   9.65000000000000        48.8497351525589        41.5019247177884     
   9.67500000000000        48.8505034144714        41.5026761065387     
   9.70000000000000        48.8512576209637        41.5034137370278     
   9.72500000000000        48.8519980069119        41.5041378388521     
   9.75000000000000        48.8527248018561        41.5048486364700     
   9.77500000000000        48.8534382315815        41.5055463506979     
   9.80000000000000        48.8541385177277        41.5062311983819     
   9.82500000000000        48.8548258781977        41.5069033927534     
   9.85000000000000        48.8555005272560        41.5075631435068     
   9.87500000000000        48.8561626754581        41.5082106567311     
   9.90000000000000        48.8568125296874        41.5088461349317     
   9.92500000000000        48.8574502938998        41.5094697777501     
   9.95000000000000        48.8580761679461        41.5100817808203     
   9.97500000000000        48.8586903489495        41.5106823371084     
   10.0000000000000        48.8592930304256        41.5112716360482     
   10.0250000000000        48.8598844028695        41.5118498641193     
   10.0500000000000        48.8604646535610        41.5124172046544     
   10.0750000000000        48.8610339663535        41.5129738376404     
   10.1000000000000        48.8615925225312        41.5135199405411     
   10.1250000000000        48.8621405001664        41.5140556876772     
   10.1500000000000        48.8626780744344        41.5145812505319     
   10.1750000000000        48.8632052149479        41.5150966079610     
   10.2000000000000        48.8637225055431        41.5156023127929     
   10.2250000000000        48.8642299004145        41.5160983294737     
   10.2500000000000        48.8647275602521        41.5165848168258     
   10.2750000000000        48.8652156482218        41.5170619343654     
   10.3000000000000        48.8656943229189        41.5175298372395     
   10.3250000000000        48.8661637408979        41.5179886785682     
   10.3500000000000        48.8666240554897        41.5184386083797     
   10.3750000000000        48.8670754175726        41.5188797743257     
   10.4000000000000        48.8675179755082        41.5193123216087     
   10.4250000000000        48.8679518750510        41.5197363928956     
   10.4500000000000        48.8683772597865        41.5201521287296     
   10.4750000000000        48.8687942704526        41.5205596668781     
   10.5000000000000        48.8692030458752        41.5209591432383     
   10.5250000000000        48.8696037222864        41.5213506911675     
   10.5500000000000        48.8699964339868        41.5217344421311     
   10.5750000000000        48.8703825726053        41.5221117003998     
   10.6000000000000        48.8707596706144        41.5224801786308     
   10.6250000000000        48.8711292195964        41.5228412693158     
   10.6500000000000        48.8714913331942        41.5231950776172     
   10.6750000000000        48.8718461330803        41.5235417227374     
   10.7000000000000        48.8721937349477        41.5238813191283     
   10.7250000000000        48.8725342561263        41.5242139824026     
   10.7500000000000        48.8728678117624        41.5245398258162     
   10.7750000000000        48.8731945161959        41.5248589616333     
   10.8000000000000        48.8735144822060        41.5251715004707     
   10.8250000000000        48.8738278208033        41.5254775511420     
   10.8500000000000        48.8741346413869        41.5257772208361     
   10.8750000000000        48.8744350515208        41.5260706149162     
   10.9000000000000        48.8747291571760        41.5263578371667     
   10.9250000000000        48.8750168511836        41.5266387915732     
   10.9500000000000        48.8752984610123        41.5269137883320     
   10.9750000000000        48.8755755509360        41.5271842909446     
   11.0000000000000        48.8758454011099        41.5274477762798     
   11.0250000000000        48.8761094726373        41.5277056083267     
   11.0500000000000        48.8763678518922        41.5279578652336     
   11.0750000000000        48.8766206326536        41.5282046386449     
   11.1000000000000        48.8768679029751        41.5284460157385     
   11.1250000000000        48.8771097522720        41.5286820846834     
   11.1500000000000        48.8773460643553        41.5289127408900     
   11.1750000000000        48.8775773452121        41.5291384610117     
   11.2000000000000        48.8778034664752        41.5293591289863     
   11.2250000000000        48.8780245100275        41.5295748266144     
   11.2500000000000        48.8782403603579        41.5297854493030     
   11.2750000000000        48.8784515118597        41.5299914621779     
   11.3000000000000        48.8786578354151        41.5301927481245     
   11.3250000000000        48.8788594075057        41.5303893834552     
   11.3500000000000        48.8790563091133        41.5305814471893     
   11.3750000000000        48.8792486178993        41.5307690152183     
   11.4000000000000        48.8794364103550        41.5309521622769     
   11.4250000000000        48.8796197615098        41.5311309617333     
   11.4500000000000        48.8797985395611        41.5313052932154     
   11.4750000000000        48.8799732372618        41.5314756201213     
   11.5000000000000        48.8801437106048        41.5316418108415     
   11.5250000000000        48.8803100260172        41.5318039319321     
   11.5500000000000        48.8804722548036        41.5319620529714     
   11.5750000000000        48.8806304645772        41.5321162400311     
   11.6000000000000        48.8807847225087        41.5322665587262     
   11.6250000000000        48.8809350942556        41.5324130732526     
   11.6500000000000        48.8810816443858        41.5325558467625     
   11.6750000000000        48.8812256968043        41.5326961171851     
   11.7000000000000        48.8813647155025        41.5328315301289     
   11.7250000000000        48.8815001262384        41.5329634136293     
   11.7500000000000        48.8816319774661        41.5330918090265     
   11.7750000000000        48.8817603266616        41.5332167726703     
   11.8000000000000        48.8818852265193        41.5333383573335     
   11.8250000000000        48.8820067321786        41.5334566177482     
   11.8500000000000        48.8821248979633        41.5335716076240     
   11.8750000000000        48.8822397783118        41.5336833805795     
   11.9000000000000        48.8823514265740        41.5337919890590     
   11.9250000000000        48.8824598960108        41.5338974853409     
   11.9500000000000        48.8825650310272        41.5339997259629     
   11.9750000000000        48.8826673080744        41.5340991583679     
   12.0000000000000        48.8827665602473        41.5341956286107     
   12.0250000000000        48.8828628341176        41.5342891838837     
   12.0500000000000        48.8829561810047        41.5343798742375     
   12.0750000000000        48.8830466495314        41.5344677471732     
   12.1000000000000        48.8831342877726        41.5345528496262     
   12.1250000000000        48.8832191429288        41.5346352277346     
   12.1500000000000        48.8833012610878        41.5347149265681     
   12.1750000000000        48.8833806875838        41.5347919904810     
   12.2000000000000        48.8834574671671        41.5348664632620     
   12.2250000000000        48.8835316436798        41.5349383878170     
   12.2500000000000        48.8836032600724        41.5350078061860     
   12.2750000000000        48.8836721556864        41.5350745697260     
   12.3000000000000        48.8837387880550        41.5351391075325     
   12.3250000000000        48.8838029850792        41.5352012604656     
   12.3500000000000        48.8838647838127        41.5352610663146     
   12.3750000000000        48.8839242260386        41.5353185657689     
   12.4000000000000        48.8839813508770        41.5353737970162     
   12.4250000000000        48.8840361974906        41.5354267982523     
   12.4500000000000        48.8840888035436        41.5354776062770     
   12.4750000000000        48.8841392064013        41.5355262576155     
   12.5000000000000        48.8841874425883        41.5355727879929     
