  5.000000000000000E-003 -6.157851170984537E-002 -7.375979042727832E-002
  1.218127871743293E-002
  1.000000000000000E-002 -6.291681341423401E-002 -9.768732519236781E-002
  3.477051177813392E-002
  1.500000000000000E-002 -6.008821625199946E-002 -0.113044522017456     
  5.295630576545655E-002
  2.000000000000000E-002 -5.566457596548498E-002 -0.123203754404143     
  6.753917843865856E-002
  2.500000000000000E-002 -5.079412510655827E-002 -0.130067779203852     
  7.927365409729396E-002
  3.000000000000000E-002 -4.599602509784528E-002 -0.134785731985090     
  8.878970688724488E-002
  3.500000000000000E-002 -4.149693012411265E-002 -0.138081749125929     
  9.658481900181630E-002
  4.000000000000000E-002 -3.738293291784886E-002 -0.140424780245385     
  0.103041847327536     
  4.500000000000000E-002 -3.367195715064673E-002 -0.142124142386110     
  0.108452185235463     
  5.000000000000000E-002 -3.034949766392949E-002 -0.143386489076904     
  0.113036991412975     
  5.500000000000000E-002 -2.738669975699297E-002 -0.144351144684615     
  0.116964444927622     
  6.000000000000000E-002 -2.474956276937266E-002 -0.145112639082174     
  0.120363076312802     
  6.500000000000000E-002 -2.240358388248027E-002 -0.145735374055322     
  0.123331790172841     
  7.000000000000001E-002 -2.031692150946076E-002 -0.146263370453303     
  0.125946448943842     
  7.500000000000000E-002 -1.845743036263036E-002 -0.146726482880419     
  0.128269052517789     
  8.000000000000000E-002 -1.679888988433141E-002 -0.147145362149692     
  0.130346472265361     
  8.500000000000001E-002 -1.531894252436616E-002 -0.147533813829257     
  0.132214871304891     
  9.000000000000000E-002 -1.399507052403164E-002 -0.147901200043980     
  0.133906129519949     
  9.500000000000000E-002 -1.280926084066410E-002 -0.148253755526302     
  0.135444494685638     
  0.100000000000000      -1.174517323567053E-002 -0.148595572485678     
  0.136850399250008     
  0.105000000000000      -1.078870455341790E-002 -0.148929275199162     
  0.138140570645744     
  0.110000000000000      -9.927461123493610E-003 -0.149256491435746     
  0.139329030312252     
  0.115000000000000      -9.150632668533852E-003 -0.149578178769765     
  0.140427546101231     
  0.120000000000000      -8.448744750957700E-003 -0.149894851321276     
  0.141446106570319     
  0.125000000000000      -7.813497741989908E-003 -0.150206737096476     
  0.142393239354487     
  0.130000000000000      -7.237608586394719E-003 -0.150513886003134     
  0.143276277416740     
  0.135000000000000      -6.714678961127396E-003 -0.150816242912799     
  0.144101563951672     
  0.140000000000000      -6.239077546452658E-003 -0.151113697768934     
  0.144874620222481     
  0.145000000000000      -5.805846976595267E-003 -0.151406119163323     
  0.145600272186728     
  0.150000000000000      -5.410598084568309E-003 -0.151693374382587     
  0.146282776298019     
  0.155000000000000      -5.049456660017515E-003 -0.151975343729952     
  0.146925887069934     
  0.160000000000000      -4.718998208729239E-003 -0.152251927107480     
  0.147532928898751     
  0.165000000000000      -4.416173248531841E-003 -0.152523048473215     
  0.148106875224683     
  0.170000000000000      -4.138279960811542E-003 -0.152788657287323     
  0.148650377326511     
  0.175000000000000      -3.882913406926405E-003 -0.153048727152158     
  0.149165813745232     
  0.180000000000000      -3.647922044075537E-003 -0.153303255685045     
  0.149655333640969     
  0.185000000000000      -3.431392420261724E-003 -0.153552261785936     
  0.150120869365675     
  0.190000000000000      -3.231615354476484E-003 -0.153795784032052     
  0.150564168677575     
  0.195000000000000      -3.047058913892112E-003 -0.154033877514630     
  0.150986818600737     
  0.200000000000000      -2.876347480606794E-003 -0.154266612197527     
  0.151390264716920     
  0.205000000000000      -2.717257869339421E-003 -0.154494054220512     
  0.151776796351172     
  0.210000000000000      -2.570918447365934E-003 -0.154716343371423     
  0.152145424924057     
  0.215000000000000      -2.435790891177142E-003 -0.154933538673800     
  0.152497747782623     
  0.220000000000000      -2.308972102799596E-003 -0.155145754430208     
  0.152836782327408     
  0.225000000000000      -2.191380886402908E-003 -0.155353110466146     
  0.153161729579743     
  0.230000000000000      -2.081698638714417E-003 -0.155555721517847     
  0.153474022879132     
  0.235000000000000      -1.979454054318263E-003 -0.155753707684454     
  0.153774253630135     
  0.240000000000000      -1.883985449793620E-003 -0.155947190226864     
  0.154063204777070     
  0.245000000000000      -1.794765852742813E-003 -0.156136291555215     
  0.154341525702472     
  0.250000000000000      -1.711294595843403E-003 -0.156321133633556     
  0.154609839037712     
  0.255000000000000      -1.632139280772366E-003 -0.156501821860525     
  0.154869682579752     
  0.260000000000000      -1.559111211681205E-003 -0.156678524109920     
  0.155119412898239     
  0.265000000000000      -1.491302338418437E-003 -0.156851316752167     
  0.155360014413749     
  0.270000000000000      -1.426379265272072E-003 -0.157020323707174     
  0.155593944441902     
  0.275000000000000      -1.366615506665516E-003 -0.157185714434024     
  0.155819098927358     
  0.280000000000000      -1.309101848755822E-003 -0.157347442807442     
  0.156038340958686     
  0.285000000000000      -1.254517998309167E-003 -0.157505794028545     
  0.156251276030236     
  0.290000000000000      -1.204004295092447E-003 -0.157660802020114     
  0.156456797725021     
  0.295000000000000      -1.156878456235550E-003 -0.157812625397932     
  0.156655746941696     
  0.300000000000000      -1.112207284610225E-003 -0.157961256518821     
  0.156849049234211     
  0.305000000000000      -1.068358776501814E-003 -0.158106812692588     
  0.157038453916086     
  0.310000000000000      -1.027398919808401E-003 -0.158249490840295     
  0.157222091920486     
  0.315000000000000      -9.882706510050670E-004 -0.158389300499319     
  0.157401029848314     
  0.320000000000000      -9.521634220622800E-004 -0.158526383075000     
  0.157574219652938     
  0.325000000000000      -9.187054489521653E-004 -0.158660782831171     
  0.157742077382218     
  0.330000000000000      -8.847077132006824E-004 -0.158792574074645     
  0.157907866361444     
  0.335000000000000      -8.540249289189222E-004 -0.158921890433940     
  0.158067865505021     
  0.340000000000000      -8.254320078866759E-004 -0.159048765495256     
  0.158223333487370     
  0.345000000000000      -7.960627261654723E-004 -0.159173265625518     
  0.158377202899352     
  0.350000000000000      -7.705606744952263E-004 -0.159295564460931     
  0.158525003786436     
  0.355000000000000      -7.457057283554872E-004 -0.159415531589365     
  0.158669825861009     
  0.360000000000000      -7.203668113147551E-004 -0.159533415728451     
  0.158813048917136     
  0.365000000000000      -6.975648544979386E-004 -0.159649215539030     
  0.158951650684532     
  0.370000000000000      -6.753389269827017E-004 -0.159762997612050     
  0.159087658685067     
  0.375000000000000      -6.542592341886479E-004 -0.159874821966899     
  0.159220562732711     
  0.380000000000000      -6.340602129396638E-004 -0.159984746919033     
  0.159350686706093     
  0.385000000000000      -6.137799055219202E-004 -0.160092812241278     
  0.159479032335757     
  0.390000000000000      -5.955596818995812E-004 -0.160199119109185     
  0.159603559427286     
  0.395000000000000      -5.788234923912538E-004 -0.160303676971173     
  0.159724853478782     
  0.400000000000000      -5.615502376671487E-004 -0.160406542896594     
  0.159844992658927     
  0.405000000000000      -5.454021464074103E-004 -0.160507771209536     
  0.159962369063128     
  0.410000000000000      -5.297718749338686E-004 -0.160607406430626     
  0.160077634555692     
  0.415000000000000      -5.148184009746687E-004 -0.160705493945820     
  0.160190675544845     
  0.420000000000000      -5.004447227178247E-004 -0.160802076555600     
  0.160301631832883     
  0.425000000000000      -4.866387863799020E-004 -0.160897196293802     
  0.160410557507422     
  0.430000000000000      -4.733640624816521E-004 -0.160990892960796     
  0.160517528898314     
  0.435000000000000      -4.605969369452924E-004 -0.161083205354238     
  0.160622608417292     
  0.440000000000000      -4.483112589470630E-004 -0.161174170673660     
  0.160725859414712     
  0.445000000000000      -4.364837623493365E-004 -0.161263824993614     
  0.160827341231265     
  0.450000000000000      -4.250921113131276E-004 -0.161352203056648     
  0.160927110945335     
  0.455000000000000      -4.141128032059703E-004 -0.161439338320504     
  0.161025225517298     
  0.460000000000000      -4.035293764283736E-004 -0.161525263172832     
  0.161121733796404     
  0.465000000000000      -3.933198008827001E-004 -0.161610008621946     
  0.161216688821064     
  0.470000000000000      -3.834695847878781E-004 -0.161693605013008     
  0.161310135428220     
  0.475000000000000      -3.739606798793485E-004 -0.161776081183797     
  0.161402120503917     
  0.480000000000000      -3.647802692412491E-004 -0.161857465553238     
  0.161492685283997     
  0.485000000000000      -3.559105962407438E-004 -0.161937785014572     
  0.161581874418331     
  0.490000000000000      -3.473360005034627E-004 -0.162017065698264     
  0.161669729697760     
  0.495000000000000      -3.390467522035743E-004 -0.162095333267155     
  0.161756286514951     
  0.500000000000000      -3.310296321788067E-004 -0.162172611862314     
  0.161841582230136     
  0.505000000000000      -3.232705468471745E-004 -0.162248925342680     
  0.161925654795833     
  0.510000000000000      -3.157575718453486E-004 -0.162324296483344     
  0.162008538911499     
  0.515000000000000      -3.084884217246308E-004 -0.162398747463626     
  0.162090259041902     
  0.520000000000000      -3.014482747595437E-004 -0.162472299785305     
  0.162170851510546     
  0.525000000000000      -2.946238162519221E-004 -0.162544974273788     
  0.162250350457537     
  0.530000000000000      -2.880061410249521E-004 -0.162616790778262     
  0.162328784637237     
  0.535000000000000      -2.815953219556144E-004 -0.162687768802957     
  0.162406173481002     
  0.540000000000000      -2.753802332870412E-004 -0.162757927099493     
  0.162482546866206     
  0.545000000000000      -2.693459767270254E-004 -0.162827283768234     
  0.162557937791507     
  0.550000000000000      -2.634923317812207E-004 -0.162895856726724     
  0.162632364394943     
  0.555000000000000      -2.578092212299379E-004 -0.162963662967549     
  0.162705853746318     
  0.560000000000000      -2.531530622909461E-004 -0.163030767275098     
  0.162777614212807     
  0.565000000000000      -2.474774482450252E-004 -0.163097029662370     
  0.162849552214126     
  0.570000000000000      -2.423861726472360E-004 -0.163162688262567     
  0.162920302089920     
  0.575000000000000      -2.372665173013552E-004 -0.163227529821836     
  0.162990263304534     
  0.580000000000000      -2.315131424222615E-004 -0.163291749419671     
  0.163060236277249     
  0.585000000000000      -2.278788300562541E-004 -0.163355335777226     
  0.163127456947170     
  0.590000000000000      -2.228230994806631E-004 -0.163418153804202     
  0.163195330704722     
  0.595000000000000      -2.175826218581000E-004 -0.163480390337803     
  0.163262807715945     
  0.600000000000000      -2.134275836263086E-004 -0.163541986460693     
  0.163328558877066     
  0.605000000000000      -2.090638025281405E-004 -0.163602960861216     
  0.163393897058688     
  0.610000000000000      -2.049198479791936E-004 -0.163663325059476     
  0.163458405211497     
  0.615000000000000      -2.008512695041509E-004 -0.163723091734215     
  0.163522240464711     
  0.620000000000000      -1.969008907777184E-004 -0.163782272418773     
  0.163585371527995     
  0.625000000000000      -1.930474023891576E-004 -0.163840878271688     
  0.163647830869299     
  0.630000000000000      -1.892947886377670E-004 -0.163898920557981     
  0.163709625769343     
  0.635000000000000      -1.856379873652978E-004 -0.163956409785962     
  0.163770771798597     
  0.640000000000000      -1.820707914444875E-004 -0.164013356333932     
  0.163831285542488     
  0.645000000000000      -1.776205308662255E-004 -0.164069753967750     
  0.163892133436883     
  0.650000000000000      -1.735140838176649E-004 -0.164125643319934     
  0.163952129236116     
  0.655000000000000      -1.714303890525219E-004 -0.164181039380018     
  0.164009608990966     
  0.660000000000000      -1.688456583519075E-004 -0.164235915102797     
  0.164067069444444     
  0.665000000000000      -1.654841865262127E-004 -0.164290292996652     
  0.164124808810126     
  0.670000000000000      -1.624881936700156E-004 -0.164344186278981     
  0.164181698085311     
  0.675000000000000      -1.594703827648501E-004 -0.164397601498132     
  0.164238131115367     
  0.680000000000000      -1.565558563960682E-004 -0.164450547739413     
  0.164293991883017     
  0.685000000000000      -1.536988218660980E-004 -0.164503033252990     
  0.164349334431124     
  0.690000000000000      -1.509125843949400E-004 -0.164555065453250     
  0.164404152868855     
  0.695000000000000      -1.481921117462388E-004 -0.164606652465807     
  0.164458460354060     
  0.700000000000000      -1.455364600100536E-004 -0.164657801694763     
  0.164512265234753     
  0.705000000000000      -1.438066251471425E-004 -0.164708568617499     
  0.164564761992351     
  0.710000000000000      -1.409577677857274E-004 -0.164758804385486     
  0.164617846617700     
  0.715000000000000      -1.377269341687630E-004 -0.164808690642199     
  0.164670963708030     
  0.720000000000000      -1.355623096720531E-004 -0.164858161339263     
  0.164722599029591     
  0.725000000000000      -1.331134572019157E-004 -0.164907229630945     
  0.164774116173743     
  0.730000000000000      -1.308272363054254E-004 -0.164955900784794     
  0.164825073548489     
  0.735000000000000      -1.285586015330217E-004 -0.165004181922345     
  0.164875623320812     
  0.740000000000000      -1.272169683028784E-004 -0.165052127618076     
  0.164924910649773     
  0.745000000000000      -1.222665310968125E-004 -0.165099894805134     
  0.164977628274038     
  0.750000000000000      -1.193220861627732E-004 -0.165146659763707     
  0.165027337677544     
  0.755000000000000      -1.208072075016354E-004 -0.165193486676695     
  0.165072679469194     
  0.760000000000000      -1.176421276871581E-004 -0.165239920817376     
  0.165122278689688     
  0.765000000000000      -1.160624979193597E-004 -0.165285995184634     
  0.165169932686714     
  0.770000000000000      -1.140026609616551E-004 -0.165331716162007     
  0.165217713501045     
  0.775000000000000      -1.121578659120500E-004 -0.165377091660738     
  0.165264933794826     
  0.780000000000000      -1.102896497716702E-004 -0.165422127027548     
  0.165311837377776     
  0.785000000000000      -1.084817967894507E-004 -0.165466827692698     
  0.165358345895908     
  0.790000000000000      -1.067021456557961E-004 -0.165511198914570     
  0.165404496768914     
  0.795000000000000      -1.049620823653689E-004 -0.165555245508691     
  0.165450283426326     
  0.800000000000000      -1.022812221143899E-004 -0.165598956060199     
  0.165496674838085     
  0.805000000000000      -1.008700260113062E-004 -0.165642382105819     
  0.165541512079808     
  0.810000000000000      -1.001993178310839E-004 -0.165685486177101     
  0.165585286859270     
  0.815000000000000      -9.827425086363943E-005 -0.165728279312681     
  0.165630005061817     
  0.820000000000000      -9.681286407167888E-005 -0.165770772260599     
  0.165673959396528     
  0.825000000000000      -9.524358290845934E-005 -0.165812967181786     
  0.165717723598878     
  0.830000000000000      -9.374902139383930E-005 -0.165854868476443     
  0.165761119455049     
  0.835000000000000      -9.226882904640159E-005 -0.165896480230356     
  0.165804211401309     
  0.840000000000000      -9.082468311173589E-005 -0.165937806604704     
  0.165846981921593     
  0.845000000000000      -8.940489476817850E-005 -0.165978851343839     
  0.165889446449071     
  0.850000000000000      -8.801721870998402E-005 -0.166019618176014     
  0.165931600957305     
  0.855000000000000      -8.666113941848929E-005 -0.166060110664513     
  0.165973449525095     
  0.860000000000000      -8.532421971366341E-005 -0.166100332796093     
  0.166015008576379     
  0.865000000000000      -8.401399435683028E-005 -0.166140288125005     
  0.166056274130648     
  0.870000000000000      -8.273221084093582E-005 -0.166179979849257     
  0.166097247638415     
  0.875000000000000      -8.147348055347131E-005 -0.166219411554581     
  0.166137938074027     
  0.880000000000000      -8.024224110307661E-005 -0.166258586654045     
  0.166178344412942     
  0.885000000000000      -7.903166844640419E-005 -0.166297508435175     
  0.166218476766728     
  0.890000000000000      -7.784329668274876E-005 -0.166336180007707     
  0.166258336711025     
  0.895000000000000      -7.570454031684905E-005 -0.166374588283127     
  0.166298883742810     
  0.900000000000000      -7.481881226407383E-005 -0.166412783852284     
  0.166337965040020     
  0.905000000000000      -7.465883773544273E-005 -0.166450726935686     
  0.166376068097951     
  0.910000000000000      -7.323886141043074E-005 -0.166488427506869     
  0.166415188645458     
  0.915000000000000      -7.227034880007396E-005 -0.166525894914504     
  0.166453624565704     
  0.920000000000000      -7.117795664573810E-005 -0.166563129811726     
  0.166491951855080     
  0.925000000000000      -7.015228802421089E-005 -0.166600135783142     
  0.166529983495118     
  0.930000000000000      -6.815139893847315E-005 -0.166636899055352     
  0.166568747656414     
  0.935000000000000      -6.740776906620220E-005 -0.166673469154142     
  0.166606061385076     
  0.940000000000000      -6.641352356752404E-005 -0.166709790686844     
  0.166643377163277     
  0.945000000000000      -6.538353963823775E-005 -0.166745919954775     
  0.166680536415137     
  0.950000000000000      -6.551020627443933E-005 -0.166781823670648     
  0.166716313464373     
  0.955000000000000      -6.422289944908089E-005 -0.166817508728313     
  0.166753285828864     
  0.960000000000000      -6.342838001943488E-005 -0.166852984852503     
  0.166789556472484     
  0.965000000000000      -6.249354154933158E-005 -0.166888251924837     
  0.166825758383288     
  0.970000000000000      -6.064959550969788E-005 -0.166923297188388     
  0.166862647592878     
  0.975000000000000      -6.003653197011900E-005 -0.166958168863824     
  0.166898132331854     
  0.980000000000000      -6.015720579122466E-005 -0.166992828059609     
  0.166932670853818     
  0.985000000000000      -5.900128535016896E-005 -0.167027283367427     
  0.166968282082077     
  0.990000000000000      -5.828920527062259E-005 -0.167061543352868     
  0.167003254147597     
  0.995000000000000      -5.745051963372804E-005 -0.167095608092762     
  0.167038157573128     
   1.00000000000000      -5.667272289981499E-005 -0.167129480164655     
  0.167072807441755     
   1.00500000000000      -5.589469962303915E-005 -0.167163161772910     
  0.167107267073287     
   1.01000000000000      -5.513553585542749E-005 -0.167196654943978     
  0.167141519408123     
   1.01500000000000      -5.340804208041277E-005 -0.167229945427678     
  0.167176537385597     
   1.02000000000000      -5.292657553190877E-005 -0.167263082006630     
  0.167210155431098     
   1.02500000000000      -5.316943798336142E-005 -0.167296024824631     
  0.167242855386648     
   1.03000000000000      -5.213771869782301E-005 -0.167328782374964     
  0.167276644656266     
   1.03500000000000      -5.154637429729604E-005 -0.167361362987213     
  0.167309816612916     
   1.04000000000000      -5.082319160451760E-005 -0.167393766313842     
  0.167342943122237     
   1.04500000000000      -5.016251283495889E-005 -0.167425994775833     
  0.167375832262998     
   1.05000000000000      -4.949804457742029E-005 -0.167458049993288     
  0.167408551948711     
   1.05500000000000      -4.884646901068876E-005 -0.167489933723150     
  0.167441087254139     
   1.06000000000000      -4.722580718573407E-005 -0.167521631691319     
  0.167474405884133     
   1.06500000000000      -4.684867509126941E-005 -0.167553192311234     
  0.167506343636143     
   1.07000000000000      -4.719519147916059E-005 -0.167584575304741     
  0.167537380113262     
   1.07500000000000      -4.626234672677444E-005 -0.167615789095867     
  0.167569526749141     
   1.08000000000000      -4.663892408716224E-005 -0.167646890427452     
  0.167600251503365     
   1.08500000000000      -4.472643796080593E-005 -0.167677704298282     
  0.167632977860321     
   1.09000000000000      -4.365733965103800E-005 -0.167708457135080     
  0.167664799795429     
   1.09500000000000      -4.430911645127542E-005 -0.167739033892876     
  0.167694724776424     
   1.10000000000000      -4.334549193907027E-005 -0.167769449650629     
  0.167726104158690     
   1.10500000000000      -4.292968906914243E-005 -0.167799711216642     
  0.167756781527573     
   1.11000000000000      -4.234144126618434E-005 -0.167829818281208     
  0.167787476839942     
   1.11500000000000      -4.182229031476270E-005 -0.167859773268206     
  0.167817950977891     
   1.12000000000000      -4.129252317771327E-005 -0.167889577273789     
  0.167848284750611     
   1.12500000000000      -4.077715461973883E-005 -0.167919231763431     
  0.167878454608811     
   1.13000000000000      -4.026783878553614E-005 -0.167948738209414     
  0.167908470370629     
   1.13500000000000      -3.976943270042378E-005 -0.167978097974407     
  0.167938328541707     
   1.14000000000000      -3.927645272064564E-005 -0.168007312482650     
  0.167968036029929     
   1.14500000000000      -3.879151654022861E-005 -0.168036382816383     
  0.167997591299842     
   1.15000000000000      -3.831699586362545E-005 -0.168065310503720     
  0.168026993507857     
   1.15500000000000      -3.784635197771355E-005 -0.168094096810587     
  0.168056250458609     
   1.16000000000000      -3.738443568890095E-005 -0.168122742887562     
  0.168085358451873     
   1.16500000000000      -3.693009952876350E-005 -0.168151250088986     
  0.168114319989457     
   1.17000000000000      -3.648391785932204E-005 -0.168179619775699     
  0.168143135857840     
   1.17500000000000      -3.604277384733469E-005 -0.168207852957147     
  0.168171810183300     
   1.18000000000000      -3.560489217609888E-005 -0.168235950685014     
  0.168200345792838     
   1.18500000000000      -3.517838140013385E-005 -0.168263914368628     
  0.168228735987227     
   1.19000000000000      -3.475765956449095E-005 -0.168291745220983     
  0.168256987561419     
   1.19500000000000      -3.434188514203633E-005 -0.168319444349842     
  0.168285102464700     
   1.20000000000000      -3.393298949021354E-005 -0.168347012745612     
  0.168313079756122     
   1.20500000000000      -3.353176152520832E-005 -0.168374451618468     
  0.168340919856943     
   1.21000000000000      -3.313380272705554E-005 -0.168401761920012     
  0.168368628117285     
   1.21500000000000      -3.274251988176171E-005 -0.168428944934496     
  0.168396202414614     
   1.22000000000000      -3.235992997210849E-005 -0.168456001632133     
  0.168423641702161     
   1.22500000000000      -3.100308184549793E-005 -0.168482917060008     
  0.168451913978163     
   1.23000000000000      -3.088474603776977E-005 -0.168509738606865     
  0.168478853860827     
   1.23500000000000      -3.148606178005371E-005 -0.168536425723940     
  0.168504939662160     
   1.24000000000000      -2.982005598082610E-005 -0.168562969928507     
  0.168533149872526     
   1.24500000000000      -2.982349523436518E-005 -0.168589425262639     
  0.168559601767405     
   1.25000000000000      -2.942458482241618E-005 -0.168615732213615     
  0.168586307628792     
   1.25500000000000      -2.902050611721012E-005 -0.168641946424768     
  0.168612925918651     
   1.26000000000000      -2.975082463442214E-005 -0.168668032453391     
  0.168638281628756     
   1.26500000000000      -2.905675749809765E-005 -0.168693996010459     
  0.168664939252961     
   1.27000000000000      -2.884240524818211E-005 -0.168719845021948     
  0.168691002616700     
   1.27500000000000      -2.847466637531932E-005 -0.168745577860307     
  0.168717103193931     
   1.28000000000000      -2.718609306752393E-005 -0.168771180021409     
  0.168743993928341     
   1.28500000000000      -2.711722933654977E-005 -0.168796699189502     
  0.168769581960165     
   1.29000000000000      -2.777468873739063E-005 -0.168822093979908     
  0.168794319291171     
   1.29500000000000      -2.714088268599820E-005 -0.168847372169930     
  0.168820231287244     
   1.30000000000000      -2.694523322573269E-005 -0.168872540876394     
  0.168845595643168     
   1.30500000000000      -2.660834677928512E-005 -0.168897598614200     
  0.168870990267421     
   1.31000000000000      -2.632196522879443E-005 -0.168922547069986     
  0.168896225104758     
   1.31500000000000      -2.602626600218348E-005 -0.168947386733864     
  0.168921360467862     
   1.32000000000000      -2.573925067165720E-005 -0.168972118447740     
  0.168946379197068     
   1.32500000000000      -2.545261367485991E-005 -0.168996743087119     
  0.168971290473445     
   1.33000000000000      -2.516949659088979E-005 -0.169021261361684     
  0.168996091865093     
   1.33500000000000      -2.489049767559662E-005 -0.169045673964282     
  0.169020783466606     
   1.34000000000000      -2.461857577538562E-005 -0.169069981879039     
  0.169045363303263     
   1.34500000000000      -2.434943919731770E-005 -0.169094185660399     
  0.169069836221202     
   1.35000000000000      -2.310198415901568E-005 -0.169118269800907     
  0.169095167816748     
   1.35500000000000      -2.309189856734178E-005 -0.169142282471105     
  0.169119190572538     
   1.36000000000000      -2.379843067413048E-005 -0.169166181635630     
  0.169142383204956     
   1.36500000000000      -2.321976231496565E-005 -0.169189975068244     
  0.169166755305929     
   1.37000000000000      -2.307719005056599E-005 -0.169213669833835     
  0.169190592643785     
   1.37500000000000      -2.278889968055881E-005 -0.169237264366186     
  0.169214475466505     
   1.38000000000000      -2.255404391407294E-005 -0.169260759994441     
  0.169238205950527     
   1.38500000000000      -2.230857551413092E-005 -0.169284157204532     
  0.169261848629017     
   1.39000000000000      -2.207026425131682E-005 -0.169307456843163     
  0.169285386578911     
   1.39500000000000      -2.182770796608629E-005 -0.169330659356820     
  0.169308831648854     
   1.40000000000000      -2.159445566898514E-005 -0.169353765501810     
  0.169332171046141     
   1.40500000000000      -2.038625477656243E-005 -0.169376759762632     
  0.169356373507856     
   1.41000000000000      -2.041042944537035E-005 -0.169399689708756     
  0.169379279279311     
   1.41500000000000      -2.115430983267184E-005 -0.169422513886723     
  0.169401359576890     
   1.42000000000000      -2.060256624746146E-005 -0.169445239430337     
  0.169424636864089     
   1.42500000000000      -1.951186659555459E-005 -0.169467857343699     
  0.169448345477103     
   1.43000000000000      -1.951342628943042E-005 -0.169490413061990     
  0.169470899635701     
   1.43500000000000      -2.027951395243726E-005 -0.169512865453757     
  0.169492585939804     
   1.44000000000000      -1.973887037677493E-005 -0.169535221950915     
  0.169515483080538     
   1.44500000000000      -1.963687926720704E-005 -0.169557489180792     
  0.169537852301525     
   1.45000000000000      -1.939125518730118E-005 -0.169579665762117     
  0.169560274506930     
   1.45500000000000      -1.919938433051759E-005 -0.169601752891356     
  0.169582553507025     
   1.46000000000000      -1.985829631559700E-005 -0.169623799949115     
  0.169603941652799     
   1.46500000000000      -1.935010153135918E-005 -0.169645648699366     
  0.169626298597835     
   1.47000000000000      -1.839393475079621E-005 -0.169667477294789     
  0.169649083360038     
   1.47500000000000      -1.845391795611049E-005 -0.169689212293396     
  0.169670758375440     
   1.48000000000000      -1.817872182305863E-005 -0.169710860757390     
  0.169692682035567     
   1.48500000000000      -1.801645277152117E-005 -0.169732421930503     
  0.169714405477731     
   1.49000000000000      -1.781568220950284E-005 -0.169753897351660     
  0.169736081669451     
   1.49500000000000      -1.849717499013324E-005 -0.169775336613294     
  0.169756839438303     
   1.50000000000000      -1.800210926338749E-005 -0.169796580909002     
  0.169778578799739     
   1.50500000000000      -1.706432173675318E-005 -0.169817808825481     
  0.169800744503744     
   1.51000000000000      -1.714331011118161E-005 -0.169838946770657     
  0.169821803460545     
   1.51500000000000      -1.687738398267120E-005 -0.169860001682747     
  0.169843124298765     
   1.52000000000000      -1.672743854630749E-005 -0.169880973101745     
  0.169864245663199     
   1.52500000000000      -1.654445132471759E-005 -0.169901862212972     
  0.169885317761648     
   1.53000000000000      -1.637343772595893E-005 -0.169922669299757     
  0.169906295862031     
   1.53500000000000      -1.620297837223524E-005 -0.169943395054119     
  0.169927192075746     
   1.54000000000000      -1.602987874014934E-005 -0.169964039943017     
  0.169948010064276     
   1.54500000000000      -1.586246302967372E-005 -0.169984604468299     
  0.169968742005269     
   1.55000000000000      -1.569968045045569E-005 -0.170005089009948     
  0.169989389329498     
   1.55500000000000      -1.553094387165536E-005 -0.170025494099532     
  0.170009963155660     
   1.56000000000000      -1.289786108039968E-005 -0.170046133490356     
  0.170033235629275     
   1.56500000000000      -1.164387661290142E-005 -0.170065967521732     
  0.170054323645119     
   1.57000000000000      -1.408806276987064E-005 -0.170086180752436     
  0.170072092689666     
   1.57500000000000      -1.408906990320521E-005 -0.170106302655809     
  0.170092213585906     
   1.58000000000000      -1.495546353004430E-005 -0.170126326839316     
  0.170111371375786     
   1.58500000000000      -1.446843407468482E-005 -0.170146267285383     
  0.170131798851309     
   1.59000000000000      -1.530072977331823E-005 -0.170166180809630     
  0.170150880079857     
   1.59500000000000      -1.480204699758914E-005 -0.170185906935585     
  0.170171104888587     
   1.60000000000000      -1.390735419030803E-005 -0.170205625355484     
  0.170191718001293     
   1.60500000000000      -1.401436741934968E-005 -0.170225262091107     
  0.170211247723687     
   1.61000000000000      -1.378694169254408E-005 -0.170244824133110     
  0.170231037191418     
   1.61500000000000      -1.366846594756238E-005 -0.170264311059851     
  0.170250642593903     
   1.62000000000000      -1.351557406334715E-005 -0.170283723812206     
  0.170270208238142     
   1.62500000000000      -1.337787537342367E-005 -0.170303063057713     
  0.170289685182340     
   1.63000000000000      -1.410086908643788E-005 -0.170322378218019     
  0.170308277348932     
   1.63500000000000      -1.364975375644912E-005 -0.170341510307544     
  0.170327860553788     
   1.64000000000000      -1.275131810917420E-005 -0.170360638203009     
  0.170347886884900     
   1.64500000000000      -1.287237443745020E-005 -0.170379687891186     
  0.170366815516748     
   1.65000000000000      -1.264805921006996E-005 -0.170398666004429     
  0.170386017945219     
   1.65500000000000      -1.254304287628974E-005 -0.170417572438948     
  0.170405029396072     
   1.66000000000000      -1.239771139360158E-005 -0.170436407867465     
  0.170424010156072     
   1.66500000000000      -1.226538876185703E-005 -0.170455172697803     
  0.170442907309041     
   1.67000000000000      -1.213168106944470E-005 -0.170473867336944     
  0.170461735655875     
   1.67500000000000      -1.199979039717389E-005 -0.170492492193139     
  0.170480492402742     
   1.68000000000000      -1.186768716370750E-005 -0.170511047739311     
  0.170499180052147     
   1.68500000000000      -1.173719866704856E-005 -0.170529534281002     
  0.170517797082335     
   1.69000000000000      -1.160989340919559E-005 -0.170547952029533     
  0.170536342136124     
   1.69500000000000      -1.148103799547366E-005 -0.170566301547340     
  0.170554820509345     
   1.70000000000000      -1.135435966174601E-005 -0.170584583051788     
  0.170573228692126     
   1.70500000000000      -1.122919471060062E-005 -0.170602796904785     
  0.170591567710074     
   1.71000000000000      -1.110260000291031E-005 -0.170620943429042     
  0.170609840829039     
   1.71500000000000      -1.097957116650829E-005 -0.170639023084414     
  0.170628043513247     
   1.72000000000000      -1.085823544076430E-005 -0.170657036036192     
  0.170646177800751     
   1.72500000000000      -1.160477517576338E-005 -0.170675032045703     
  0.170663427270527     
   1.73000000000000      -1.117249540886649E-005 -0.170692851853761     
  0.170681679358352     
   1.73500000000000      -1.028883864369106E-005 -0.170710674103009     
  0.170700385264365     
   1.74000000000000      -1.043092814821050E-005 -0.170728424855379     
  0.170717993927231     
   1.74500000000000      -1.022910772004519E-005 -0.170746110793919     
  0.170735881686199     
   1.75000000000000      -9.158675787324093E-006 -0.170763715019529     
  0.170754556343742     
   1.75500000000000      -9.282324939188509E-006 -0.170781285912915     
  0.170772003587976     
   1.76000000000000      -1.014518308529040E-005 -0.170798781103393     
  0.170788635920307     
   1.76500000000000      -9.703360546617400E-006 -0.170816207718094     
  0.170806504357547     
   1.77000000000000      -9.693412016894711E-006 -0.170833572709504     
  0.170823879297486     
   1.77500000000000      -9.546456505827187E-006 -0.170850873878675     
  0.170841327422170     
   1.78000000000000      -9.446110491847389E-006 -0.170868112531757     
  0.170858666421265     
   1.78500000000000      -9.330927633200486E-006 -0.170885288537573     
  0.170875957609940     
   1.79000000000000      -9.223434788053090E-006 -0.170902402233978     
  0.170893178799189     
   1.79500000000000      -9.112028536575672E-006 -0.170919454046450     
  0.170910342017914     
   1.80000000000000      -9.001669691480316E-006 -0.170936444057892     
  0.170927442388200     
   1.80500000000000      -8.893940709881168E-006 -0.170953372837305     
  0.170944478896595     
   1.81000000000000      -8.783875582050215E-006 -0.170970240465475     
  0.170961456589893     
   1.81500000000000      -8.673483466066099E-006 -0.170987047198562     
  0.170978373715095     
   1.82000000000000      -8.567272157345206E-006 -0.171003793510496     
  0.170995226238338     
   1.82500000000000      -8.461773329962839E-006 -0.171020479398889     
  0.171012017625560     
   1.83000000000000      -8.355955898860386E-006 -0.171037105358314     
  0.171028749402415     
   1.83500000000000      -8.249785810768115E-006 -0.171053671681574     
  0.171045421895763     
   1.84000000000000      -8.145051514915983E-006 -0.171070178570864     
  0.171062033519349     
   1.84500000000000      -8.041922693488480E-006 -0.171086626177787     
  0.171078584255093     
   1.85000000000000      -7.938237944264326E-006 -0.171103014914845     
  0.171095076676901     
   1.85500000000000      -7.835760272473703E-006 -0.171119345073604     
  0.171111509313332     
   1.86000000000000      -7.734986481759367E-006 -0.171135616750982     
  0.171127881764500     
   1.86500000000000      -7.631934476277358E-006 -0.171151830384250     
  0.171144198449773     
   1.87000000000000      -7.529221178345986E-006 -0.171167986212744     
  0.171160456991565     
   1.87500000000000      -7.429545100143218E-006 -0.171184084325053     
  0.171176654779953     
   1.88000000000000      -7.331658923260606E-006 -0.171200125091125     
  0.171192793432202     
   1.88500000000000      -7.234013129990081E-006 -0.171216108852556     
  0.171208874839426     
   1.89000000000000      -7.131050461957818E-006 -0.171232035751911     
  0.171224904701449     
   1.89500000000000      -6.052576558358390E-006 -0.171247889589987     
  0.171241837013428     
   1.90000000000000      -6.209661609124891E-006 -0.171263718461370     
  0.171257508799761     
   1.90500000000000      -7.085043310613729E-006 -0.171279479537862     
  0.171272394494552     
   1.91000000000000      -6.662634772963136E-006 -0.171295180020635     
  0.171288517385863     
   1.91500000000000      -6.677316866908427E-006 -0.171310826793014     
  0.171304149476147     
   1.92000000000000      -6.544651057152738E-006 -0.171326417527996     
  0.171319872876939     
   1.92500000000000      -6.461483396242081E-006 -0.171341953317604     
  0.171335491834207     
   1.93000000000000      -5.382686874990015E-006 -0.171357418183371     
  0.171352035496496     
   1.93500000000000      -5.538305549291673E-006 -0.171372859068321     
  0.171367320762772     
   1.94000000000000      -6.422009764840988E-006 -0.171388234028412     
  0.171381812018647     
   1.94500000000000      -6.001078174487382E-006 -0.171403550331878     
  0.171397549253703     
   1.95000000000000      -5.034986667523905E-006 -0.171418798113861     
  0.171413763127194     
   1.95500000000000      -5.156154857291942E-006 -0.171434022431402     
  0.171428866276545     
   1.96000000000000      -5.070175884889504E-006 -0.171449165691835     
  0.171444095515950     
   1.96500000000000      -4.904843805293626E-006 -0.171464282343155     
  0.171459377499350     
   1.97000000000000      -5.898226475329985E-006 -0.171479335942680     
  0.171473437716204     
   1.97500000000000      -5.444678281857878E-006 -0.171494331531774     
  0.171488886853492     
   1.98000000000000      -5.472160963256348E-006 -0.171509276467385     
  0.171503804306422     
   1.98500000000000      -5.341552423839968E-006 -0.171524168527937     
  0.171518826975513     
   1.99000000000000      -5.267321644848527E-006 -0.171539008559078     
  0.171533741237433     
   1.99500000000000      -5.174779137518200E-006 -0.171553796562122     
  0.171548621782985     
   2.00000000000000      -4.106434611540532E-006 -0.171568516555629     
  0.171564410121017     
   2.00500000000000      -4.267311928314987E-006 -0.171583216037475     
  0.171578948725546     
   2.01000000000000      -2.684653063654516E-006 -0.171598167758496     
  0.171595483105433     
   2.01500000000000      -2.151835671106155E-006 -0.171612349427693     
  0.171610197592022     
   2.02000000000000      -5.519055946367992E-006 -0.171626926890647     
  0.171621407834701     
   2.02500000000000      -3.343710226578528E-006 -0.171641403155014     
  0.171638059444787     
   2.03000000000000      -3.899058537263076E-006 -0.171655856041533     
  0.171651956982996     
   2.03500000000000      -4.672202118646183E-006 -0.171670243159970     
  0.171665570957851     
   2.04000000000000      -4.306698265779592E-006 -0.171684574380345     
  0.171680267682080     
   2.04500000000000      -4.317749353171494E-006 -0.171698856582605     
  0.171694538833252     
   2.05000000000000      -4.203769394874138E-006 -0.171713088055957     
  0.171708884286562     
   2.05500000000000      -4.133126611279524E-006 -0.171727269878131     
  0.171723136751520     
   2.06000000000000      -4.047526259949253E-006 -0.171741402189186     
  0.171737354662926     
   2.06500000000000      -3.963947230988494E-006 -0.171755485285978     
  0.171751521338747     
   2.07000000000000      -3.879178763280831E-006 -0.171769519380856     
  0.171765640202092     
   2.07500000000000      -3.798058788918854E-006 -0.171783504752409     
  0.171779706693620     
   2.08000000000000      -3.717981279166334E-006 -0.171797441566284     
  0.171793723585004     
   2.08500000000000      -3.636713455827042E-006 -0.171811330028420     
  0.171807693314964     
   2.09000000000000      -3.555457553087465E-006 -0.171825170172889     
  0.171821614715336     
   2.09500000000000      -3.474639744577648E-006 -0.171838962539481     
  0.171835487899736     
   2.10000000000000      -3.390940590615908E-006 -0.171852707101848     
  0.171849316161257     
   2.10500000000000      -3.311518468551492E-006 -0.171866404002199     
  0.171863092483730     
   2.11000000000000      -3.230273956877536E-006 -0.171880053556734     
  0.171876823282777     
   2.11500000000000      -3.148763778319138E-006 -0.171893655950094     
  0.171890507186316     
   2.12000000000000      -3.937962473224768E-006 -0.171907260941548     
  0.171903322979075     
   2.12500000000000      -3.548195242677702E-006 -0.171920708182616     
  0.171917159987373     
   2.13000000000000      -2.709299138404574E-006 -0.171934177318810     
  0.171931468019671     
   2.13500000000000      -2.889445995788818E-006 -0.171947593815899     
  0.171944704369903     
   2.14000000000000      -2.727072503445230E-006 -0.171960964266858     
  0.171958237194354     
   2.14500000000000      -2.678992267550108E-006 -0.171974287921520     
  0.171971608929252     
   2.15000000000000      -2.593406137646633E-006 -0.171987565462970     
  0.171984972056832     
   2.15500000000000      -1.534316882659796E-006 -0.172000780880631     
  0.171999246563748     
   2.16000000000000      -1.707432419879585E-006 -0.172013982079789     
  0.172012274647369     
   2.16500000000000      -2.608163415507223E-006 -0.172027125980626     
  0.172024517817211     
   2.17000000000000      -2.203366898002650E-006 -0.172040220101555     
  0.172038016734657     
   2.17500000000000      -2.235890994561620E-006 -0.172053270961947     
  0.172051035070952     
   2.18000000000000      -2.121748599923633E-006 -0.172066276337818     
  0.172064154589219     
   2.18500000000000      -2.057678399240173E-006 -0.172079237265441     
  0.172077179587043     
   2.19000000000000      -1.977935974671131E-006 -0.172092153550695     
  0.172090175614720     
   2.19500000000000      -1.901932903088799E-006 -0.172105025663105     
  0.172103123730202     
   2.20000000000000      -1.824536629444337E-006 -0.172117853456478     
  0.172116028919849     
   2.20500000000000      -1.751239937534400E-006 -0.172130637301437     
  0.172128886061500     
   2.21000000000000      -1.676114525872585E-006 -0.172143377392664     
  0.172141701278139     
   2.21500000000000      -1.598974485254699E-006 -0.172156073820461     
  0.172154474845976     
   2.22000000000000      -1.527306275267879E-006 -0.172168726899612     
  0.172167199593336     
   2.22500000000000      -1.451333558849172E-006 -0.172181336482560     
  0.172179885149001     
   2.23000000000000      -1.375611813000686E-006 -0.172193902804583     
  0.172192527192770     
   2.23500000000000      -1.302341436382556E-006 -0.172206426315362     
  0.172205123973925     
   2.24000000000000      -2.459724908502332E-007 -0.172218890372548     
  0.172218644400058     
   2.24500000000000      -4.233987589951098E-007 -0.172231342834777     
  0.172230919436018     
   2.25000000000000      -1.324316056120046E-006 -0.172243741366498     
  0.172242417050442     
   2.25500000000000      -9.233879287705913E-007 -0.172256092792980     
  0.172255169405051     
   2.26000000000000      -9.614737283442562E-007 -0.172268403628274     
  0.172267442154545     
   2.26500000000000      -8.532871882591622E-007 -0.172280671994609     
  0.172279818707421     
   2.27000000000000      -7.940807216910802E-007 -0.172292898771228     
  0.172292104690507     
   2.27500000000000      -7.191847359288227E-007 -0.172305083798164     
  0.172304364613428     
   2.28000000000000      -6.457723447148756E-007 -0.172317227336431     
  0.172316581564086     
   2.28500000000000      -5.743335815549949E-007 -0.172329329451877     
  0.172328755118296     
   2.29000000000000      -5.032687506178072E-007 -0.172341390304198     
  0.172340887035448     
   2.29500000000000      -4.287839675515889E-007 -0.172353409977049     
  0.172352981193081     
   2.30000000000000      -3.600462382688181E-007 -0.172365388670825     
  0.172365028624586     
   2.30500000000000      -2.873809014479176E-007 -0.172377326469228     
  0.172377039088327     
   2.31000000000000      -2.145779190468818E-007 -0.172389223409260     
  0.172389008831341     
   2.31500000000000      -1.436449739540589E-007 -0.172401079836888     
  0.172400936191914     
   2.32000000000000      -7.216331093690585E-008 -0.172412895985248     
  0.172412823821937     
   2.32500000000000      -5.591438752241854E-009 -0.172424671767978     
  0.172424666176539     
   2.33000000000000       6.600704272230950E-008 -0.172436407625175     
  0.172436473632218     
   2.33500000000000       1.119770037367847E-006 -0.172448087209782     
  0.172449206979820     
   2.34000000000000       9.383725681596018E-007 -0.172459758284764     
  0.172460696657332     
   2.34500000000000       3.013546051745742E-008 -0.172471378328486     
  0.172471408463947     
   2.35000000000000       4.257435653356397E-007 -0.172482954192822     
  0.172483379936387     
   2.35500000000000       3.870367046136629E-007 -0.172494492482779     
  0.172494879519484     
   2.36000000000000       4.909788871191732E-007 -0.172505991042620     
  0.172506482021507     
   2.36500000000000       5.469322663198844E-007 -0.172517450661459     
  0.172517997593725     
   2.37000000000000       6.203430345372034E-007 -0.172528871140429     
  0.172529491483463     
   2.37500000000000       6.885655875646784E-007 -0.172540252739969     
  0.172540941305556     
   2.38000000000000       1.740041567176503E-006 -0.172551579096907     
  0.172553319138475     
   2.38500000000000       1.557603971243324E-006 -0.172562898171358     
  0.172564455775330     
   2.39000000000000       6.478167828454238E-007 -0.172574167415010     
  0.172574815231793     
   2.39500000000000       1.042801752335085E-006 -0.172585393849776     
  0.172586436651529     
   2.40000000000000       1.000888882426044E-006 -0.172596583941050     
  0.172597584829932     
   2.40500000000000       1.103764704642986E-006 -0.172607735945883     
  0.172608839710588     
   2.41000000000000       1.162185658264912E-006 -0.172618850438978     
  0.172620012624636     
   2.41500000000000       1.233114224710393E-006 -0.172629927368046     
  0.172631160482271     
   2.42000000000000       1.296565687742512E-006 -0.172640966856176     
  0.172642263421863     
   2.42500000000000       1.362008544073278E-006 -0.172651968868531     
  0.172653330877075     
   2.43000000000000       1.425488833328353E-006 -0.172662933426899     
  0.172664358915732     
   2.43500000000000       1.488453610784211E-006 -0.172673860566727     
  0.172675349020338     
   2.44000000000000       1.557686176095089E-006 -0.172684750418077     
  0.172686308104253     
   2.44500000000000       1.627088450330023E-006 -0.172695603127400     
  0.172697230215851     
   2.45000000000000       4.161861885633286E-006 -0.172706735498521     
  0.172710897360407     
   2.45500000000000       4.359020909965353E-006 -0.172717113800587     
  0.172721472821497     
   2.46000000000000       1.073853636640818E-006 -0.172727902787361     
  0.172728976640998     
   2.46500000000000       2.208137763910770E-006 -0.172738622032486     
  0.172740830170250     
   2.47000000000000       1.895210459608886E-006 -0.172749300928050     
  0.172751196138510     
   2.47500000000000       2.073530999067328E-006 -0.172759940384264     
  0.172762013915263     
   2.48000000000000       2.090882746666515E-006 -0.172770542880982     
  0.172772633763728     
   2.48500000000000       1.294899809080864E-006 -0.172781158338588     
  0.172782453238397     
   2.49000000000000       1.660035385618298E-006 -0.172791626363037     
  0.172793286398423     
   2.49500000000000       2.485426691245324E-006 -0.172802126718471     
  0.172804612145162     
   2.50000000000000       1.414787871829142E-006 -0.172812634428151     
  0.172814049216023     
   2.52500000000000      -7.262075215678066E-005 -0.172896709855385     
  0.172824089103228     
   2.55000000000000      -7.789041750531946E-005 -0.172953710828043     
  0.172875820410537     
   2.57500000000000      -7.952157881239138E-005 -0.173005763771010     
  0.172926242192198     
   2.60000000000000      -7.917675471488419E-005 -0.173055532782956     
  0.172976356028241     
   2.62500000000000      -7.825643459627282E-005 -0.173103855558448     
  0.173025599123852     
   2.65000000000000      -7.699761504281120E-005 -0.173151080629705     
  0.173074083014663     
   2.67500000000000      -7.561741677884580E-005 -0.173197369248446     
  0.173121751831667     
   2.70000000000000      -7.511162378156342E-005 -0.173242911170110     
  0.173167799546328     
   2.72500000000000      -7.323832975305900E-005 -0.173287394031785     
  0.173214155702032     
   2.75000000000000      -7.104256625930296E-005 -0.173331286507739     
  0.173260243941480     
   2.77500000000000      -7.080531316176903E-005 -0.173374515011306     
  0.173303709698145     
   2.80000000000000      -6.888867982109529E-005 -0.173416754716654     
  0.173347866036832     
   2.82500000000000      -6.677645932065548E-005 -0.173458458666112     
  0.173391682206791     
   2.85000000000000      -6.565426671245157E-005 -0.173499440656323     
  0.173433786389611     
   2.87500000000000      -6.421922017266060E-005 -0.173539732919077     
  0.173475513698904     
   2.90000000000000      -6.290842414042332E-005 -0.173579348737056     
  0.173516440312915     
   2.92500000000000      -6.157900879725532E-005 -0.173618301522614     
  0.173556722513816     
   2.95000000000000      -6.028195608115916E-005 -0.173656603137881     
  0.173596321181799     
   2.97500000000000      -5.900078617969568E-005 -0.173694265161723     
  0.173635264375544     
   3.00000000000000      -5.773579377106987E-005 -0.173731298489619     
  0.173673562695848     
   3.02500000000000      -5.648862242955814E-005 -0.173767714228514     
  0.173711225606084     
   3.05000000000000      -5.526118393608875E-005 -0.173803522944582     
  0.173748261760645     
   3.07500000000000      -5.405111789854743E-005 -0.173838734998651     
  0.173784683880752     
   3.10000000000000      -5.285941683780974E-005 -0.173873360691110     
  0.173820501274272     
   3.12500000000000      -5.168152968369757E-005 -0.173907409843719     
  0.173855728314036     
   3.15000000000000      -5.052008814927211E-005 -0.173940892475548     
  0.173890372387398     
   3.17500000000000      -4.937855366752464E-005 -0.173973818116153     
  0.173924439562485     
   3.20000000000000      -4.825222522458789E-005 -0.174006196385677     
  0.173957944160452     
   3.22500000000000      -4.713673119654753E-005 -0.174038036351364     
  0.173990899620167     
   3.25000000000000      -4.603885005692047E-005 -0.174069347276519     
  0.174023308426462     
   3.27500000000000      -4.496001399425908E-005 -0.174100138181587     
  0.174055178167592     
   3.30000000000000      -4.389052558361138E-005 -0.174130417806776     
  0.174086527281193     
   3.32500000000000      -4.283871710800870E-005 -0.174160194855842     
  0.174117356138734     
   3.35000000000000      -4.180394978151812E-005 -0.174189477724076     
  0.174147673774295     
   3.37500000000000      -4.078235678943298E-005 -0.174218274911940     
  0.174177492555151     
   3.40000000000000      -3.977312047014184E-005 -0.174246594594856     
  0.174206821474385     
   3.42500000000000      -3.877837245092592E-005 -0.174274444756690     
  0.174235666384239     
   3.45000000000000      -3.780283622585245E-005 -0.174301833407195     
  0.174264030570969     
   3.47500000000000      -3.683673499723214E-005 -0.174328768341815     
  0.174291931606818     
   3.50000000000000      -3.588533461959381E-005 -0.174355257126775     
  0.174319371792155     
   3.52500000000000      -3.494727467921885E-005 -0.174381307410113     
  0.174346360135433     
   3.55000000000000      -3.401956767633337E-005 -0.174406926428221     
  0.174372906860544     
   3.57500000000000      -3.310830912450000E-005 -0.174432121487170     
  0.174399013178046     
   3.60000000000000      -3.121826166612056E-005 -0.174456875648086     
  0.174425657386420     
   3.62500000000000      -3.059743210828382E-005 -0.174481271234400     
  0.174450673802291     
   3.65000000000000      -3.070348023312404E-005 -0.174505238078737     
  0.174474534598503     
   3.67500000000000      -2.951545979648116E-005 -0.174528805137779     
  0.174499289677983     
   3.70000000000000      -2.877740165809857E-005 -0.174551985202805     
  0.174523207801146     
   3.72500000000000      -2.790633343902750E-005 -0.174574781935153     
  0.174546875601714     
   3.75000000000000      -2.709797772718782E-005 -0.174597202552249     
  0.174570104574522     
   3.77500000000000      -2.628489416627445E-005 -0.174619253180033     
  0.174592968285867     
   3.80000000000000      -2.350561720620691E-005 -0.174641667648231     
  0.174618162031025     
   3.82500000000000      -2.178304035772144E-005 -0.174661926510980     
  0.174640143470623     
   3.85000000000000      -2.456493139376603E-005 -0.174683108570770     
  0.174658543639376     
   3.87500000000000      -2.278547330617198E-005 -0.174703793942972     
  0.174681008469666     
   3.90000000000000      -2.244098966317315E-005 -0.174724112039666     
  0.174701671050003     
   3.92500000000000      -2.159650156947999E-005 -0.174744082120740     
  0.174722485619171     
   3.95000000000000      -1.993132642934587E-005 -0.174763693095998     
  0.174743761769569     
   3.97500000000000      -1.947328587109066E-005 -0.174783030232440     
  0.174763556946568     
   4.00000000000000      -1.974921117748277E-005 -0.174802020815686     
  0.174782271604508     
   4.02500000000000      -1.872637651576725E-005 -0.174820694270111     
  0.174801967893595     
   4.05000000000000      -1.815338668237338E-005 -0.174839062215963     
  0.174820908829281     
   4.07500000000000      -1.744104500973285E-005 -0.174857127185559     
  0.174839686140549     
   4.10000000000000      -1.678655421015225E-005 -0.174874895202026     
  0.174858108647816     
   4.12500000000000      -1.613047947152857E-005 -0.174892370808976     
  0.174876240329505     
   4.15000000000000      -1.548614704359070E-005 -0.174909559217553     
  0.174894073070509     
   4.17500000000000      -1.484774122199069E-005 -0.174926465100171     
  0.174911617358949     
   4.20000000000000      -1.422528246605502E-005 -0.174943093312017     
  0.174928868029551     
   4.22500000000000      -1.360729316733416E-005 -0.174959448419820     
  0.174945841126653     
   4.25000000000000      -1.299826026493255E-005 -0.174975535013741     
  0.174962536753476     
   4.27500000000000      -1.240245193071733E-005 -0.174991357499826     
  0.174978955047895     
   4.30000000000000      -1.181517792219855E-005 -0.175006920383917     
  0.174995105205994     
   4.32500000000000      -1.217197145073377E-005 -0.175022333723138     
  0.175010161751687     
   4.35000000000000      -1.118660123823358E-005 -0.175037238136355     
  0.175026051535117     
   4.37500000000000      -1.082153420941932E-005 -0.175052182216788     
  0.175041360682579     
   4.40000000000000      -1.012635727560417E-005 -0.175066603733851     
  0.175056477376576     
   4.42500000000000      -8.759440259481016E-006 -0.175080964409233     
  0.175072204968974     
   4.45000000000000      -8.524437055961138E-006 -0.175095066758641     
  0.175086542321585     
   4.47500000000000      -7.907993592470060E-006 -0.175108934921890     
  0.175101026928297     
   4.50000000000000      -7.425818073332681E-006 -0.175122573669673     
  0.175115147851600     
   4.52500000000000      -6.908812946295551E-006 -0.175135988389758     
  0.175129079576811     
   4.55000000000000      -6.409512950766504E-006 -0.175149183087591     
  0.175142773574640     
   4.57500000000000      -5.913708558940406E-006 -0.175162161834625     
  0.175156248126066     
   4.60000000000000      -5.427485072415400E-006 -0.175174928365532     
  0.175169500880459     
   4.62500000000000      -4.946001620011088E-006 -0.175187486167116     
  0.175182540165495     
   4.65000000000000      -4.474644210148452E-006 -0.175199838846773     
  0.175195364202563     
   4.67500000000000      -3.019531689999956E-006 -0.175211965235507     
  0.175208945703816     
   4.70000000000000      -2.824266350386182E-006 -0.175223945260585     
  0.175221120994234     
   4.72500000000000      -2.360817463543791E-006 -0.175235679633776     
  0.175233318816313     
   4.75000000000000      -1.853159155910410E-006 -0.175247270091540     
  0.175245416932384     
   4.77500000000000      -2.503640562460158E-006 -0.175258648509435     
  0.175256144868872     
   4.80000000000000      -1.709878853508584E-006 -0.175269837483124     
  0.175268127604271     
   4.82500000000000      -1.407608801459239E-006 -0.175280846874385     
  0.175279439265584     
   4.85000000000000      -9.481742415221786E-007 -0.175291676732203     
  0.175290728557962     
   4.87500000000000      -5.524258612650265E-007 -0.175302330586380     
  0.175301778160518     
   4.90000000000000      -1.464259278714473E-007 -0.175312811061768     
  0.175312664635840     
   4.92500000000000       2.485688738375687E-007 -0.175323121358416     
  0.175323369927289     
   4.95000000000000       6.387605838791375E-007 -0.175333263916375     
  0.175333902676958     
   4.97500000000000       1.020657954093493E-006 -0.175343241653759     
  0.175344262311713     
   5.00000000000000       1.399314246461950E-006 -0.175353057454486     
  0.175354456768733     
   5.02500000000000       1.772694944359539E-006 -0.175362713738609     
  0.175364486433553     
   5.05000000000000       2.136729870413654E-006 -0.175372213408075     
  0.175374350137946     
   5.07500000000000       2.496446224348641E-006 -0.175381558971151     
  0.175384055417375     
   5.10000000000000       2.852700670954555E-006 -0.175390753063873     
  0.175393605764544     
   5.12500000000000       3.199709878051731E-006 -0.175399797989331     
  0.175402997699209     
   5.15000000000000       3.539748427580710E-006 -0.175408696383248     
  0.175412236131676     
   5.17500000000000       5.858287530599289E-006 -0.175418180241229     
  0.175424038528760     
   5.20000000000000       7.131756238563187E-006 -0.175425720577304     
  0.175432852333543     
   5.22500000000000       2.957721582036895E-006 -0.175434504955764     
  0.175437462677346     
   5.25000000000000       4.711901655973021E-006 -0.175442743287304     
  0.175447455188960     
   5.27500000000000       5.361101329343719E-006 -0.175451000172540     
  0.175456361273870     
   5.30000000000000       5.501583496024074E-006 -0.175459089249992     
  0.175464590833488     
   5.32500000000000       6.829224368077978E-006 -0.175467015323260     
  0.175473844547628     
   5.35000000000000       7.835479053134118E-006 -0.175474834857743     
  0.175482670336796     
   5.37500000000000       6.885116563981211E-006 -0.175482552311108     
  0.175489437427672     
   5.40000000000000       8.501677109128749E-006 -0.175490843318086     
  0.175499344995195     
   5.42500000000000       9.945935641489044E-006 -0.175497208693294     
  0.175507154628935     
   5.45000000000000       6.592257790900019E-006 -0.175504733498505     
  0.175511325756296     
   5.47500000000000       7.910542522259663E-006 -0.175511989028042     
  0.175519899570564     
   5.50000000000000       7.766165025075746E-006 -0.175519101577120     
  0.175526867742145     
   5.52500000000000       8.140857432269489E-006 -0.175526086610783     
  0.175534227468215     
   5.55000000000000       8.350614358959111E-006 -0.175532953916853     
  0.175541304531212     
   5.57500000000000       8.614486047865302E-006 -0.175539707797684     
  0.175548322283732     
   5.60000000000000       8.861475344635419E-006 -0.175546351408733     
  0.175555212884078     
   5.62500000000000       9.114842228955849E-006 -0.175552887430069     
  0.175562002272297     
   5.65000000000000       9.359004937608602E-006 -0.175559318072107     
  0.175568677077044     
   5.67500000000000       9.601074102809313E-006 -0.175565645244424     
  0.175575246318527     
   5.70000000000000       9.835906184851827E-006 -0.175571870813342     
  0.175581706719527     
   5.72500000000000       1.007195762461716E-005 -0.175577996512434     
  0.175588068470059     
   5.75000000000000       1.030571564685007E-005 -0.175584024002505     
  0.175594329718152     
   5.77500000000000       1.053354624364948E-005 -0.175589955165047     
  0.175600488711291     
   5.80000000000000       1.075790513833942E-005 -0.175595791559088     
  0.175606549464226     
   5.82500000000000       1.097579174593301E-005 -0.175601534755083     
  0.175612510546828     
   5.85000000000000       1.218769037538217E-005 -0.175607161473156     
  0.175619349163532     
   5.87500000000000       1.214011545864381E-005 -0.175612750567974     
  0.175624890683433     
   5.90000000000000       1.136894741240483E-005 -0.175618224225088     
  0.175629593172500     
   5.92500000000000       1.190379047276281E-005 -0.175623607187937     
  0.175635510978409     
   5.95000000000000       1.199830785783220E-005 -0.175628907038216     
  0.175640905346074     
   5.97500000000000       1.223880258074773E-005 -0.175634122042054     
  0.175646360844635     
   6.00000000000000       1.242388891779578E-005 -0.175639254647872     
  0.175651678536790     
   6.02500000000000       1.261911289852785E-005 -0.175644305708356     
  0.175656924821255     
   6.05000000000000       1.281105444951327E-005 -0.175649276574840     
  0.175662087629289     
   6.07500000000000       1.299872016205422E-005 -0.175654168849423     
  0.175667167569585     
   6.10000000000000       1.318329611292384E-005 -0.175658983487349     
  0.175672166783462     
   6.12500000000000       1.336571808934925E-005 -0.175663722064683     
  0.175677087782772     
   6.15000000000000       1.354399533028474E-005 -0.175668385487303     
  0.175681929482634     
   6.17500000000000       1.371940571212219E-005 -0.175672975214422     
  0.175686694620133     
   6.20000000000000       1.295540677958913E-005 -0.175677598535528     
  0.175690553942307     
   6.22500000000000       1.353918357377076E-005 -0.175681891977806     
  0.175695431161380     
   6.25000000000000       1.444714688671183E-005 -0.175686296223924     
  0.175700743370811     
   6.27500000000000       1.433934423660114E-005 -0.175690609853636     
  0.175704949197872     
   6.30000000000000       1.458445748253606E-005 -0.175694852787802     
  0.175709437245285     
   6.32500000000000       1.377805306619828E-005 -0.175699132963728     
  0.175712911016795     
   6.35000000000000       1.435696702210459E-005 -0.175703088411977     
  0.175717445378999     
   6.37500000000000       1.524662296698133E-005 -0.175707160014375     
  0.175722406637342     
   6.40000000000000       1.512705548090669E-005 -0.175711145990996     
  0.175726273046477     
   6.42500000000000       1.535853200013809E-005 -0.175715066663296     
  0.175730425195296     
   6.45000000000000       1.547275054080617E-005 -0.175718924025647     
  0.175734396776188     
   6.47500000000000       1.562163159211652E-005 -0.175722720286715     
  0.175738341918307     
   6.50000000000000       1.575969989318362E-005 -0.175726456699052     
  0.175742216398945     
   6.52500000000000       1.590275453131762E-005 -0.175730134546074     
  0.175746037300606     
   6.55000000000000       1.603724087842189E-005 -0.175733754870514     
  0.175749792111392     
   6.57500000000000       1.616795550450544E-005 -0.175737318757789     
  0.175753486713293     
   6.60000000000000       1.536337873546602E-005 -0.175740932966813     
  0.175756296345549     
   6.62500000000000       1.591143231307565E-005 -0.175744234193899     
  0.175760145626212     
   6.65000000000000       1.678194778878836E-005 -0.175747662658384     
  0.175764444606173     
   6.67500000000000       1.663948025189465E-005 -0.175751016509257     
  0.175767655989508     
   6.70000000000000       1.590617922195741E-005 -0.175754421675620     
  0.175770327854842     
   6.72500000000000       1.640932689309786E-005 -0.175757515276407     
  0.175773924603300     
   6.75000000000000       1.727892707083308E-005 -0.175760739079170     
  0.175778018006241     
   6.77500000000000       1.712342133235797E-005 -0.175763891126170     
  0.175781014547502     
   6.80000000000000       1.732543025111250E-005 -0.175766991745556     
  0.175784317175808     
   6.82500000000000       1.740541010227079E-005 -0.175770042400561     
  0.175787447810663     
   6.85000000000000       1.752417795407586E-005 -0.175773045235428     
  0.175790569413382     
   6.87500000000000       1.763092742925055E-005 -0.175776001490053     
  0.175793632417482     
   6.90000000000000       1.774196445959707E-005 -0.175778912163283     
  0.175796654127743     
   6.92500000000000       1.784667187262003E-005 -0.175781777952487     
  0.175799624624359     
   6.95000000000000       1.794890333151284E-005 -0.175784599759819     
  0.175802548663150     
   6.97500000000000       1.711329000157052E-005 -0.175787484403920     
  0.175804597693922     
   7.00000000000000       1.763016983027310E-005 -0.175790067864857     
  0.175807698034687     
   7.02500000000000       1.847406913109716E-005 -0.175792790623179     
  0.175811264692310     
   7.05000000000000       1.830340243239041E-005 -0.175795450516027     
  0.175813753918459     
   7.07500000000000       1.848120615613593E-005 -0.175798067219241     
  0.175816548425397     
   7.10000000000000       1.854481489825224E-005 -0.175800642124286     
  0.175819186939185     
   7.12500000000000       1.864805959986656E-005 -0.175803177379752     
  0.175821825439352     
   7.15000000000000       1.873534261897311E-005 -0.175805673682877     
  0.175824409025496     
   7.17500000000000       1.981944668795304E-005 -0.175808107211633     
  0.175827926658321     
   7.20000000000000       1.964239280588913E-005 -0.175810556173927     
  0.175830198566733     
   7.22500000000000       1.875077913106025E-005 -0.175812941566793     
  0.175831692345924     
   7.25000000000000       1.916765119669029E-005 -0.175815287404598     
  0.175834455055795     
   7.27500000000000       1.914546890202337E-005 -0.175817600509038     
  0.175836745977940     
   7.30000000000000       1.926577862983228E-005 -0.175819878480260     
  0.175839144258890     
   7.32500000000000       1.933367059336979E-005 -0.175822122600283     
  0.175841456270876     
   7.35000000000000       1.941614267156765E-005 -0.175824333065245     
  0.175843749207916     
   7.37500000000000       1.949540260336138E-005 -0.175826510639379     
  0.175846006041982     
   7.40000000000000       1.957739568085342E-005 -0.175828655585954     
  0.175848232981636     
   7.42500000000000       1.965420542216956E-005 -0.175830768637323     
  0.175850422842745     
   7.45000000000000       1.973212542305011E-005 -0.175832850337609     
  0.175852582463032     
   7.47500000000000       1.980434166544969E-005 -0.175834901160986     
  0.175854705502651     
   7.50000000000000       1.987582002579369E-005 -0.175836921457256     
  0.175856797277282     
   7.52500000000000       1.994950376572020E-005 -0.175838912104360     
  0.175858861608125     
   7.55000000000000       2.001997285719232E-005 -0.175840873236095     
  0.175860893208952     
   7.57500000000000       2.008970457778344E-005 -0.175842805436690     
  0.175862895141268     
   7.60000000000000       2.015537345888273E-005 -0.175844709326186     
  0.175864864699645     
   7.62500000000000       2.022238891908571E-005 -0.175846585049414     
  0.175866807438333     
   7.65000000000000       2.028886180340594E-005 -0.175848433547658     
  0.175868722409462     
   7.67500000000000       2.035461821504814E-005 -0.175850254902769     
  0.175870609520984     
   7.70000000000000       2.041934335433227E-005 -0.175852049607816     
  0.175872468951171     
   7.72500000000000       2.048032220291684E-005 -0.175853818226844     
  0.175874298549047     
   7.75000000000000       2.153757705605634E-005 -0.175855536142664     
  0.175877073719720     
   7.77500000000000       2.133774109113005E-005 -0.175857281800363     
  0.175878619541454     
   7.80000000000000       2.041482353497197E-005 -0.175858975534016     
  0.175879390357551     
   7.82500000000000       2.080293702164392E-005 -0.175860641247065     
  0.175881444184087     
   7.85000000000000       2.075797925581664E-005 -0.175862285507434     
  0.175883043486689     
   7.87500000000000       1.991280056007211E-005 -0.175864011569898     
  0.175883924370458     
   7.90000000000000       2.036945705953719E-005 -0.175865456130284     
  0.175885825587344     
   7.92500000000000       2.117147407197370E-005 -0.175867058887037     
  0.175888230361109     
   7.95000000000000       2.095465537214670E-005 -0.175868617557060     
  0.175889572212432     
   7.97500000000000       2.108973839901274E-005 -0.175870151209335     
  0.175891240947734     
   8.00000000000000       2.210382784572141E-005 -0.175871635984914     
  0.175893739812760     
   8.02500000000000       2.189836299223180E-005 -0.175873151838902     
  0.175895050201894     
   8.05000000000000       2.096538445459103E-005 -0.175874619051364     
  0.175895584435818     
   8.07500000000000       2.134518599411200E-005 -0.175876061886117     
  0.175897407072112     
   8.10000000000000       2.128674195582959E-005 -0.175877486620360     
  0.175898773362316     
   8.12500000000000       2.236569041738923E-005 -0.175878865199147     
  0.175901230889564     
   8.15000000000000       2.312922617774126E-005 -0.175880253555621     
  0.175903382781798     
   8.17500000000000       2.193805205158579E-005 -0.175881648787009     
  0.175903586839061     
   8.20000000000000       2.133181895385496E-005 -0.175882993501266     
  0.175904325320219     
   8.22500000000000       2.159870544365316E-005 -0.175884318584810     
  0.175905917290254     
   8.25000000000000       2.157316521289344E-005 -0.175885627521395     
  0.175907200686608     
   8.27500000000000       2.263441151469845E-005 -0.175886893225260     
  0.175909527636774     
   8.30000000000000       2.240545775012564E-005 -0.175888194559733     
  0.175910600017483     
   8.32500000000000       2.147290539711853E-005 -0.175889451276158     
  0.175910924181555     
   8.35000000000000       2.184336217941134E-005 -0.175890687244127     
  0.175912530606306     
   8.37500000000000       2.083976962161192E-005 -0.175892015016085     
  0.175912854785707     
   8.40000000000000       2.133079100333229E-005 -0.175893067098894     
  0.175914397889897     
   8.42500000000000       2.209635655678690E-005 -0.175894284135169     
  0.175916380491726     
   8.45000000000000       2.187192486748903E-005 -0.175895463236677     
  0.175917335161544     
   8.47500000000000       2.199205176367490E-005 -0.175896623838834     
  0.175918615890598     
   8.50000000000000       2.199778249672522E-005 -0.175897766907762     
  0.175919764690258     
   8.52500000000000       2.204475881140574E-005 -0.175898893880041     
  0.175920938638853     
   8.55000000000000       2.207743689878259E-005 -0.175900005390074     
  0.175922082826973     
   8.57500000000000       2.210881953621794E-005 -0.175901101902241     
  0.175923210721777     
   8.60000000000000       2.214271431007109E-005 -0.175902183631334     
  0.175924326345643     
   8.62500000000000       2.217725266828295E-005 -0.175903250890340     
  0.175925428143008     
   8.65000000000000       2.221171816208146E-005 -0.175904304096557     
  0.175926515814719     
   8.67500000000000       2.224594917531484E-005 -0.175905343391706     
  0.175927589340881     
   8.70000000000000       2.227910102091798E-005 -0.175906368939281     
  0.175928648040302     
   8.72500000000000       2.231282423649410E-005 -0.175907381247013     
  0.175929694071249     
   8.75000000000000       2.234581944738754E-005 -0.175908380250307     
  0.175930726069755     
   8.77500000000000       2.237418260713483E-005 -0.175909366251001     
  0.175931740433608     
   8.80000000000000       2.240324397253456E-005 -0.175910339550433     
  0.175932742794406     
   8.82500000000000       2.243651258085656E-005 -0.175911300188003     
  0.175933736700584     
   8.85000000000000       2.246681682549809E-005 -0.175912248655194     
  0.175934715472019     
   8.87500000000000       2.249635227315391E-005 -0.175913185041368     
  0.175935681393641     
   8.90000000000000       2.252562329447679E-005 -0.175914109375027     
  0.175936634998322     
   8.92500000000000       2.255310887412468E-005 -0.175915021971380     
  0.175937575080254     
   8.95000000000000       2.257940154970460E-005 -0.175915923105557     
  0.175938502507107     
   8.97500000000000       2.260622813355225E-005 -0.175916812899472     
  0.175939419127605     
   9.00000000000000       2.169255989984535E-005 -0.175917797520313     
  0.175939490080213     
   9.02500000000000       2.119841248902110E-005 -0.175918618458007     
  0.175939816870496     
   9.05000000000000       2.238488881802398E-005 -0.175919351175309     
  0.175941736064127     
   9.07500000000000       2.288085051797457E-005 -0.175920232554891     
  0.175943113405409     
   9.10000000000000       2.271826367310337E-005 -0.175921078868219     
  0.175943797131892     
   9.12500000000000       2.378643231958783E-005 -0.175921884791941     
  0.175945671224261     
   9.15000000000000       2.352202544877416E-005 -0.175922731349545     
  0.175946253374994     
   9.17500000000000       2.257142755609097E-005 -0.175923539500778     
  0.175946110928334     
   9.20000000000000       2.291841859752272E-005 -0.175924333669194     
  0.175947252087792     
   9.22500000000000       2.283118745283212E-005 -0.175925120412963     
  0.175947951600417     
   9.25000000000000       2.289308217967711E-005 -0.175925897091479     
  0.175948790173659     
   9.27500000000000       2.290260889447293E-005 -0.175926664731120     
  0.175949567340014     
   9.30000000000000       2.292963855176100E-005 -0.175927423049403     
  0.175950352687955     
   9.32500000000000       2.295075680693208E-005 -0.175928172428082     
  0.175951123184889     
   9.35000000000000       2.297026570160479E-005 -0.175928912965371     
  0.175951883231072     
   9.37500000000000       2.299056998816362E-005 -0.175929644879053     
  0.175952635449041     
   9.40000000000000       2.301254150123167E-005 -0.175930368144028     
  0.175953380685529     
   9.42500000000000       2.303668054436431E-005 -0.175931082994592     
  0.175954119675137     
   9.45000000000000       2.305483132420403E-005 -0.175931789596198     
  0.175954844427522     
   9.47500000000000       2.307067144264251E-005 -0.175932488179612     
  0.175955558851055     
   9.50000000000000       2.309124432107597E-005 -0.175933178695075     
  0.175956269939395     
   9.52500000000000       2.311124928976680E-005 -0.175933861283113     
  0.175956972532402     
   9.55000000000000       2.313037829481816E-005 -0.175934536341021     
  0.175957666719315     
   9.57500000000000       2.314893683848254E-005 -0.175935203539744     
  0.175958352476582     
   9.60000000000000       2.416013364955167E-005 -0.175935838233461     
  0.175959998367111     
   9.62500000000000       2.490773639265181E-005 -0.175936494341880     
  0.175961402078273     
   9.65000000000000       2.368076145643912E-005 -0.175937168362030     
  0.175960849123486     
   9.67500000000000       2.304934987072756E-005 -0.175937804881061     
  0.175960854230932     
   9.70000000000000       2.328842808005323E-005 -0.175938433303702     
  0.175961721731782     
   9.72500000000000       2.323343634274154E-005 -0.175939057218066     
  0.175962290654409     
   9.75000000000000       2.327600997867935E-005 -0.175939674167134     
  0.175962950177112     
   9.77500000000000       2.328238237974736E-005 -0.175940284872107     
  0.175963567254487     
   9.80000000000000       2.330332888002486E-005 -0.175940889154989     
  0.175964192483869     
   9.82500000000000       2.331544087404208E-005 -0.175941486840852     
  0.175964802281726     
   9.85000000000000       2.333126748534603E-005 -0.175942078391946     
  0.175965409659432     
   9.87500000000000       2.334959435902372E-005 -0.175942663809794     
  0.175966013404153     
   9.90000000000000       2.336406658753787E-005 -0.175943242998486     
  0.175966607065073     
   9.92500000000000       2.337869904893715E-005 -0.175943816220361     
  0.175967194919410     
   9.95000000000000       2.338985588208731E-005 -0.175944383703829     
  0.175967773559711     
   9.97500000000000       2.340368505121567E-005 -0.175944945222401     
  0.175968348907452     
   10.0000000000000       2.341832235803039E-005 -0.175945501100498     
  0.175968919422856     
   10.0250000000000       2.342847728895236E-005 -0.175946051077289     
  0.175969479554578     
   10.0500000000000       2.344342287065040E-005 -0.175946595798898     
  0.175970039221768     
   10.0750000000000       2.346135256264130E-005 -0.175947135076213     
  0.175970596428776     
   10.1000000000000       2.347460969916020E-005 -0.175947668887764     
  0.175971143497463     
   10.1250000000000       2.348482873640988E-005 -0.175948197484763     
  0.175971682313499     
   10.1500000000000       2.349620019328274E-005 -0.175948720857147     
  0.175972217057341     
   10.1750000000000       2.450363258967801E-005 -0.175949214647313     
  0.175973718279902     
   10.2000000000000       2.425550441839592E-005 -0.175949755458350     
  0.175974010962768     
   10.2250000000000       2.328655548649920E-005 -0.175950264881859     
  0.175973551437346     
   10.2500000000000       2.362662872178303E-005 -0.175950765932532     
  0.175974392561254     
   10.2750000000000       2.352923549193558E-005 -0.175951264729352     
  0.175974793964844     
   10.3000000000000       2.357608497000230E-005 -0.175951758367548     
  0.175975334452517     
   10.3250000000000       2.357516166820423E-005 -0.175952247724407     
  0.175975822886076     
   10.3500000000000       2.359180484702758E-005 -0.175952732613984     
  0.175976324418831     
   10.3750000000000       2.360077092107368E-005 -0.175953213220971     
  0.175976813991892     
   10.4000000000000       2.361152818717764E-005 -0.175953689257218     
  0.175977300785405     
   10.4250000000000       2.362482078510983E-005 -0.175954161008616     
  0.175977785829401     
   10.4500000000000       2.363431854939389E-005 -0.175954628625302     
  0.175978262943852     
   10.4750000000000       2.364496447193629E-005 -0.175955092096993     
  0.175978737061465     
   10.5000000000000       2.365122635271950E-005 -0.175955551419192     
  0.175979202645544     
   10.5250000000000       2.366070679971784E-005 -0.175956006708614     
  0.175979667415414     
   10.5500000000000       2.367279010393342E-005 -0.175956458182233     
  0.175980130972336     
   10.5750000000000       2.274386096144618E-005 -0.175957011674774     
  0.175979755535735     
   10.6000000000000       2.316916124435981E-005 -0.175957302705445     
  0.175980471866689     
   10.6250000000000       2.392141067919967E-005 -0.175957771001375     
  0.175981692412054     
   10.6500000000000       2.365662119048564E-005 -0.175958213753595     
  0.175981870374785     
   10.6750000000000       2.374982398836084E-005 -0.175958650067153     
  0.175982399891141     
   10.7000000000000       2.372938198115428E-005 -0.175959080702534     
  0.175982810084515     
   10.7250000000000       2.374287400769306E-005 -0.175959507334027     
  0.175983250208035     
   10.7500000000000       2.374676559465629E-005 -0.175959929848674     
  0.175983676614269     
   10.7750000000000       2.375377490421739E-005 -0.175960348733101     
  0.175984102508005     
   10.8000000000000       2.376069985774391E-005 -0.175960764272889     
  0.175984524972747     
   10.8250000000000       2.377074166962895E-005 -0.175961176224965     
  0.175984946966634     
   10.8500000000000       2.377877044139636E-005 -0.175961584951341     
  0.175985363721782     
   10.8750000000000       2.378493673423742E-005 -0.175961990498571     
  0.175985775435306     
   10.9000000000000       2.379461054154204E-005 -0.175962392818254     
  0.175986187428796     
   10.9250000000000       2.479610198675926E-005 -0.175962766666228     
  0.175987562768215     
   10.9500000000000       2.553148033588735E-005 -0.175963166570061     
  0.175988698050396     
   10.9750000000000       2.335777539308197E-005 -0.175963694706009     
  0.175987052481402     
   11.0000000000000       2.312912109516645E-005 -0.175963930587018     
  0.175987059708113     
   11.0250000000000       2.409881777070084E-005 -0.175964343752135     
  0.175988442569906     
   11.0500000000000       2.376016066600454E-005 -0.175964734334246     
  0.175988494494912     
   11.0750000000000       2.387604829963773E-005 -0.175965119539255     
  0.175988995587555     
   11.1000000000000       2.384667660049611E-005 -0.175965499993559     
  0.175989346670159     
   11.1250000000000       2.386321172735556E-005 -0.175965877256506     
  0.175989740468234     
   11.1500000000000       2.485840515632006E-005 -0.175966226800521     
  0.175991085205677     
   11.1750000000000       2.460115587359937E-005 -0.175966625741972     
  0.175991226897846     
   11.2000000000000       2.362763976329793E-005 -0.175966995554554     
  0.175990623194317     
   11.2250000000000       2.396299980715135E-005 -0.175967359039565     
  0.175991322039372     
   11.2500000000000       2.485140140682990E-005 -0.175967698117152     
  0.175992549518559     
   11.2750000000000       2.463358236447687E-005 -0.175968086106934     
  0.175992719689299     
   11.3000000000000       2.364580353921535E-005 -0.175968445798095     
  0.175992091601634     
   11.3250000000000       2.398674848770532E-005 -0.175968799247313     
  0.175992785995800     
   11.3500000000000       2.388077405464345E-005 -0.175969153226166     
  0.175993034000221     
   11.3750000000000       2.392512802335985E-005 -0.175969504316804     
  0.175993429444828     
   11.4000000000000       2.392212256271000E-005 -0.175969853605454     
  0.175993775728016     
   11.4250000000000       2.393001897927546E-005 -0.175970200741904     
  0.175994130760883     
   11.4500000000000       2.492597601914918E-005 -0.175970520916646     
  0.175995446892665     
   11.4750000000000       2.467045379497463E-005 -0.175970891714726     
  0.175995562168521     
   11.5000000000000       2.369441966319172E-005 -0.175971233420218     
  0.175994927839881     
   11.5250000000000       2.402826517406603E-005 -0.175971569549293     
  0.175995597814467     
   11.5500000000000       2.392637793432201E-005 -0.175971906137128     
  0.175995832515063     
   11.5750000000000       2.396790413789343E-005 -0.175972240439135     
  0.175996208343273     
   11.6000000000000       2.395877413880684E-005 -0.175972573016444     
  0.175996531790582     
   11.6250000000000       2.396901593069345E-005 -0.175972903616279     
  0.175996872632210     
   11.6500000000000       2.397292940925904E-005 -0.175973232620820     
  0.175997205550229     
   11.6750000000000       2.303870597268051E-005 -0.175973665868613     
  0.175996704574586     
   11.7000000000000       2.345736088356604E-005 -0.175973838152640     
  0.175997295513523     
   11.7250000000000       2.420440291597256E-005 -0.175974189960342     
  0.175998394363258     
   11.7500000000000       2.393969841898090E-005 -0.175974518193093     
  0.175998457891513     
   11.7750000000000       2.402354267494694E-005 -0.175974841880841     
  0.175998865423516     
   11.8000000000000       2.399648550088511E-005 -0.175975161792510     
  0.175999158278011     
   11.8250000000000       2.400883916309228E-005 -0.175975479445387     
  0.175999488284550     
   11.8500000000000       2.401094699035176E-005 -0.175975794825519     
  0.175999805772509     
   11.8750000000000       2.401507740972077E-005 -0.175976108346983     
  0.176000123424392     
   11.9000000000000       2.401719763998614E-005 -0.175976420188467     
  0.176000437386107     
   11.9250000000000       2.401993227954867E-005 -0.175976730192407     
  0.176000750124687     
   11.9500000000000       2.501629283266225E-005 -0.175977013691596     
  0.176002029984428     
   11.9750000000000       2.475777457556611E-005 -0.175977348792320     
  0.176002106566896     
   12.0000000000000       2.378085229847729E-005 -0.175977655171102     
  0.176001436023401     
   12.0250000000000       2.411276871694713E-005 -0.175977956469630     
  0.176002069238346     
   12.0500000000000       2.400859326011187E-005 -0.175978258846872     
  0.176002267440132     
   12.0750000000000       2.404934085353637E-005 -0.175978559451917     
  0.176002608792770     
   12.1000000000000       2.403921189573758E-005 -0.175978858960555     
  0.176002898172451     
   12.1250000000000       2.404883778815851E-005 -0.175979157071397     
  0.176003205909185     
   12.1500000000000       2.405038490008529E-005 -0.175979453930981     
  0.176003504315881     
   12.1750000000000       2.405345470453771E-005 -0.175979749343999     
  0.176003802798703     
   12.2000000000000       2.405736976834377E-005 -0.175980043482412     
  0.176004100852180     
   12.2250000000000       2.405986176029186E-005 -0.175980336453131     
  0.176004396314891     
   12.2500000000000       2.406423548043160E-005 -0.175980628059784     
  0.176004692295264     
   12.2750000000000       2.506137647211520E-005 -0.175980893716714     
  0.176005955093186     
   12.3000000000000       2.480186486510391E-005 -0.175981210577547     
  0.176006012442412     
   12.3250000000000       2.382496787209898E-005 -0.175981499482640     
  0.176005324450512     
   12.3500000000000       2.415625702792177E-005 -0.175981783636686     
  0.176005939893714     
   12.3750000000000       2.405140307549086E-005 -0.175982069203012     
  0.176006120606088     
   12.4000000000000       2.409198007566973E-005 -0.175982353197165     
  0.176006445177241     
   12.4250000000000       2.408382816297570E-005 -0.175982636277083     
  0.176006720105246     
   12.4500000000000       2.409123070362548E-005 -0.175982918312168     
  0.176007009542871     
   12.4750000000000       2.409003059515097E-005 -0.175983199398771     
  0.176007289429366     
   12.5000000000000       2.409232345839892E-005 -0.175983479294526     
  0.176007571617984     
