  5.000000000000000E-003 -0.149477245054469     
  1.000000000000000E-002 -0.235732403123788     
  1.500000000000000E-002 -0.312146277254775     
  2.000000000000000E-002 -0.380425680237126     
  2.500000000000000E-002 -0.441687497362470     
  3.000000000000000E-002 -0.496792419401944     
  3.500000000000000E-002 -0.546460313319099     
  4.000000000000000E-002 -0.591313804843487     
  4.500000000000000E-002 -0.631898137361327     
  5.000000000000000E-002 -0.668692664630011     
  5.500000000000000E-002 -0.702119178674003     
  6.000000000000000E-002 -0.732548886459388     
  6.500000000000000E-002 -0.760308454144756     
  7.000000000000001E-002 -0.785684785689328     
  7.500000000000000E-002 -0.808934468786648     
  8.000000000000000E-002 -0.830274852643239     
  8.500000000000001E-002 -0.849908560700195     
  9.000000000000000E-002 -0.868007064088804     
  9.500000000000000E-002 -0.884725460010174     
  0.100000000000000      -0.900200095555734     
  0.105000000000000      -0.914552399777048     
  0.110000000000000      -0.927890185032895     
  0.115000000000000      -0.940309530582708     
  0.120000000000000      -0.951896115401524     
  0.125000000000000      -0.962726500935204     
  0.130000000000000      -0.972869193249421     
  0.135000000000000      -0.982385601037708     
  0.140000000000000      -0.991330847234695     
  0.145000000000000      -0.999754489348015     
  0.150000000000000       -1.00770117397734     
  0.155000000000000       -1.01521111698897     
  0.160000000000000       -1.02232068435783     
  0.165000000000000       -1.02906273308129     
  0.170000000000000       -1.03546702996563     
  0.175000000000000       -1.04156056566015     
  0.180000000000000       -1.04736785932345     
  0.185000000000000       -1.05291117547052     
  0.190000000000000       -1.05821081909326     
  0.195000000000000       -1.06328526121582     
  0.200000000000000       -1.06815139673194     
  0.205000000000000       -1.07282563996623     
  0.210000000000000       -1.07731763597489     
  0.215000000000000       -1.08164803588349     
  0.220000000000000       -1.08582187779330     
  0.225000000000000       -1.08985335691149     
  0.230000000000000       -1.09375133860571     
  0.235000000000000       -1.09752535822848     
  0.240000000000000       -1.10118373888088     
  0.245000000000000       -1.10473430250284     
  0.250000000000000       -1.10818419962003     
  0.255000000000000       -1.11154108081617     
  0.260000000000000       -1.11480660920387     
  0.265000000000000       -1.11799413827311     
  0.270000000000000       -1.12110215155676     
  0.275000000000000       -1.12413814891104     
  0.280000000000000       -1.12710858871886     
  0.285000000000000       -1.13001234590559     
  0.290000000000000       -1.13285835363323     
  0.295000000000000       -1.13564698683230     
  0.300000000000000       -1.13838485674759     
  0.305000000000000       -1.14107220321809     
  0.310000000000000       -1.14371154403144     
  0.315000000000000       -1.14630911978377     
  0.320000000000000       -1.14886130208851     
  0.325000000000000       -1.15137866950862     
  0.330000000000000       -1.15385750513017     
  0.335000000000000       -1.15629876525106     
  0.340000000000000       -1.15871091639350     
  0.345000000000000       -1.16109038027247     
  0.350000000000000       -1.16343693332590     
  0.355000000000000       -1.16576178555390     
  0.360000000000000       -1.16805440043530     
  0.365000000000000       -1.17032446152880     
  0.370000000000000       -1.17256961820226     
  0.375000000000000       -1.17479226457447     
  0.380000000000000       -1.17699313106214     
  0.385000000000000       -1.17917440041592     
  0.390000000000000       -1.18133261502976     
  0.395000000000000       -1.18347634619696     
  0.400000000000000       -1.18559976882953     
  0.405000000000000       -1.18770697521957     
  0.410000000000000       -1.18979764088732     
  0.415000000000000       -1.19187284234383     
  0.420000000000000       -1.19393315009317     
  0.425000000000000       -1.19597922709077     
  0.430000000000000       -1.19801167165183     
  0.435000000000000       -1.20003103585920     
  0.440000000000000       -1.20203786531176     
  0.445000000000000       -1.20403264060298     
  0.450000000000000       -1.20601585015178     
  0.455000000000000       -1.20798791805953     
  0.460000000000000       -1.20994927220525     
  0.465000000000000       -1.21190029850964     
  0.470000000000000       -1.21384136469109     
  0.475000000000000       -1.21577282349808     
  0.480000000000000       -1.21769499187838     
  0.485000000000000       -1.21960819423581     
  0.490000000000000       -1.22151270247289     
  0.495000000000000       -1.22340880363679     
  0.500000000000000       -1.22529674525242     
  0.505000000000000       -1.22717678250905     
  0.510000000000000       -1.22904912874947     
  0.515000000000000       -1.23091400638659     
  0.520000000000000       -1.23277162464695     
  0.525000000000000       -1.23462216716547     
  0.530000000000000       -1.23646581777679     
  0.535000000000000       -1.23830273356907     
  0.540000000000000       -1.24013309987521     
  0.545000000000000       -1.24195704493448     
  0.550000000000000       -1.24377471899013     
  0.555000000000000       -1.24558625762150     
  0.560000000000000       -1.24739113598129     
  0.565000000000000       -1.24919252897164     
  0.570000000000000       -1.25098427262166     
  0.575000000000000       -1.25277469274864     
  0.580000000000000       -1.25455566164306     
  0.585000000000000       -1.25633265551882     
  0.590000000000000       -1.25810594026662     
  0.595000000000000       -1.25987093297698     
  0.600000000000000       -1.26163254204092     
  0.605000000000000       -1.26338837170886     
  0.610000000000000       -1.26513930242757     
  0.615000000000000       -1.26688513700719     
  0.620000000000000       -1.26862601636226     
  0.625000000000000       -1.27036197835793     
  0.630000000000000       -1.27209306942712     
  0.635000000000000       -1.27381935562887     
  0.640000000000000       -1.27554086776460     
  0.645000000000000       -1.27725866217294     
  0.650000000000000       -1.27896938410738     
  0.655000000000000       -1.28067629172659     
  0.660000000000000       -1.28238038667781     
  0.665000000000000       -1.28407824903421     
  0.670000000000000       -1.28577212543694     
  0.675000000000000       -1.28746129938227     
  0.680000000000000       -1.28914605273208     
  0.685000000000000       -1.29082632040427     
  0.690000000000000       -1.29250216068168     
  0.695000000000000       -1.29417357904529     
  0.700000000000000       -1.29584060964987     
  0.705000000000000       -1.29750261409492     
  0.710000000000000       -1.29916267942034     
  0.715000000000000       -1.30081517821439     
  0.720000000000000       -1.30246529094987     
  0.725000000000000       -1.30411045294619     
  0.730000000000000       -1.30575153035438     
  0.735000000000000       -1.30738825088756     
  0.740000000000000       -1.30902008240747     
  0.745000000000000       -1.31065472750835     
  0.750000000000000       -1.31226806868809     
  0.755000000000000       -1.31389449429995     
  0.760000000000000       -1.31550770262607     
  0.765000000000000       -1.31711969197699     
  0.770000000000000       -1.31872644806914     
  0.775000000000000       -1.32032934748582     
  0.780000000000000       -1.32192791965818     
  0.785000000000000       -1.32352233633775     
  0.790000000000000       -1.32511254739695     
  0.795000000000000       -1.32669856938301     
  0.800000000000000       -1.32828141985995     
  0.805000000000000       -1.32985667274876     
  0.810000000000000       -1.33143200575026     
  0.815000000000000       -1.33300069775657     
  0.820000000000000       -1.33456603391410     
  0.825000000000000       -1.33612693527286     
  0.830000000000000       -1.33768376162110     
  0.835000000000000       -1.33923639140966     
  0.840000000000000       -1.34078487241450     
  0.845000000000000       -1.34232919363964     
  0.850000000000000       -1.34386935043494     
  0.855000000000000       -1.34540536075233     
  0.860000000000000       -1.34693722193551     
  0.865000000000000       -1.34846491918502     
  0.870000000000000       -1.34998847770869     
  0.875000000000000       -1.35150788188683     
  0.880000000000000       -1.35302314087810     
  0.885000000000000       -1.35453426018360     
  0.890000000000000       -1.35604122785725     
  0.895000000000000       -1.35754506562840     
  0.900000000000000       -1.35904135681615     
  0.905000000000000       -1.36053775480144     
  0.910000000000000       -1.36202754864011     
  0.915000000000000       -1.36351402892093     
  0.920000000000000       -1.36499610350871     
  0.925000000000000       -1.36647413190294     
  0.930000000000000       -1.36794901452435     
  0.935000000000000       -1.36941635421291     
  0.940000000000000       -1.37088483650733     
  0.945000000000000       -1.37234330448610     
  0.950000000000000       -1.37380272778246     
  0.955000000000000       -1.37525528893759     
  0.960000000000000       -1.37670463668195     
  0.965000000000000       -1.37814956487369     
  0.970000000000000       -1.37959148954321     
  0.975000000000000       -1.38102584373261     
  0.980000000000000       -1.38246035829315     
  0.985000000000000       -1.38388829286316     
  0.990000000000000       -1.38531293734551     
  0.995000000000000       -1.38673320631858     
   1.00000000000000       -1.38814946291158     
   1.00500000000000       -1.38956158802974     
   1.01000000000000       -1.39096962964887     
   1.01500000000000       -1.39237458589504     
   1.02000000000000       -1.39377203040341     
   1.02500000000000       -1.39516964959581     
   1.03000000000000       -1.39656071286834     
   1.03500000000000       -1.39794852061779     
   1.04000000000000       -1.39933197393568     
   1.04500000000000       -1.40071144314204     
   1.05000000000000       -1.40208681599422     
   1.05500000000000       -1.40345813245771     
   1.06000000000000       -1.40482639304755     
   1.06500000000000       -1.40618717704458     
   1.07000000000000       -1.40754816551803     
   1.07500000000000       -1.40890263952110     
   1.08000000000000       -1.41025322941079     
   1.08500000000000       -1.41160295374765     
   1.09000000000000       -1.41294206336605     
   1.09500000000000       -1.41428332675523     
   1.10000000000000       -1.41561745071635     
   1.10500000000000       -1.41694858968814     
   1.11000000000000       -1.41827536517181     
   1.11500000000000       -1.41959824290680     
   1.12000000000000       -1.42091707513323     
   1.12500000000000       -1.42223192022366     
   1.13000000000000       -1.42354276150081     
   1.13500000000000       -1.42484961425283     
   1.14000000000000       -1.42615248446943     
   1.14500000000000       -1.42745136865838     
   1.15000000000000       -1.42874628260417     
   1.15500000000000       -1.43003723088602     
   1.16000000000000       -1.43132420880860     
   1.16500000000000       -1.43260724004208     
   1.17000000000000       -1.43388631006089     
   1.17500000000000       -1.43516145101721     
   1.18000000000000       -1.43643264026706     
   1.18500000000000       -1.43769990440229     
   1.19000000000000       -1.43896324296479     
   1.19500000000000       -1.44022266491898     
   1.20000000000000       -1.44147817132091     
   1.20500000000000       -1.44272977619149     
   1.21000000000000       -1.44397748387698     
   1.21500000000000       -1.44522129596172     
   1.22000000000000       -1.44646122606921     
   1.22500000000000       -1.44769829717710     
   1.23000000000000       -1.44892806257653     
   1.23500000000000       -1.45015824717570     
   1.24000000000000       -1.45138310507919     
   1.24500000000000       -1.45260151693193     
   1.25000000000000       -1.45382109579904     
   1.25500000000000       -1.45503103040103     
   1.26000000000000       -1.45624220401021     
   1.26500000000000       -1.45744681836421     
   1.27000000000000       -1.45864853646007     
   1.27500000000000       -1.45984614388358     
   1.28000000000000       -1.46104107632199     
   1.28500000000000       -1.46222875419214     
   1.29000000000000       -1.46341694183947     
   1.29500000000000       -1.46459887358661     
   1.30000000000000       -1.46577786717620     
   1.30500000000000       -1.46695283614564     
   1.31000000000000       -1.46812414269443     
   1.31500000000000       -1.46929168261771     
   1.32000000000000       -1.47045550204378     
   1.32500000000000       -1.47161559669541     
   1.33000000000000       -1.47277197615905     
   1.33500000000000       -1.47392464997836     
   1.34000000000000       -1.47507362320448     
   1.34500000000000       -1.47621891526777     
   1.35000000000000       -1.47736153588223     
   1.35500000000000       -1.47849705696173     
   1.36000000000000       -1.47963319192398     
   1.36500000000000       -1.48076318273022     
   1.37000000000000       -1.48189036732469     
   1.37500000000000       -1.48301363237249     
   1.38000000000000       -1.48413335966549     
   1.38500000000000       -1.48524943771317     
   1.39000000000000       -1.48636191750958     
   1.39500000000000       -1.48747079351022     
   1.40000000000000       -1.48857606363665     
   1.40500000000000       -1.48967878475100     
   1.41000000000000       -1.49077448068617     
   1.41500000000000       -1.49187090446665     
   1.42000000000000       -1.49296127660194     
   1.42500000000000       -1.49404994600414     
   1.43000000000000       -1.49513136994852     
   1.43500000000000       -1.49621363615577     
   1.44000000000000       -1.49728986208609     
   1.44500000000000       -1.49836342199529     
   1.45000000000000       -1.49943319024811     
   1.45500000000000       -1.50049956410229     
   1.46000000000000       -1.50156177206497     
   1.46500000000000       -1.50262293545473     
   1.47000000000000       -1.50367739556311     
   1.47500000000000       -1.50473034295182     
   1.48000000000000       -1.50577919434498     
   1.48500000000000       -1.50682482786157     
   1.49000000000000       -1.50786695773972     
   1.49500000000000       -1.50890504226464     
   1.50000000000000       -1.50994213188235     
   1.50500000000000       -1.51097258386882     
   1.51000000000000       -1.51200159314361     
   1.51500000000000       -1.51302657766182     
   1.52000000000000       -1.51404838975119     
   1.52500000000000       -1.51506678208387     
   1.53000000000000       -1.51608183300616     
   1.53500000000000       -1.51709353754202     
   1.54000000000000       -1.51810191189248     
   1.54500000000000       -1.51910694544304     
   1.55000000000000       -1.52010867893263     
   1.55500000000000       -1.52110709857714     
   1.56000000000000       -1.52210694049448     
   1.56500000000000       -1.52309056457645     
   1.57000000000000       -1.52408397855281     
   1.57500000000000       -1.52506659249846     
   1.58000000000000       -1.52605054019409     
   1.58500000000000       -1.52702864561793     
   1.59000000000000       -1.52800372889870     
   1.59500000000000       -1.52897772387627     
   1.60000000000000       -1.52994534035897     
   1.60500000000000       -1.53091167579357     
   1.61000000000000       -1.53187415826335     
   1.61500000000000       -1.53283367546205     
   1.62000000000000       -1.53378991672488     
   1.62500000000000       -1.53474302966366     
   1.63000000000000       -1.53569230144935     
   1.63500000000000       -1.53664086124269     
   1.64000000000000       -1.53758301242355     
   1.64500000000000       -1.53852399513042     
   1.65000000000000       -1.53946118837780     
   1.65500000000000       -1.54039547971770     
   1.66000000000000       -1.54132659875923     
   1.66500000000000       -1.54225462883687     
   1.67000000000000       -1.54317957127084     
   1.67500000000000       -1.54410142542372     
   1.68000000000000       -1.54502021681994     
   1.68500000000000       -1.54593593313485     
   1.69000000000000       -1.54684860721594     
   1.69500000000000       -1.54775822986450     
   1.70000000000000       -1.54866482084435     
   1.70500000000000       -1.54956838306999     
   1.71000000000000       -1.55046893480089     
   1.71500000000000       -1.55136646719004     
   1.72000000000000       -1.55226101592965     
   1.72500000000000       -1.55315191234678     
   1.73000000000000       -1.55404227314232     
   1.73500000000000       -1.55492639982997     
   1.74000000000000       -1.55580952649399     
   1.74500000000000       -1.55668905365022     
   1.75000000000000       -1.55756686911685     
   1.75500000000000       -1.55843824153109     
   1.76000000000000       -1.55931099391869     
   1.76500000000000       -1.56017835307489     
   1.77000000000000       -1.56104361948368     
   1.77500000000000       -1.56190572033900     
   1.78000000000000       -1.56276502618629     
   1.78500000000000       -1.56362141816238     
   1.79000000000000       -1.56447495351418     
   1.79500000000000       -1.56532562584173     
   1.80000000000000       -1.56617344318236     
   1.80500000000000       -1.56701841971200     
   1.81000000000000       -1.56786056583031     
   1.81500000000000       -1.56869988204628     
   1.82000000000000       -1.56953638367100     
   1.82500000000000       -1.57037008140341     
   1.83000000000000       -1.57120097987869     
   1.83500000000000       -1.57202909102351     
   1.84000000000000       -1.57285441846570     
   1.84500000000000       -1.57367697791896     
   1.85000000000000       -1.57449677331871     
   1.85500000000000       -1.57531381444225     
   1.86000000000000       -1.57612811044366     
   1.86500000000000       -1.57693967515498     
   1.87000000000000       -1.57774850509388     
   1.87500000000000       -1.57855462255301     
   1.88000000000000       -1.57935802657184     
   1.88500000000000       -1.58015873684872     
   1.89000000000000       -1.58095675461100     
   1.89500000000000       -1.58175309727444     
   1.90000000000000       -1.58254333772674     
   1.90500000000000       -1.58333519491390     
   1.91000000000000       -1.58412190776611     
   1.91500000000000       -1.58490679559355     
   1.92000000000000       -1.58568877869141     
   1.92500000000000       -1.58646820357860     
   1.93000000000000       -1.58724601487424     
   1.93500000000000       -1.58801775732333     
   1.94000000000000       -1.58879119662484     
   1.94500000000000       -1.58955955008305     
   1.95000000000000       -1.59032715753735     
   1.95500000000000       -1.59108847276268     
   1.96000000000000       -1.59185260996857     
   1.96500000000000       -1.59260822922496     
   1.97000000000000       -1.59336642258890     
   1.97500000000000       -1.59411929905663     
   1.98000000000000       -1.59487055775692     
   1.98500000000000       -1.59561897457092     
   1.99000000000000       -1.59636497311155     
   1.99500000000000       -1.59710842459580     
   2.00000000000000       -1.59785040152250     
   2.00500000000000       -1.59858643256898     
   2.01000000000000       -1.59932901374744     
   2.01500000000000       -1.60005262767710     
   2.02000000000000       -1.60079013860633     
   2.02500000000000       -1.60151753191889     
   2.03000000000000       -1.60224190502504     
   2.03500000000000       -1.60296717361034     
   2.04000000000000       -1.60368782816499     
   2.04500000000000       -1.60440677560868     
   2.05000000000000       -1.60512305427525     
   2.05500000000000       -1.60583700034547     
   2.06000000000000       -1.60654851106302     
   2.06500000000000       -1.60725763516757     
   2.07000000000000       -1.60796436086631     
   2.07500000000000       -1.60866871091909     
   2.08000000000000       -1.60937068687789     
   2.08500000000000       -1.61007030318490     
   2.09000000000000       -1.61076755562480     
   2.09500000000000       -1.61146246323109     
   2.10000000000000       -1.61215502171391     
   2.10500000000000       -1.61284523690365     
   2.11000000000000       -1.61353312980209     
   2.11500000000000       -1.61421868396846     
   2.12000000000000       -1.61490128256994     
   2.12500000000000       -1.61558399626856     
   2.13000000000000       -1.61626116555515     
   2.13500000000000       -1.61693800307593     
   2.14000000000000       -1.61761191235724     
   2.14500000000000       -1.61828376785335     
   2.15000000000000       -1.61895329357666     
   2.15500000000000       -1.61962161009849     
   2.16000000000000       -1.62028420898211     
   2.16500000000000       -1.62094887619186     
   2.17000000000000       -1.62160879641505     
   2.17500000000000       -1.62226731433197     
   2.18000000000000       -1.62292332573963     
   2.18500000000000       -1.62357720228554     
   2.19000000000000       -1.62422884382438     
   2.19500000000000       -1.62487829126558     
   2.20000000000000       -1.62552555121689     
   2.20500000000000       -1.62617063007459     
   2.21000000000000       -1.62681355448783     
   2.21500000000000       -1.62745430681534     
   2.22000000000000       -1.62809290892215     
   2.22500000000000       -1.62872936216733     
   2.23000000000000       -1.62936365253240     
   2.23500000000000       -1.62999579965918     
   2.24000000000000       -1.63062681426225     
   2.24500000000000       -1.63125223662431     
   2.25000000000000       -1.63187982982197     
   2.25500000000000       -1.63250280109700     
   2.26000000000000       -1.63312450230255     
   2.26500000000000       -1.63374384026479     
   2.27000000000000       -1.63436119043735     
   2.27500000000000       -1.63497645277666     
   2.28000000000000       -1.63558966556644     
   2.28500000000000       -1.63620081347445     
   2.29000000000000       -1.63680991398132     
   2.29500000000000       -1.63741694243108     
   2.30000000000000       -1.63802190165339     
   2.30500000000000       -1.63862480280748     
   2.31000000000000       -1.63922562282074     
   2.31500000000000       -1.63982440418592     
   2.32000000000000       -1.64042113576928     
   2.32500000000000       -1.64101586172239     
   2.33000000000000       -1.64160859785969     
   2.33500000000000       -1.64220037840201     
   2.34000000000000       -1.64278675463415     
   2.34500000000000       -1.64337548134900     
   2.35000000000000       -1.64395976101161     
   2.35500000000000       -1.64454290391253     
   2.36000000000000       -1.64512378971320     
   2.36500000000000       -1.64570277464422     
   2.37000000000000       -1.64627972438940     
   2.37500000000000       -1.64685468198357     
   2.38000000000000       -1.64742866982613     
   2.38500000000000       -1.64799724446300     
   2.39000000000000       -1.64856819448947     
   2.39500000000000       -1.64913475991739     
   2.40000000000000       -1.64970029180668     
   2.40500000000000       -1.65026371791009     
   2.41000000000000       -1.65082539737376     
   2.41500000000000       -1.65138520012858     
   2.42000000000000       -1.65194314500574     
   2.42500000000000       -1.65249918136064     
   2.43000000000000       -1.65305327998204     
   2.43500000000000       -1.65360542082774     
   2.44000000000000       -1.65415560393119     
   2.44500000000000       -1.65470383116095     
   2.45000000000000       -1.65525491952709     
   2.45500000000000       -1.65579013583857     
   2.46000000000000       -1.65633912371170     
   2.46500000000000       -1.65687797573304     
   2.47000000000000       -1.65741793421849     
   2.47500000000000       -1.65795526382294     
   2.48000000000000       -1.65849119736529     
   2.48500000000000       -1.65902460127399     
   2.49000000000000       -1.65955864430066     
   2.49500000000000       -1.66008750799903     
   2.50000000000000       -1.66061573791816     
   2.52500000000000       -1.66321400586607     
   2.55000000000000       -1.66577913178307     
   2.57500000000000       -1.66830240801803     
   2.60000000000000       -1.67078213697977     
   2.62500000000000       -1.67322046066085     
   2.65000000000000       -1.67561822825587     
   2.67500000000000       -1.67797594361783     
   2.70000000000000       -1.68029359961591     
   2.72500000000000       -1.68257466087333     
   2.75000000000000       -1.68481455599897     
   2.77500000000000       -1.68701843253232     
   2.80000000000000       -1.68918693152785     
   2.82500000000000       -1.69131635650900     
   2.85000000000000       -1.69341206672864     
   2.87500000000000       -1.69547215375154     
   2.90000000000000       -1.69749804246796     
   2.92500000000000       -1.69949004314323     
   2.95000000000000       -1.70144880896802     
   2.97500000000000       -1.70337487395894     
   3.00000000000000       -1.70526879773495     
   3.02500000000000       -1.70713111128210     
   3.05000000000000       -1.70896235409887     
   3.07500000000000       -1.71076304215667     
   3.10000000000000       -1.71253369173349     
   3.12500000000000       -1.71427480947645     
   3.15000000000000       -1.71598688017257     
   3.17500000000000       -1.71767040117836     
   3.20000000000000       -1.71932584946242     
   3.22500000000000       -1.72095369689452     
   3.25000000000000       -1.72255439285596     
   3.27500000000000       -1.72412841202547     
   3.30000000000000       -1.72567619226938     
   3.32500000000000       -1.72719816338314     
   3.35000000000000       -1.72869477769583     
   3.37500000000000       -1.73016644140954     
   3.40000000000000       -1.73161358879627     
   3.42500000000000       -1.73303660914883     
   3.45000000000000       -1.73443592608594     
   3.47500000000000       -1.73581193038757     
   3.50000000000000       -1.73716500204274     
   3.52500000000000       -1.73849554258817     
   3.55000000000000       -1.73980391103587     
   3.57500000000000       -1.74109048761537     
   3.60000000000000       -1.74235663835957     
   3.62500000000000       -1.74359829537702     
   3.65000000000000       -1.74482353439400     
   3.67500000000000       -1.74602589087521     
   3.70000000000000       -1.74720905557056     
   3.72500000000000       -1.74837223812737     
   3.75000000000000       -1.74951614826473     
   3.77500000000000       -1.75064098045733     
   3.80000000000000       -1.75175304846069     
   3.82500000000000       -1.75283032909517     
   3.85000000000000       -1.75390628268261     
   3.87500000000000       -1.75495592353592     
   3.90000000000000       -1.75599087733839     
   3.92500000000000       -1.75700767751986     
   3.95000000000000       -1.75800886551010     
   3.97500000000000       -1.75898990281334     
   4.00000000000000       -1.75995889530391     
   4.02500000000000       -1.76090927556885     
   4.05000000000000       -1.76184467595752     
   4.07500000000000       -1.76276423000715     
   4.10000000000000       -1.76366857470311     
   4.12500000000000       -1.76455783133646     
   4.15000000000000       -1.76543231743543     
   4.17500000000000       -1.76629222731971     
   4.20000000000000       -1.76713784267662     
   4.22500000000000       -1.76796938256582     
   4.25000000000000       -1.76878708472013     
   4.27500000000000       -1.76959117593446     
   4.30000000000000       -1.77038189657231     
   4.32500000000000       -1.77115895870760     
   4.35000000000000       -1.77192522375258     
   4.37500000000000       -1.77267514854112     
   4.40000000000000       -1.77341666695635     
   4.42500000000000       -1.77414210638577     
   4.45000000000000       -1.77485762855094     
   4.47500000000000       -1.77556052780345     
   4.50000000000000       -1.77625196720782     
   4.52500000000000       -1.77693182922515     
   4.55000000000000       -1.77760040355220     
   4.57500000000000       -1.77825784232122     
   4.60000000000000       -1.77890434731702     
   4.62500000000000       -1.77954009340244     
   4.65000000000000       -1.78016525597232     
   4.67500000000000       -1.78078102280095     
   4.70000000000000       -1.78138313830150     
   4.72500000000000       -1.78198048950993     
   4.75000000000000       -1.78256202582575     
   4.77500000000000       -1.78313896659081     
   4.80000000000000       -1.78370355243390     
   4.82500000000000       -1.78425966642132     
   4.85000000000000       -1.78480621135368     
   4.87500000000000       -1.78534376339924     
   4.90000000000000       -1.78587233389335     
   4.92500000000000       -1.78639212065643     
   4.95000000000000       -1.78690324605633     
   4.97500000000000       -1.78740586919635     
   5.00000000000000       -1.78790012423118     
   5.02500000000000       -1.78838614999162     
   5.05000000000000       -1.78886408131091     
   5.07500000000000       -1.78933406410025     
   5.10000000000000       -1.78979621388485     
   5.12500000000000       -1.79025067110022     
   5.15000000000000       -1.79069756094100     
   5.17500000000000       -1.79114298164084     
   5.20000000000000       -1.79156468404324     
   5.22500000000000       -1.79199549401564     
   5.25000000000000       -1.79241285557194     
   5.27500000000000       -1.79282294740519     
   5.30000000000000       -1.79322723567997     
   5.32500000000000       -1.79362545603707     
   5.35000000000000       -1.79401475359561     
   5.37500000000000       -1.79439839152609     
   5.40000000000000       -1.79478340734967     
   5.42500000000000       -1.79514405520099     
   5.45000000000000       -1.79551587577538     
   5.47500000000000       -1.79587290155339     
   5.50000000000000       -1.79622683337573     
   5.52500000000000       -1.79657391453588     
   5.55000000000000       -1.79691553997182     
   5.57500000000000       -1.79725136277509     
   5.60000000000000       -1.79758163957707     
   5.62500000000000       -1.79790638560134     
   5.65000000000000       -1.79822573172870     
   5.67500000000000       -1.79853974820485     
   5.70000000000000       -1.79884852999961     
   5.72500000000000       -1.79915217082437     
   5.75000000000000       -1.79945073514993     
   5.77500000000000       -1.79974432926965     
   5.80000000000000       -1.80003301804062     
   5.82500000000000       -1.80031689564860     
   5.85000000000000       -1.80059704012393     
   5.87500000000000       -1.80086910023125     
   5.90000000000000       -1.80114087976058     
   5.92500000000000       -1.80140565304911     
   5.95000000000000       -1.80166682659207     
   5.97500000000000       -1.80192337330849     
   6.00000000000000       -1.80217571118268     
   6.02500000000000       -1.80242382358871     
   6.05000000000000       -1.80266779070520     
   6.07500000000000       -1.80290768360347     
   6.10000000000000       -1.80314356933815     
   6.12500000000000       -1.80337551500503     
   6.15000000000000       -1.80360358159053     
   6.17500000000000       -1.80382784202360     
   6.20000000000000       -1.80404785846749     
   6.22500000000000       -1.80426632581298     
   6.25000000000000       -1.80447804707800     
   6.27500000000000       -1.80468816954355     
   6.30000000000000       -1.80489413438841     
   6.32500000000000       -1.80509637003139     
   6.35000000000000       -1.80529728423816     
   6.37500000000000       -1.80549176407894     
   6.40000000000000       -1.80568493065726     
   6.42500000000000       -1.80587421318466     
   6.45000000000000       -1.80606054137654     
   6.47500000000000       -1.80624368284349     
   6.50000000000000       -1.80642378455782     
   6.52500000000000       -1.80660085924329     
   6.55000000000000       -1.80677496587044     
   6.57500000000000       -1.80694616335670     
   6.60000000000000       -1.80711399929331     
   6.62500000000000       -1.80728114928328     
   6.65000000000000       -1.80744239835723     
   6.67500000000000       -1.80760289594214     
   6.70000000000000       -1.80775954596117     
   6.72500000000000       -1.80791592971861     
   6.75000000000000       -1.80806651034307     
   6.77500000000000       -1.80821654578111     
   6.80000000000000       -1.80836339226726     
   6.82500000000000       -1.80850799687994     
   6.85000000000000       -1.80865010580050     
   6.87500000000000       -1.80878984996385     
   6.90000000000000       -1.80892724164385     
   6.92500000000000       -1.80906231967256     
   6.95000000000000       -1.80919513760440     
   6.97500000000000       -1.80932522357619     
   7.00000000000000       -1.80945525809418     
   7.02500000000000       -1.80958000212600     
   7.05000000000000       -1.80970459773897     
   7.07500000000000       -1.80982643716546     
   7.10000000000000       -1.80994645428807     
   7.12500000000000       -1.81006436950214     
   7.15000000000000       -1.81018032960279     
   7.17500000000000       -1.81029532593115     
   7.20000000000000       -1.81040498528914     
   7.22500000000000       -1.81051705761674     
   7.25000000000000       -1.81062476075790     
   7.27500000000000       -1.81073147698176     
   7.30000000000000       -1.81083611070044     
   7.32500000000000       -1.81093907649543     
   7.35000000000000       -1.81104026853068     
   7.37500000000000       -1.81113977100312     
   7.40000000000000       -1.81123757760620     
   7.42500000000000       -1.81133373894804     
   7.45000000000000       -1.81142827288392     
   7.47500000000000       -1.81152120268803     
   7.50000000000000       -1.81161257134469     
   7.52500000000000       -1.81170238514724     
   7.55000000000000       -1.81179068178436     
   7.57500000000000       -1.81187748205723     
   7.60000000000000       -1.81196280910537     
   7.62500000000000       -1.81204669834614     
   7.65000000000000       -1.81212915434080     
   7.67500000000000       -1.81221022290517     
   7.70000000000000       -1.81228990347331     
   7.72500000000000       -1.81236824136307     
   7.75000000000000       -1.81244624581585     
   7.77500000000000       -1.81251952318596     
   7.80000000000000       -1.81259580482414     
   7.82500000000000       -1.81266833336506     
   7.85000000000000       -1.81274043595229     
   7.87500000000000       -1.81281054918165     
   7.90000000000000       -1.81288168899500     
   7.92500000000000       -1.81294849399713     
   7.95000000000000       -1.81301610778068     
   7.97500000000000       -1.81308191936151     
   8.00000000000000       -1.81314782183454     
   8.02500000000000       -1.81320913063504     
   8.05000000000000       -1.81327367217140     
   8.07500000000000       -1.81333463005617     
   8.10000000000000       -1.81339537391274     
   8.12500000000000       -1.81345579604514     
   8.15000000000000       -1.81351288363209     
   8.17500000000000       -1.81356981712559     
   8.20000000000000       -1.81362756288842     
   8.22500000000000       -1.81368267472986     
   8.25000000000000       -1.81373738281890     
   8.27500000000000       -1.81379197285362     
   8.30000000000000       -1.81384228230566     
   8.32500000000000       -1.81389596812727     
   8.35000000000000       -1.81394625424717     
   8.37500000000000       -1.81399601873886     
   8.40000000000000       -1.81404676181330     
   8.42500000000000       -1.81409364412556     
   8.45000000000000       -1.81414162328046     
   8.47500000000000       -1.81418813230034     
   8.50000000000000       -1.81423405183315     
   8.52500000000000       -1.81427911408218     
   8.55000000000000       -1.81432340896934     
   8.57500000000000       -1.81436693899415     
   8.60000000000000       -1.81440971783267     
   8.62500000000000       -1.81445175044085     
   8.65000000000000       -1.81449305858310     
   8.67500000000000       -1.81453364421811     
   8.70000000000000       -1.81457352939797     
   8.72500000000000       -1.81461271761303     
   8.75000000000000       -1.81465122575159     
   8.77500000000000       -1.81468905641044     
   8.80000000000000       -1.81472624030016     
   8.82500000000000       -1.81476276494737     
   8.85000000000000       -1.81479865500164     
   8.87500000000000       -1.81483391593753     
   8.90000000000000       -1.81486856189905     
   8.92500000000000       -1.81490259694706     
   8.95000000000000       -1.81493603981636     
   8.97500000000000       -1.81496889249043     
   9.00000000000000       -1.81500067661506     
   9.02500000000000       -1.81503354548239     
   9.05000000000000       -1.81506485673391     
   9.07500000000000       -1.81509447105303     
   9.10000000000000       -1.81512485586781     
   9.12500000000000       -1.81515526493624     
   9.15000000000000       -1.81518188783232     
   9.17500000000000       -1.81521224697707     
   9.20000000000000       -1.81523960702330     
   9.22500000000000       -1.81526731113233     
   9.25000000000000       -1.81529424402382     
   9.27500000000000       -1.81532078653195     
   9.30000000000000       -1.81534683440388     
   9.32500000000000       -1.81537241681469     
   9.35000000000000       -1.81539754778017     
   9.37500000000000       -1.81542222631940     
   9.40000000000000       -1.81544646699812     
   9.42500000000000       -1.81547026929201     
   9.45000000000000       -1.81549363927751     
   9.47500000000000       -1.81551659823868     
   9.50000000000000       -1.81553914118467     
   9.52500000000000       -1.81556127461819     
   9.55000000000000       -1.81558301115757     
   9.57500000000000       -1.81560435136077     
   9.60000000000000       -1.81562630791062     
   9.62500000000000       -1.81564546552512     
   9.65000000000000       -1.81566512509816     
   9.67500000000000       -1.81568621932088     
   9.70000000000000       -1.81570526678497     
   9.72500000000000       -1.81572452987539     
   9.75000000000000       -1.81574324358947     
   9.77500000000000       -1.81576168480395     
   9.80000000000000       -1.81577976408481     
   9.82500000000000       -1.81579751040696     
   9.85000000000000       -1.81581494303442     
   9.87500000000000       -1.81583203761282     
   9.90000000000000       -1.81584882591211     
   9.92500000000000       -1.81586529640264     
   9.95000000000000       -1.81588146386489     
   9.97500000000000       -1.81589733316902     
   10.0000000000000       -1.81591290148866     
   10.0250000000000       -1.81592817791953     
   10.0500000000000       -1.81594317908871     
   10.0750000000000       -1.81595788440274     
   10.1000000000000       -1.81597231993627     
   10.1250000000000       -1.81598647705249     
   10.1500000000000       -1.81600037739693     
   10.1750000000000       -1.81601500692724     
   10.2000000000000       -1.81602596058570     
   10.2250000000000       -1.81604095211606     
   10.2500000000000       -1.81605319821932     
   10.2750000000000       -1.81606602168799     
   10.3000000000000       -1.81607833494658     
   10.3250000000000       -1.81609049322794     
   10.3500000000000       -1.81610239665748     
   10.3750000000000       -1.81611406466739     
   10.4000000000000       -1.81612552100231     
   10.4250000000000       -1.81613673893881     
   10.4500000000000       -1.81614774770913     
   10.4750000000000       -1.81615853514603     
   10.5000000000000       -1.81616911059566     
   10.5250000000000       -1.81617948565287     
   10.5500000000000       -1.81618964635422     
   10.5750000000000       -1.81619911769813     
   10.6000000000000       -1.81621052873149     
   10.6250000000000       -1.81621861625091     
   10.6500000000000       -1.81622848268351     
   10.6750000000000       -1.81623751018499     
   10.7000000000000       -1.81624655522540     
   10.7250000000000       -1.81625535962495     
   10.7500000000000       -1.81626400301295     
   10.7750000000000       -1.81627246516897     
   10.8000000000000       -1.81628075662568     
   10.8250000000000       -1.81628887821916     
   10.8500000000000       -1.81629682623910     
   10.8750000000000       -1.81630461570637     
   10.9000000000000       -1.81631224193955     
   10.9250000000000       -1.81632070306232     
   10.9500000000000       -1.81632659655640     
   10.9750000000000       -1.81633271900228     
   11.0000000000000       -1.81634262329834     
   11.0250000000000       -1.81634757781006     
   11.0500000000000       -1.81635491537035     
   11.0750000000000       -1.81636126850741     
   11.1000000000000       -1.81636774914764     
   11.1250000000000       -1.81637400641282     
   11.1500000000000       -1.81638115592838     
   11.1750000000000       -1.81638473755866     
   11.2000000000000       -1.81639249878967     
   11.2250000000000       -1.81639760801897     
   11.2500000000000       -1.81640444265241     
   11.2750000000000       -1.81640743573789     
   11.3000000000000       -1.81641470771824     
   11.3250000000000       -1.81641931609143     
   11.3500000000000       -1.81642464744555     
   11.3750000000000       -1.81642958803749     
   11.4000000000000       -1.81643449487702     
   11.4250000000000       -1.81643926005615     
   11.4500000000000       -1.81644492653676     
   11.4750000000000       -1.81644705746350     
   11.5000000000000       -1.81645337638735     
   11.5250000000000       -1.81645708933688     
   11.5500000000000       -1.81646152630566     
   11.5750000000000       -1.81646558359035     
   11.6000000000000       -1.81646962891157     
   11.6250000000000       -1.81647355194278     
   11.6500000000000       -1.81647737306246     
   11.6750000000000       -1.81648061609834     
   11.7000000000000       -1.81648589036888     
   11.7250000000000       -1.81648795803028     
   11.7500000000000       -1.81649189213957     
   11.7750000000000       -1.81649508258564     
   11.8000000000000       -1.81649840322918     
   11.8250000000000       -1.81650156387371     
   11.8500000000000       -1.81650466563350     
   11.8750000000000       -1.81650766811576     
   11.9000000000000       -1.81651059947592     
   11.9250000000000       -1.81651343940389     
   11.9500000000000       -1.81651721018267     
   11.9750000000000       -1.81651747169383     
   12.0000000000000       -1.81652196345536     
   12.0250000000000       -1.81652386396025     
   12.0500000000000       -1.81652653632058     
   12.0750000000000       -1.81652884076144     
   12.1000000000000       -1.81653117962870     
   12.1250000000000       -1.81653340642064     
   12.1500000000000       -1.81653557632217     
   12.1750000000000       -1.81653767238062     
   12.2000000000000       -1.81653970446447     
   12.2250000000000       -1.81654166245508     
   12.2500000000000       -1.81654356572094     
   12.2750000000000       -1.81654639223012     
   12.3000000000000       -1.81654574542914     
   12.3250000000000       -1.81654932598415     
   12.3500000000000       -1.81655034791561     
   12.3750000000000       -1.81655213775548     
   12.4000000000000       -1.81655359466224     
   12.4250000000000       -1.81655507980183     
   12.4500000000000       -1.81655648197864     
   12.4750000000000       -1.81655782865464     
   12.5000000000000       -1.81655913095767     
