  5.000000000000000E-003 -8.293160670182114E-003
  1.000000000000000E-002 -1.592404029720979E-002
  1.500000000000000E-002 -2.295072978651688E-002
  2.000000000000000E-002 -2.942780344925040E-002
  2.500000000000000E-002 -3.540738089316293E-002
  3.000000000000000E-002 -4.093811871534035E-002
  3.500000000000000E-002 -4.606470623914002E-002
  4.000000000000000E-002 -5.082773477067592E-002
  4.500000000000000E-002 -5.526380693380167E-002
  5.000000000000000E-002 -5.940577790560039E-002
  5.500000000000000E-002 -6.328305733755200E-002
  6.000000000000000E-002 -6.692193339674118E-002
  6.500000000000000E-002 -7.034588939743423E-002
  7.000000000000001E-002 -7.357585992247821E-002
  7.500000000000000E-002 -7.663075169709695E-002
  8.000000000000000E-002 -7.952714576893151E-002
  8.500000000000001E-002 -8.228017769023950E-002
  9.000000000000000E-002 -8.490327796422070E-002
  9.500000000000000E-002 -8.740854989924843E-002
  0.100000000000000      -8.980685794931627E-002
  0.105000000000000      -9.210798846262469E-002
  0.110000000000000      -9.432076105220888E-002
  0.115000000000000      -9.645313889839920E-002
  0.120000000000000      -9.851232069638162E-002
  0.125000000000000      -0.100504823715075     
  0.130000000000000      -0.102436555885181     
  0.135000000000000      -0.104312880286218     
  0.140000000000000      -0.106138671402705     
  0.145000000000000      -0.107918364999754     
  0.150000000000000      -0.109656003886590     
  0.155000000000000      -0.111355274260507     
  0.160000000000000      -0.113019543741413     
  0.165000000000000      -0.114651890308227     
  0.170000000000000      -0.116255130726499     
  0.175000000000000      -0.117831844953910     
  0.180000000000000      -0.119384398810641     
  0.185000000000000      -0.120914961899026     
  0.190000000000000      -0.122425527525700     
  0.195000000000000      -0.123917926251851     
  0.200000000000000      -0.125393842515451     
  0.205000000000000      -0.126854882525815     
  0.210000000000000      -0.128302279413032     
  0.215000000000000      -0.129737585100713     
  0.220000000000000      -0.131161870925151     
  0.225000000000000      -0.132576298020739     
  0.230000000000000      -0.133981878848588     
  0.235000000000000      -0.135379565694959     
  0.240000000000000      -0.136770230355287     
  0.245000000000000      -0.138154678990766     
  0.250000000000000      -0.139533653679151     
  0.255000000000000      -0.140907896809780     
  0.260000000000000      -0.142277847178958     
  0.265000000000000      -0.143644323275113     
  0.270000000000000      -0.145007723148027     
  0.275000000000000      -0.146368542612760     
  0.280000000000000      -0.147727364941588     
  0.285000000000000      -0.149084427779549     
  0.290000000000000      -0.150440219867139     
  0.295000000000000      -0.151795013712775     
  0.300000000000000      -0.153149244878069     
  0.305000000000000      -0.154503164940420     
  0.310000000000000      -0.155856968040156     
  0.315000000000000      -0.157211026794877     
  0.320000000000000      -0.158565348781171     
  0.325000000000000      -0.159920379841141     
  0.330000000000000      -0.161276220629017     
  0.335000000000000      -0.162632890642813     
  0.340000000000000      -0.163990758894581     
  0.345000000000000      -0.165349882743765     
  0.350000000000000      -0.166710190928828     
  0.355000000000000      -0.168072153189066     
  0.360000000000000      -0.169435546856397     
  0.365000000000000      -0.170800601981593     
  0.370000000000000      -0.172167337150584     
  0.375000000000000      -0.173535826661663     
  0.380000000000000      -0.174906113743148     
  0.385000000000000      -0.176278296256557     
  0.390000000000000      -0.177652214771089     
  0.395000000000000      -0.179028127578055     
  0.400000000000000      -0.180405914882761     
  0.405000000000000      -0.181785631111957     
  0.410000000000000      -0.183167264090569     
  0.415000000000000      -0.184550815380852     
  0.420000000000000      -0.185936275259683     
  0.425000000000000      -0.187323630282869     
  0.430000000000000      -0.188712862348586     
  0.435000000000000      -0.190103948245782     
  0.440000000000000      -0.191496861705695     
  0.445000000000000      -0.192891571555684     
  0.450000000000000      -0.194288044360684     
  0.455000000000000      -0.195686242366074     
  0.460000000000000      -0.197086125621220     
  0.465000000000000      -0.198487651097110     
  0.470000000000000      -0.199890773184037     
  0.475000000000000      -0.201295444353044     
  0.480000000000000      -0.202701614308496     
  0.485000000000000      -0.204109231891351     
  0.490000000000000      -0.205518243038978     
  0.495000000000000      -0.206928592968801     
  0.500000000000000      -0.208340224868578     
  0.505000000000000      -0.209753081381455     
  0.510000000000000      -0.211167103112076     
  0.515000000000000      -0.212582230050466     
  0.520000000000000      -0.213998401690578     
  0.525000000000000      -0.215415556277119     
  0.530000000000000      -0.216833631629058     
  0.535000000000000      -0.218252564198578     
  0.540000000000000      -0.219672291540656     
  0.545000000000000      -0.221092749436193     
  0.550000000000000      -0.222513873895170     
  0.555000000000000      -0.223935600814807     
  0.560000000000000      -0.225357824009813     
  0.565000000000000      -0.226780622089744     
  0.570000000000000      -0.228203707261798     
  0.575000000000000      -0.229627265358901     
  0.580000000000000      -0.231051014514020     
  0.585000000000000      -0.232474967740596     
  0.590000000000000      -0.233899164332613     
  0.595000000000000      -0.235323372491709     
  0.600000000000000      -0.236747630937438     
  0.605000000000000      -0.238171842780355     
  0.610000000000000      -0.239595956142802     
  0.615000000000000      -0.241019905262397     
  0.620000000000000      -0.242443629198912     
  0.625000000000000      -0.243867066550858     
  0.630000000000000      -0.245290155937074     
  0.635000000000000      -0.246712837543292     
  0.640000000000000      -0.248135051114053     
  0.645000000000000      -0.249556793926362     
  0.650000000000000      -0.250977874934610     
  0.655000000000000      -0.252398280514205     
  0.660000000000000      -0.253818052994046     
  0.665000000000000      -0.255237044258012     
  0.670000000000000      -0.256655228922788     
  0.675000000000000      -0.258072541145845     
  0.680000000000000      -0.259488929799942     
  0.685000000000000      -0.260904339425141     
  0.690000000000000      -0.262318717200452     
  0.695000000000000      -0.263732010007784     
  0.700000000000000      -0.265144166284565     
  0.705000000000000      -0.266555093160796     
  0.710000000000000      -0.267964882827172     
  0.715000000000000      -0.269373304295459     
  0.720000000000000      -0.270780415037685     
  0.725000000000000      -0.272186131558077     
  0.730000000000000      -0.273590417867657     
  0.735000000000000      -0.274993223085956     
  0.740000000000000      -0.276394461548676     
  0.745000000000000      -0.277794448708530     
  0.750000000000000      -0.279192261663593     
  0.755000000000000      -0.280588784807026     
  0.760000000000000      -0.281983481740448     
  0.765000000000000      -0.283376475267567     
  0.770000000000000      -0.284767667661617     
  0.775000000000000      -0.286157037445032     
  0.780000000000000      -0.287544537530864     
  0.785000000000000      -0.288930130844930     
  0.790000000000000      -0.290313777942565     
  0.795000000000000      -0.291695440783504     
  0.800000000000000      -0.293075138758240     
  0.805000000000000      -0.294452645823690     
  0.810000000000000      -0.295828160607370     
  0.815000000000000      -0.297201512454129     
  0.820000000000000      -0.298572711588786     
  0.825000000000000      -0.299941709586607     
  0.830000000000000      -0.301308478294202     
  0.835000000000000      -0.302672983380736     
  0.840000000000000      -0.304035193721735     
  0.845000000000000      -0.305395078138969     
  0.850000000000000      -0.306752605690270     
  0.855000000000000      -0.308107747041436     
  0.860000000000000      -0.309460473244123     
  0.865000000000000      -0.310810754974884     
  0.870000000000000      -0.312158565004510     
  0.875000000000000      -0.313503875627026     
  0.880000000000000      -0.314846660252041     
  0.885000000000000      -0.316186893132290     
  0.890000000000000      -0.317524548330635     
  0.895000000000000      -0.318859657505275     
  0.900000000000000      -0.320192007908061     
  0.905000000000000      -0.321521809229355     
  0.910000000000000      -0.322848903180311     
  0.915000000000000      -0.324173312270804     
  0.920000000000000      -0.325494999681432     
  0.925000000000000      -0.326813948686860     
  0.930000000000000      -0.328130193457965     
  0.935000000000000      -0.329443524818851     
  0.940000000000000      -0.330754213437376     
  0.945000000000000      -0.332061915684211     
  0.950000000000000      -0.333366891724899     
  0.955000000000000      -0.334668973242050     
  0.960000000000000      -0.335968192093992     
  0.965000000000000      -0.337264514550253     
  0.970000000000000      -0.338557985699470     
  0.975000000000000      -0.339848398287887     
  0.980000000000000      -0.341135971063373     
  0.985000000000000      -0.342420553395535     
  0.990000000000000      -0.343702175043509     
  0.995000000000000      -0.344980806727738     
   1.00000000000000      -0.346256439307299     
   1.00500000000000      -0.347529057386141     
   1.01000000000000      -0.348798648537424     
   1.01500000000000      -0.350065256127057     
   1.02000000000000      -0.351328678928031     
   1.02500000000000      -0.352589138874927     
   1.03000000000000      -0.353846489203936     
   1.03500000000000      -0.355100763933086     
   1.04000000000000      -0.356351937158682     
   1.04500000000000      -0.357600003418329     
   1.05000000000000      -0.358844951317006     
   1.05500000000000      -0.360086771787041     
   1.06000000000000      -0.361325511586565     
   1.06500000000000      -0.362560973262642     
   1.07000000000000      -0.363793381783369     
   1.07500000000000      -0.365022594268983     
   1.08000000000000      -0.366248606561823     
   1.08500000000000      -0.367471594205603     
   1.09000000000000      -0.368691185628701     
   1.09500000000000      -0.369907712790536     
   1.10000000000000      -0.371120999065873     
   1.10500000000000      -0.372331094924064     
   1.11000000000000      -0.373537975536216     
   1.11500000000000      -0.374741641531004     
   1.12000000000000      -0.375942085537456     
   1.12500000000000      -0.377139303322808     
   1.13000000000000      -0.378333289779952     
   1.13500000000000      -0.379524040599413     
   1.14000000000000      -0.380711551801378     
   1.14500000000000      -0.381895819132638     
   1.15000000000000      -0.383076839209151     
   1.15500000000000      -0.384254608833300     
   1.16000000000000      -0.385429124412039     
   1.16500000000000      -0.386600383694678     
   1.17000000000000      -0.387768383410076     
   1.17500000000000      -0.388933122114778     
   1.18000000000000      -0.390094596844193     
   1.18500000000000      -0.391252806101845     
   1.19000000000000      -0.392407748187185     
   1.19500000000000      -0.393559421790167     
   1.20000000000000      -0.394707825474861     
   1.20500000000000      -0.395852958455778     
   1.21000000000000      -0.396994820048507     
   1.21500000000000      -0.398133409398473     
   1.22000000000000      -0.399268726323231     
   1.22500000000000      -0.400400827159583     
   1.23000000000000      -0.401529522905279     
   1.23500000000000      -0.402655048114961     
   1.24000000000000      -0.403777323830881     
   1.24500000000000      -0.404896207424485     
   1.25000000000000      -0.406011974435694     
   1.25500000000000      -0.407124307284304     
   1.26000000000000      -0.408233484037532     
   1.26500000000000      -0.409339356528510     
   1.27000000000000      -0.410441976162870     
   1.27500000000000      -0.411541327795249     
   1.28000000000000      -0.412637475319644     
   1.28500000000000      -0.413730230052769     
   1.29000000000000      -0.414819828674926     
   1.29500000000000      -0.415906137984987     
   1.30000000000000      -0.416989205436592     
   1.30500000000000      -0.418069018982767     
   1.31000000000000      -0.419145585937923     
   1.31500000000000      -0.420218907700242     
   1.32000000000000      -0.421288987847101     
   1.32500000000000      -0.422355829407836     
   1.33000000000000      -0.423419435595252     
   1.33500000000000      -0.424479809845187     
   1.34000000000000      -0.425536955472951     
   1.34500000000000      -0.426590876633043     
   1.35000000000000      -0.427641632952732     
   1.35500000000000      -0.428689040030865     
   1.36000000000000      -0.429733335533953     
   1.36500000000000      -0.430774387873773     
   1.37000000000000      -0.431812247135922     
   1.37500000000000      -0.432846902236621     
   1.38000000000000      -0.433878362559647     
   1.38500000000000      -0.434906631060032     
   1.39000000000000      -0.435931713078740     
   1.39500000000000      -0.436953613303303     
   1.40000000000000      -0.437972335793918     
   1.40500000000000      -0.438987942873158     
   1.41000000000000      -0.440000250123203     
   1.41500000000000      -0.441009497165939     
   1.42000000000000      -0.442015553327778     
   1.42500000000000      -0.443018525292514     
   1.43000000000000      -0.444018215177628     
   1.43500000000000      -0.445014867077585     
   1.44000000000000      -0.446008349335865     
   1.44500000000000      -0.446998713696539     
   1.45000000000000      -0.447985950046454     
   1.45500000000000      -0.448970069614415     
   1.46000000000000      -0.449951036634090     
   1.46500000000000      -0.450928996381844     
   1.47000000000000      -0.451903776376837     
   1.47500000000000      -0.452875488303501     
   1.48000000000000      -0.453844103036517     
   1.48500000000000      -0.454809638738150     
   1.49000000000000      -0.455772097523276     
   1.49500000000000      -0.456731447164587     
   1.50000000000000      -0.457687832408813     
   1.50500000000000      -0.458641081286991     
   1.51000000000000      -0.459591306164883     
   1.51500000000000      -0.460538478652753     
   1.52000000000000      -0.461482616095523     
   1.52500000000000      -0.462423722095484     
   1.53000000000000      -0.463361803954766     
   1.53500000000000      -0.464296868306223     
   1.54000000000000      -0.465228922193902     
   1.54500000000000      -0.466157971550946     
   1.55000000000000      -0.467084024215364     
   1.55500000000000      -0.468007086677697     
   1.56000000000000      -0.468927393974055     
   1.56500000000000      -0.469844294843299     
   1.57000000000000      -0.470758491820672     
   1.57500000000000      -0.471669582100455     
   1.58000000000000      -0.472577822987666     
   1.58500000000000      -0.473483080446172     
   1.59000000000000      -0.474385369044314     
   1.59500000000000      -0.475284819106979     
   1.60000000000000      -0.476181263979712     
   1.60500000000000      -0.477074815796609     
   1.61000000000000      -0.477965446453620     
   1.61500000000000      -0.478853175672211     
   1.62000000000000      -0.479738005673823     
   1.62500000000000      -0.480619946387911     
   1.63000000000000      -0.481498964098832     
   1.63500000000000      -0.482375205689599     
   1.64000000000000      -0.483248499122567     
   1.64500000000000      -0.484118958763950     
   1.65000000000000      -0.484986556127059     
   1.65500000000000      -0.485851310353320     
   1.66000000000000      -0.486713225640770     
   1.66500000000000      -0.487572309961658     
   1.67000000000000      -0.488428571157108     
   1.67500000000000      -0.489282016337641     
   1.68000000000000      -0.490132653668971     
   1.68500000000000      -0.490980490022787     
   1.69000000000000      -0.491825533663495     
   1.69500000000000      -0.492667791753237     
   1.70000000000000      -0.493507272092437     
   1.70500000000000      -0.494343982063760     
   1.71000000000000      -0.495177929629156     
   1.71500000000000      -0.496009121661610     
   1.72000000000000      -0.496837566682046     
   1.72500000000000      -0.497663232066612     
   1.73000000000000      -0.498486264719565     
   1.73500000000000      -0.499306493116108     
   1.74000000000000      -0.500124031399845     
   1.74500000000000      -0.500938852241431     
   1.75000000000000      -0.501751030949988     
   1.75500000000000      -0.502560383380252     
   1.76000000000000      -0.503367151305076     
   1.76500000000000      -0.504171207963957     
   1.77000000000000      -0.504972605025332     
   1.77500000000000      -0.505771335607234     
   1.78000000000000      -0.506567412372191     
   1.78500000000000      -0.507360841119048     
   1.79000000000000      -0.508151630283196     
   1.79500000000000      -0.508939787543195     
   1.80000000000000      -0.509725320520818     
   1.80500000000000      -0.510508237137072     
   1.81000000000000      -0.511288545459349     
   1.81500000000000      -0.512066252958906     
   1.82000000000000      -0.512841367447391     
   1.82500000000000      -0.513613896790304     
   1.83000000000000      -0.514383848483209     
   1.83500000000000      -0.515151230213544     
   1.84000000000000      -0.515916049295332     
   1.84500000000000      -0.516678313488558     
   1.85000000000000      -0.517438030323958     
   1.85500000000000      -0.518195207461580     
   1.86000000000000      -0.518949852647375     
   1.86500000000000      -0.519701974016779     
   1.87000000000000      -0.520451578987930     
   1.87500000000000      -0.521198675793735     
   1.88000000000000      -0.521943271999365     
   1.88500000000000      -0.522685375713621     
   1.89000000000000      -0.523424994498787     
   1.89500000000000      -0.524162191241863     
   1.90000000000000      -0.524896786186751     
   1.90500000000000      -0.525629019306350     
   1.91000000000000      -0.526358763173233     
   1.91500000000000      -0.527086069847451     
   1.92000000000000      -0.527810932706458     
   1.92500000000000      -0.528533363371197     
   1.93000000000000      -0.529253425346500     
   1.93500000000000      -0.529970937968663     
   1.94000000000000      -0.530686142965584     
   1.94500000000000      -0.531398913226856     
   1.95000000000000      -0.532109357074912     
   1.95500000000000      -0.532817279472707     
   1.96000000000000      -0.533522981190606     
   1.96500000000000      -0.534226145244542     
   1.97000000000000      -0.534927057058707     
   1.97500000000000      -0.535625573521098     
   1.98000000000000      -0.536321751747994     
   1.98500000000000      -0.537015582267333     
   1.99000000000000      -0.537707078527637     
   1.99500000000000      -0.538396246686052     
   2.00000000000000      -0.539083151513133     
   2.00500000000000      -0.539767612992952     
   2.01000000000000      -0.540450104200030     
   2.01500000000000      -0.541129776095238     
   2.02000000000000      -0.541807512078360     
   2.02500000000000      -0.542482905499719     
   2.03000000000000      -0.543155930836514     
   2.03500000000000      -0.543826775823116     
   2.04000000000000      -0.544495328913355     
   2.04500000000000      -0.545161636024111     
   2.05000000000000      -0.545825691019301     
   2.05500000000000      -0.546487506111610     
   2.06000000000000      -0.547147088048111     
   2.06500000000000      -0.547804446037226     
   2.07000000000000      -0.548459588147209     
   2.07500000000000      -0.549112522957775     
   2.08000000000000      -0.549763258110287     
   2.08500000000000      -0.550411800830544     
   2.09000000000000      -0.551058156922076     
   2.09500000000000      -0.551702332251559     
   2.10000000000000      -0.552344331854430     
   2.10500000000000      -0.552984160803521     
   2.11000000000000      -0.553621825603276     
   2.11500000000000      -0.554257332266755     
   2.12000000000000      -0.554890650335632     
   2.12500000000000      -0.555521925383628     
   2.13000000000000      -0.556150989514160     
   2.13500000000000      -0.556777958071929     
   2.14000000000000      -0.557402804981072     
   2.14500000000000      -0.558025549819700     
   2.15000000000000      -0.558646195549234     
   2.15500000000000      -0.559264804743642     
   2.16000000000000      -0.559881192357473     
   2.16500000000000      -0.560495595938060     
   2.17000000000000      -0.561107883396511     
   2.17500000000000      -0.561718104589283     
   2.18000000000000      -0.562326250828349     
   2.18500000000000      -0.562932335009462     
   2.19000000000000      -0.563536365966857     
   2.19500000000000      -0.564138355191290     
   2.20000000000000      -0.564738314254430     
   2.20500000000000      -0.565336253504172     
   2.21000000000000      -0.565932182473325     
   2.21500000000000      -0.566526106631370     
   2.22000000000000      -0.567118029855947     
   2.22500000000000      -0.567707953732343     
   2.23000000000000      -0.568295877905505     
   2.23500000000000      -0.568881803361085     
   2.24000000000000      -0.569465788238743     
   2.24500000000000      -0.570047650028287     
   2.25000000000000      -0.570627631161846     
   2.25500000000000      -0.571205608651064     
   2.26000000000000      -0.571781642466690     
   2.26500000000000      -0.572355733126462     
   2.27000000000000      -0.572927899158217     
   2.27500000000000      -0.573498149716446     
   2.28000000000000      -0.574066490980994     
   2.28500000000000      -0.574632923245064     
   2.29000000000000      -0.575197443851738     
   2.29500000000000      -0.575760046874289     
   2.30000000000000      -0.576320727317501     
   2.30500000000000      -0.576879484223397     
   2.31000000000000      -0.577436320536681     
   2.31500000000000      -0.577991247791510     
   2.32000000000000      -0.578544282108839     
   2.32500000000000      -0.579095445347499     
   2.33000000000000      -0.579644760152202     
   2.33500000000000      -0.580192302073779     
   2.34000000000000      -0.580737897239618     
   2.34500000000000      -0.581281783923545     
   2.35000000000000      -0.581823823382601     
   2.35500000000000      -0.582364048847658     
   2.36000000000000      -0.582902429764481     
   2.36500000000000      -0.583438956364915     
   2.37000000000000      -0.583973618017195     
   2.37500000000000      -0.584506416452930     
   2.38000000000000      -0.585037421015260     
   2.38500000000000      -0.585566469145710     
   2.39000000000000      -0.586093827538986     
   2.39500000000000      -0.586619397348472     
   2.40000000000000      -0.587143254713045     
   2.40500000000000      -0.587665405564267     
   2.41000000000000      -0.588185859289795     
   2.41500000000000      -0.588704601968752     
   2.42000000000000      -0.589221607973344     
   2.42500000000000      -0.589736842989936     
   2.43000000000000      -0.590250273986052     
   2.43500000000000      -0.590761878672422     
   2.44000000000000      -0.591271653455558     
   2.44500000000000      -0.591779616385197     
   2.45000000000000      -0.592286042986718     
   2.45500000000000      -0.592790262711914     
   2.46000000000000      -0.593293169318522     
   2.46500000000000      -0.593794362210313     
   2.47000000000000      -0.594294025911982     
   2.47500000000000      -0.594792113968946     
   2.48000000000000      -0.595288616994319     
   2.48500000000000      -0.595783437230402     
   2.49000000000000      -0.596276645674657     
   2.49500000000000      -0.596767997588241     
   2.50000000000000      -0.597257513148445     
   2.52500000000000      -0.599671927755101     
   2.55000000000000      -0.602046892845989     
   2.57500000000000      -0.604382740190515     
   2.60000000000000      -0.606678971506565     
   2.62500000000000      -0.608936635410498     
   2.65000000000000      -0.611156786745055     
   2.67500000000000      -0.613339781544202     
   2.70000000000000      -0.615486082933584     
   2.72500000000000      -0.617596559212649     
   2.75000000000000      -0.619671690459579     
   2.77500000000000      -0.621712078099586     
   2.80000000000000      -0.623718368216812     
   2.82500000000000      -0.625691029134396     
   2.85000000000000      -0.627630718609918     
   2.87500000000000      -0.629537943113190     
   2.90000000000000      -0.631413266951096     
   2.92500000000000      -0.633257229056577     
   2.95000000000000      -0.635070353718189     
   2.97500000000000      -0.636853157946420     
   3.00000000000000      -0.638606154630778     
   3.02500000000000      -0.640329845247620     
   3.05000000000000      -0.642024721920544     
   3.07500000000000      -0.643691269426829     
   3.10000000000000      -0.645329964933703     
   3.12500000000000      -0.646941276991866     
   3.15000000000000      -0.648525665571591     
   3.17500000000000      -0.650083583784170     
   3.20000000000000      -0.651615476896602     
   3.22500000000000      -0.653121782586421     
   3.25000000000000      -0.654602930377535     
   3.27500000000000      -0.656059343718394     
   3.30000000000000      -0.657491438303796     
   3.32500000000000      -0.658899622191315     
   3.35000000000000      -0.660284297710287     
   3.37500000000000      -0.661645859284080     
   3.40000000000000      -0.662984695618472     
   3.42500000000000      -0.664301187543972     
   3.45000000000000      -0.665595710650648     
   3.47500000000000      -0.666868633720952     
   3.50000000000000      -0.668120318791219     
   3.52500000000000      -0.669351122711060     
   3.55000000000000      -0.670561395299614     
   3.57500000000000      -0.671751480921486     
   3.60000000000000      -0.672921770654650     
   3.62500000000000      -0.674072416372511     
   3.65000000000000      -0.675203974729109     
   3.67500000000000      -0.676316631917122     
   3.70000000000000      -0.677410749368139     
   3.72500000000000      -0.678486622476657     
   3.75000000000000      -0.679544561862560     
   3.77500000000000      -0.680584866062651     
   3.80000000000000      -0.681608222163833     
   3.82500000000000      -0.682613869875000     
   3.85000000000000      -0.683603096916660     
   3.87500000000000      -0.684575729705258     
   3.90000000000000      -0.685532194770825     
   3.92500000000000      -0.686472711456874     
   3.95000000000000      -0.687397614616594     
   3.97500000000000      -0.688306980931311     
   4.00000000000000      -0.689201297932820     
   4.02500000000000      -0.690080682965215     
   4.05000000000000      -0.690945430467444     
   4.07500000000000      -0.691795769760470     
   4.10000000000000      -0.692631946470999     
   4.12500000000000      -0.693454194921596     
   4.15000000000000      -0.694262749141381     
   4.17500000000000      -0.695057836326911     
   4.20000000000000      -0.695839682056797     
   4.22500000000000      -0.696608507020817     
   4.25000000000000      -0.697364528380823     
   4.27500000000000      -0.698107959498791     
   4.30000000000000      -0.698839010826752     
   4.32500000000000      -0.699557872387521     
   4.35000000000000      -0.700264837242562     
   4.37500000000000      -0.700959935791438     
   4.40000000000000      -0.701643560227138     
   4.42500000000000      -0.702315715167892     
   4.45000000000000      -0.702976707672704     
   4.47500000000000      -0.703626685017192     
   4.50000000000000      -0.704265843105305     
   4.52500000000000      -0.704894358174992     
   4.55000000000000      -0.705512408701365     
   4.57500000000000      -0.706120168309178     
   4.60000000000000      -0.706717808616006     
   4.62500000000000      -0.707305498045536     
   4.65000000000000      -0.707883401939546     
   4.67500000000000      -0.708451735682927     
   4.70000000000000      -0.709010479476255     
   4.72500000000000      -0.709560071488280     
   4.75000000000000      -0.710100352023474     
   4.77500000000000      -0.710631747024164     
   4.80000000000000      -0.711154256208015     
   4.82500000000000      -0.711668077164848     
   4.85000000000000      -0.712173337560400     
   4.87500000000000      -0.712670185381768     
   4.90000000000000      -0.713158758671275     
   4.92500000000000      -0.713639195830374     
   4.95000000000000      -0.714111631621875     
   4.97500000000000      -0.714576199427197     
   5.00000000000000      -0.715033029935541     
   5.02500000000000      -0.715482251770860     
   5.05000000000000      -0.715923991145534     
   5.07500000000000      -0.716358372966430     
   5.10000000000000      -0.716785518960370     
   5.12500000000000      -0.717205549597648     
   5.15000000000000      -0.717618583018418     
   5.17500000000000      -0.718025136330349     
   5.20000000000000      -0.718424254809304     
   5.22500000000000      -0.718817047019500     
   5.25000000000000      -0.719203258664384     
   5.27500000000000      -0.719582996189723     
   5.30000000000000      -0.719956421617793     
   5.32500000000000      -0.720323672920045     
   5.35000000000000      -0.720684731212918     
   5.37500000000000      -0.721039745063979     
   5.40000000000000      -0.721389310151480     
   5.42500000000000      -0.721732363965553     
   5.45000000000000      -0.722070045726137     
   5.47500000000000      -0.722401986321330     
   5.50000000000000      -0.722728433593809     
   5.52500000000000      -0.723049426350943     
   5.55000000000000      -0.723365072080151     
   5.57500000000000      -0.723675453094573     
   5.60000000000000      -0.723980659317555     
   5.62500000000000      -0.724280774922532     
   5.65000000000000      -0.724575885047774     
   5.67500000000000      -0.724866072395860     
   5.70000000000000      -0.725151418606720     
   5.72500000000000      -0.725432004520946     
   5.75000000000000      -0.725707908320808     
   5.77500000000000      -0.725979208244476     
   5.80000000000000      -0.726245980237322     
   5.82500000000000      -0.726508299685712     
   5.85000000000000      -0.726766292583295     
   5.87500000000000      -0.727019851663276     
   5.90000000000000      -0.727269276991861     
   5.92500000000000      -0.727514504287367     
   5.95000000000000      -0.727755647303110     
   5.97500000000000      -0.727992759489180     
   6.00000000000000      -0.728225911666711     
   6.02500000000000      -0.728455168960044     
   6.05000000000000      -0.728680595849771     
   6.07500000000000      -0.728902255916795     
   6.10000000000000      -0.729120211642996     
   6.12500000000000      -0.729334524487343     
   6.15000000000000      -0.729545254732584     
   6.17500000000000      -0.729752462024640     
   6.20000000000000      -0.729956189697480     
   6.22500000000000      -0.730156582829149     
   6.25000000000000      -0.730353546207757     
   6.27500000000000      -0.730547241310500     
   6.30000000000000      -0.730737687701450     
   6.32500000000000      -0.730924935356658     
   6.35000000000000      -0.731109120856358     
   6.37500000000000      -0.731290145560230     
   6.40000000000000      -0.731468166523742     
   6.42500000000000      -0.731643198335870     
   6.45000000000000      -0.731815301838397     
   6.47500000000000      -0.731984521936162     
   6.50000000000000      -0.732150907730949     
   6.52500000000000      -0.732314505593696     
   6.55000000000000      -0.732475361532694     
   6.57500000000000      -0.732633521465328     
   6.60000000000000      -0.732789015246311     
   6.62500000000000      -0.732941974034061     
   6.65000000000000      -0.733092289193678     
   6.67500000000000      -0.733240109785200     
   6.70000000000000      -0.733385426576503     
   6.72500000000000      -0.733528380476668     
   6.75000000000000      -0.733668855560897     
   6.77500000000000      -0.733806999751470     
   6.80000000000000      -0.733942815298157     
   6.82500000000000      -0.734076352710895     
   6.85000000000000      -0.734207645965628     
   6.87500000000000      -0.734336733316001     
   6.90000000000000      -0.734463651017450     
   6.92500000000000      -0.734588434682843     
   6.95000000000000      -0.734711120210979     
   6.97500000000000      -0.734831727260289     
   7.00000000000000      -0.734950377652097     
   7.02500000000000      -0.735066952942397     
   7.05000000000000      -0.735181592656873     
   7.07500000000000      -0.735294293286610     
   7.10000000000000      -0.735405099117925     
   7.12500000000000      -0.735514037025443     
   7.15000000000000      -0.735621139580262     
   7.17500000000000      -0.735726488426688     
   7.20000000000000      -0.735829934343957     
   7.22500000000000      -0.735931735277344     
   7.25000000000000      -0.736031785168739     
   7.27500000000000      -0.736130157594705     
   7.30000000000000      -0.736226865230704     
   7.32500000000000      -0.736321940934928     
   7.35000000000000      -0.736415409850205     
   7.37500000000000      -0.736507299635317     
   7.40000000000000      -0.736597635682452     
   7.42500000000000      -0.736686444092379     
   7.45000000000000      -0.736773750121475     
   7.47500000000000      -0.736859578313470     
   7.50000000000000      -0.736943953833799     
   7.52500000000000      -0.737026900174527     
   7.55000000000000      -0.737108441267506     
   7.57500000000000      -0.737188600312938     
   7.60000000000000      -0.737267400038698     
   7.62500000000000      -0.737344863484360     
   7.65000000000000      -0.737421012105399     
   7.67500000000000      -0.737495868390621     
   7.70000000000000      -0.737569452967937     
   7.72500000000000      -0.737641787554347     
   7.75000000000000      -0.737712944436721     
   7.77500000000000      -0.737782764842963     
   7.80000000000000      -0.737851496623584     
   7.82500000000000      -0.737919025865986     
   7.85000000000000      -0.737985415876463     
   7.87500000000000      -0.738050656478272     
   7.90000000000000      -0.738114858369837     
   7.92500000000000      -0.738177887080785     
   7.95000000000000      -0.738239866937680     
   7.97500000000000      -0.738300780441513     
   8.00000000000000      -0.738360708272682     
   8.02500000000000      -0.738419484877606     
   8.05000000000000      -0.738477356549292     
   8.07500000000000      -0.738534204879202     
   8.10000000000000      -0.738590091367352     
   8.12500000000000      -0.738645068423211     
   8.15000000000000      -0.738699030186951     
   8.17500000000000      -0.738752039751971     
   8.20000000000000      -0.738804206080493     
   8.22500000000000      -0.738855454916219     
   8.25000000000000      -0.738905830482721     
   8.27500000000000      -0.738955389571270     
   8.30000000000000      -0.739003970571709     
   8.32500000000000      -0.739051815045387     
   8.35000000000000      -0.739098801992059     
   8.37500000000000      -0.739144976121501     
   8.40000000000000      -0.739190421699427     
   8.42500000000000      -0.739235006596601     
   8.45000000000000      -0.739278847713047     
   8.47500000000000      -0.739321922795789     
   8.50000000000000      -0.739364255826282     
   8.52500000000000      -0.739405855632235     
   8.55000000000000      -0.739446734867959     
   8.57500000000000      -0.739486905547460     
   8.60000000000000      -0.739526379566801     
   8.62500000000000      -0.739565168137545     
   8.65000000000000      -0.739603282876502     
   8.67500000000000      -0.739640734642890     
   8.70000000000000      -0.739677534701750     
   8.72500000000000      -0.739713693599714     
   8.75000000000000      -0.739749222110572     
   8.77500000000000      -0.739784130292294     
   8.80000000000000      -0.739818429151424     
   8.82500000000000      -0.739852128185063     
   8.85000000000000      -0.739885237511752     
   8.87500000000000      -0.739917766825900     
   8.90000000000000      -0.739949725866499     
   8.92500000000000      -0.739981123810736     
   8.95000000000000      -0.740011970261270     
   8.97500000000000      -0.740042274149675     
   9.00000000000000      -0.740072030006220     
   9.02500000000000      -0.740101319373718     
   9.05000000000000      -0.740130085684157     
   9.07500000000000      -0.740158292535227     
   9.10000000000000      -0.740186018901485     
   9.12500000000000      -0.740213300667230     
   9.15000000000000      -0.740239974909479     
   9.17500000000000      -0.740266275043208     
   9.20000000000000      -0.740292074729404     
   9.22500000000000      -0.740317426883287     
   9.25000000000000      -0.740342323830415     
   9.27500000000000      -0.740366777838223     
   9.30000000000000      -0.740390795135297     
   9.32500000000000      -0.740414382803062     
   9.35000000000000      -0.740437548305724     
   9.37500000000000      -0.740460298411826     
   9.40000000000000      -0.740482640297277     
   9.42500000000000      -0.740504580419146     
   9.45000000000000      -0.740526125223201     
   9.47500000000000      -0.740547281741678     
   9.50000000000000      -0.740568056269396     
   9.52500000000000      -0.740588454971270     
   9.55000000000000      -0.740608484208996     
   9.57500000000000      -0.740628149979089     
   9.60000000000000      -0.740647510171786     
   9.62500000000000      -0.740666443475410     
   9.65000000000000      -0.740685004605091     
   9.67500000000000      -0.740703293406023     
   9.70000000000000      -0.740721224901315     
   9.72500000000000      -0.740738835418406     
   9.75000000000000      -0.740756119741682     
   9.77500000000000      -0.740773087047128     
   9.80000000000000      -0.740789741424250     
   9.82500000000000      -0.740806088007812     
   9.85000000000000      -0.740822132643847     
   9.87500000000000      -0.740837879458000     
   9.90000000000000      -0.740853333968937     
   9.92500000000000      -0.740868500635042     
   9.95000000000000      -0.740883384362128     
   9.97500000000000      -0.740897990097100     
   10.0000000000000      -0.740912322065162     
   10.0250000000000      -0.740926384853257     
   10.0500000000000      -0.740940183459136     
   10.0750000000000      -0.740953721511330     
   10.1000000000000      -0.740967003698297     
   10.1250000000000      -0.740980033934170     
   10.1500000000000      -0.740992817007833     
   10.1750000000000      -0.741005408406615     
   10.2000000000000      -0.741017633121996     
   10.2250000000000      -0.741029722997269     
   10.2500000000000      -0.741041547952854     
   10.2750000000000      -0.741053156053604     
   10.3000000000000      -0.741064536742564     
   10.3250000000000      -0.741075698176874     
   10.3500000000000      -0.741086642978590     
   10.3750000000000      -0.741097374352468     
   10.4000000000000      -0.741107896811410     
   10.4250000000000      -0.741118212855414     
   10.4500000000000      -0.741128326492438     
   10.4750000000000      -0.741138240756879     
   10.5000000000000      -0.741147958965714     
   10.5250000000000      -0.741157484820416     
   10.5500000000000      -0.741166820944692     
   10.5750000000000      -0.741175956337765     
   10.6000000000000      -0.741184980756807     
   10.6250000000000      -0.741193745741798     
   10.6500000000000      -0.741202360369437     
   10.6750000000000      -0.741210792617444     
   10.7000000000000      -0.741219055979019     
   10.7250000000000      -0.741227150160220     
   10.7500000000000      -0.741235078821435     
   10.7750000000000      -0.741242844394848     
   10.8000000000000      -0.741250449709091     
   10.8250000000000      -0.741257897483384     
   10.8500000000000      -0.741265189902467     
   10.8750000000000      -0.741272329948300     
   10.9000000000000      -0.741279320053529     
   10.9250000000000      -0.741286214177161     
   10.9500000000000      -0.741292887908924     
   10.9750000000000      -0.741299378157001     
   11.0000000000000      -0.741305867587711     
   11.0250000000000      -0.741312117277572     
   11.0500000000000      -0.741318265667076     
   11.0750000000000      -0.741324269838493     
   11.1000000000000      -0.741330146333194     
   11.1250000000000      -0.741335892713729     
   11.1500000000000      -0.741341564479510     
   11.1750000000000      -0.741346983817767     
   11.2000000000000      -0.741352381690843     
   11.2250000000000      -0.741357624682926     
   11.2500000000000      -0.741362812492187     
   11.2750000000000      -0.741367751961293     
   11.3000000000000      -0.741372678947339     
   11.3250000000000      -0.741377458833912     
   11.3500000000000      -0.741382138717544     
   11.3750000000000      -0.741386705986764     
   11.4000000000000      -0.741391166721844     
   11.4250000000000      -0.741395521351680     
   11.4500000000000      -0.741399824159824     
   11.4750000000000      -0.741403897383007     
   11.5000000000000      -0.741407970894984     
   11.5250000000000      -0.741411912055651     
   11.5500000000000      -0.741415767112230     
   11.5750000000000      -0.741419522767052     
   11.6000000000000      -0.741423185546500     
   11.6250000000000      -0.741426755788091     
   11.6500000000000      -0.741430234779815     
   11.6750000000000      -0.741433610290993     
   11.7000000000000      -0.741436969806368     
   11.7250000000000      -0.741440164125723     
   11.7500000000000      -0.741443300106722     
   11.7750000000000      -0.741446344007856     
   11.8000000000000      -0.741449308818060     
   11.8250000000000      -0.741452191865010     
   11.8500000000000      -0.741454995915086     
   11.8750000000000      -0.741457721368215     
   11.9000000000000      -0.741460370252005     
   11.9250000000000      -0.741462943207952     
   11.9500000000000      -0.741465493905263     
   11.9750000000000      -0.741467843838635     
   12.0000000000000      -0.741470222998802     
   12.0250000000000      -0.741472497362377     
   12.0500000000000      -0.741474713733624     
   12.0750000000000      -0.741476857395180     
   12.1000000000000      -0.741478935334363     
   12.1250000000000      -0.741480946469851     
   12.1500000000000      -0.741482892639002     
   12.1750000000000      -0.741484774695541     
   12.2000000000000      -0.741486593922481     
   12.2250000000000      -0.741488350960690     
   12.2500000000000      -0.741490047471819     
   12.2750000000000      -0.741491735616815     
   12.3000000000000      -0.741493237694804     
   12.3250000000000      -0.741494782548226     
   12.3500000000000      -0.741496236906127     
   12.3750000000000      -0.741497646272921     
   12.4000000000000      -0.741498996920725     
   12.4250000000000      -0.741500294457354     
   12.4500000000000      -0.741501538412096     
   12.4750000000000      -0.741502729700652     
   12.5000000000000      -0.741503869924184     
