  5.000000000000000E-003  0.926086467346493     
  1.000000000000000E-002  0.947693706684022     
  1.500000000000000E-002  0.966757358076310     
  2.000000000000000E-002  0.983730431437404     
  2.500000000000000E-002  0.998969901677471     
  3.000000000000000E-002   1.01275794321736     
  3.500000000000000E-002   1.02531913237629     
  4.000000000000000E-002   1.03683382394612     
  4.500000000000000E-002   1.04744832554253     
  5.000000000000000E-002   1.05728256216584     
  5.500000000000000E-002   1.06643583898112     
  6.000000000000000E-002   1.07499118698562     
  6.500000000000000E-002   1.08301865932712     
  7.000000000000001E-002   1.09057785731699     
  7.500000000000000E-002   1.09771985075414     
  8.000000000000000E-002   1.10448872845714     
  8.500000000000001E-002   1.11092276480301     
  9.000000000000000E-002   1.11705537136176     
  9.500000000000000E-002   1.12291585664909     
  0.100000000000000        1.12853004050133     
  0.105000000000000        1.13392075666424     
  0.110000000000000        1.13910826671661     
  0.115000000000000        1.14411060437493     
  0.120000000000000        1.14894386357076     
  0.125000000000000        1.15362244173320     
  0.130000000000000        1.15815924609568     
  0.135000000000000        1.16256587007620     
  0.140000000000000        1.16685274485113     
  0.145000000000000        1.17102927024765     
  0.150000000000000        1.17510392829308     
  0.155000000000000        1.17908438231283     
  0.160000000000000        1.18297756367794     
  0.165000000000000        1.18678974789731     
  0.170000000000000        1.19052662191707     
  0.175000000000000        1.19419334349447     
  0.180000000000000        1.19779459398475     
  0.185000000000000        1.20133462513211     
  0.190000000000000        1.20481730110971     
  0.195000000000000        1.20824613565192     
  0.200000000000000        1.21162432573922     
  0.205000000000000        1.21495478030614     
  0.210000000000000        1.21824015277455     
  0.215000000000000        1.22148285576898     
  0.220000000000000        1.22468509136211     
  0.225000000000000        1.22784886692514     
  0.230000000000000        1.23097601423922     
  0.235000000000000        1.23406820527876     
  0.240000000000000        1.23712696696169     
  0.245000000000000        1.24015369441235     
  0.250000000000000        1.24314966299596     
  0.255000000000000        1.24611603790960     
  0.260000000000000        1.24905388997353     
  0.265000000000000        1.25196419459895     
  0.270000000000000        1.25484784853323     
  0.275000000000000        1.25770567998779     
  0.280000000000000        1.26053842987859     
  0.285000000000000        1.26334679844842     
  0.290000000000000        1.26613142365904     
  0.295000000000000        1.26889289902785     
  0.300000000000000        1.27163175863078     
  0.305000000000000        1.27434849548501     
  0.310000000000000        1.27704357901740     
  0.315000000000000        1.27971743578193     
  0.320000000000000        1.28237046560273     
  0.325000000000000        1.28500303480824     
  0.330000000000000        1.28761548596118     
  0.335000000000000        1.29020814239765     
  0.340000000000000        1.29278130129052     
  0.345000000000000        1.29533524267332     
  0.350000000000000        1.29787024011691     
  0.355000000000000        1.30038652560717     
  0.360000000000000        1.30288434180250     
  0.365000000000000        1.30536391101480     
  0.370000000000000        1.30782544417762     
  0.375000000000000        1.31026914229279     
  0.380000000000000        1.31269519719676     
  0.385000000000000        1.31510379130930     
  0.390000000000000        1.31749510437804     
  0.395000000000000        1.31986930394911     
  0.400000000000000        1.32222655480185     
  0.405000000000000        1.32456701556305     
  0.410000000000000        1.32689084053051     
  0.415000000000000        1.32919817967540     
  0.420000000000000        1.33148917927938     
  0.425000000000000        1.33376398233258     
  0.430000000000000        1.33602272878399     
  0.435000000000000        1.33826555606120     
  0.440000000000000        1.34049259910788     
  0.445000000000000        1.34270399088215     
  0.450000000000000        1.34489986245252     
  0.455000000000000        1.34708034322026     
  0.460000000000000        1.34924556110931     
  0.465000000000000        1.35139564275362     
  0.470000000000000        1.35353071357571     
  0.475000000000000        1.35565089794888     
  0.480000000000000        1.35775631935349     
  0.485000000000000        1.35984710030856     
  0.490000000000000        1.36192336264592     
  0.495000000000000        1.36398522745323     
  0.500000000000000        1.36603281516435     
  0.505000000000000        1.36806624561310     
  0.510000000000000        1.37008563804065     
  0.515000000000000        1.37209111122628     
  0.520000000000000        1.37408278335736     
  0.525000000000000        1.37606077219440     
  0.530000000000000        1.37802519497223     
  0.535000000000000        1.37997616852026     
  0.540000000000000        1.38191380915679     
  0.545000000000000        1.38383823276633     
  0.550000000000000        1.38574955478833     
  0.555000000000000        1.38764789018979     
  0.560000000000000        1.38953336085304     
  0.565000000000000        1.39140606535899     
  0.570000000000000        1.39326613268648     
  0.575000000000000        1.39511366062832     
  0.580000000000000        1.39694876962297     
  0.585000000000000        1.39877157940440     
  0.590000000000000        1.40058218566850     
  0.595000000000000        1.40238070747434     
  0.600000000000000        1.40416725534666     
  0.605000000000000        1.40594193893524     
  0.610000000000000        1.40770486741192     
  0.615000000000000        1.40945614930774     
  0.620000000000000        1.41119589257954     
  0.625000000000000        1.41292420447091     
  0.630000000000000        1.41464119170198     
  0.635000000000000        1.41634696020407     
  0.640000000000000        1.41804161527623     
  0.645000000000000        1.41972525994948     
  0.650000000000000        1.42139800022264     
  0.655000000000000        1.42305994022719     
  0.660000000000000        1.42471118053052     
  0.665000000000000        1.42635182323539     
  0.670000000000000        1.42798196916259     
  0.675000000000000        1.42960171852393     
  0.680000000000000        1.43121117068531     
  0.685000000000000        1.43281042425191     
  0.690000000000000        1.43439957700935     
  0.695000000000000        1.43597872597043     
  0.700000000000000        1.43754796729075     
  0.705000000000000        1.43910740411893     
  0.710000000000000        1.44065711479722     
  0.715000000000000        1.44219720144906     
  0.720000000000000        1.44372775714410     
  0.725000000000000        1.44524887380201     
  0.730000000000000        1.44676064259569     
  0.735000000000000        1.44826315383086     
  0.740000000000000        1.44975650483025     
  0.745000000000000        1.45124082515382     
  0.750000000000000        1.45271609092259     
  0.755000000000000        1.45418245282518     
  0.760000000000000        1.45563999743633     
  0.765000000000000        1.45708880924483     
  0.770000000000000        1.45852897244906     
  0.775000000000000        1.45996057037763     
  0.780000000000000        1.46138368552836     
  0.785000000000000        1.46279839958057     
  0.790000000000000        1.46420479342349     
  0.795000000000000        1.46560294704821     
  0.800000000000000        1.46699293812038     
  0.805000000000000        1.46837484851693     
  0.810000000000000        1.46974875318053     
  0.815000000000000        1.47111472944369     
  0.820000000000000        1.47247285287627     
  0.825000000000000        1.47382319856564     
  0.830000000000000        1.47516584061717     
  0.835000000000000        1.47650085237876     
  0.840000000000000        1.47782830635098     
  0.845000000000000        1.47914827421674     
  0.850000000000000        1.48046082686431     
  0.855000000000000        1.48176603434022     
  0.860000000000000        1.48306396590512     
  0.865000000000000        1.48435469002669     
  0.870000000000000        1.48563827438811     
  0.875000000000000        1.48691478586816     
  0.880000000000000        1.48818429058905     
  0.885000000000000        1.48944685386301     
  0.890000000000000        1.49070254027214     
  0.895000000000000        1.49195141199955     
  0.900000000000000        1.49319353580699     
  0.905000000000000        1.49442897140201     
  0.910000000000000        1.49565778095271     
  0.915000000000000        1.49688002513095     
  0.920000000000000        1.49809576404656     
  0.925000000000000        1.49930505711304     
  0.930000000000000        1.50050796134567     
  0.935000000000000        1.50170453841150     
  0.940000000000000        1.50289484135382     
  0.945000000000000        1.50407893106337     
  0.950000000000000        1.50525686061035     
  0.955000000000000        1.50642868586315     
  0.960000000000000        1.50759446117790     
  0.965000000000000        1.50875424045816     
  0.970000000000000        1.50990807530451     
  0.975000000000000        1.51105602189516     
  0.980000000000000        1.51219812956462     
  0.985000000000000        1.51333445019759     
  0.990000000000000        1.51446503425856     
  0.995000000000000        1.51558993180530     
   1.00000000000000        1.51670919218597     
   1.00500000000000        1.51782286424149     
   1.01000000000000        1.51893099612640     
   1.01500000000000        1.52003363383634     
   1.02000000000000        1.52113082803771     
   1.02500000000000        1.52222262257987     
   1.03000000000000        1.52330906393244     
   1.03500000000000        1.52439019718448     
   1.04000000000000        1.52546606712889     
   1.04500000000000        1.52653671789353     
   1.05000000000000        1.52760219314617     
   1.05500000000000        1.52866253594297     
   1.06000000000000        1.52971778720948     
   1.06500000000000        1.53076799270864     
   1.07000000000000        1.53181319132242     
   1.07500000000000        1.53285342468713     
   1.08000000000000        1.53388874159429     
   1.08500000000000        1.53491916273695     
   1.09000000000000        1.53594474066898     
   1.09500000000000        1.53696551185172     
   1.10000000000000        1.53798151541217     
   1.10500000000000        1.53899278915245     
   1.11000000000000        1.53999937071823     
   1.11500000000000        1.54100129720885     
   1.12000000000000        1.54199860529323     
   1.12500000000000        1.54299133119870     
   1.13000000000000        1.54397951066704     
   1.13500000000000        1.54496317904949     
   1.14000000000000        1.54594237131185     
   1.14500000000000        1.54691712184259     
   1.15000000000000        1.54788746478660     
   1.15500000000000        1.54885343371642     
   1.16000000000000        1.54981506193844     
   1.16500000000000        1.55077238224282     
   1.17000000000000        1.55172542709756     
   1.17500000000000        1.55267422854966     
   1.18000000000000        1.55361881825896     
   1.18500000000000        1.55455922749135     
   1.19000000000000        1.55549548716453     
   1.19500000000000        1.55642762781922     
   1.20000000000000        1.55735567960321     
   1.20500000000000        1.55827967234684     
   1.21000000000000        1.55919963544097     
   1.21500000000000        1.56011559812748     
   1.22000000000000        1.56102758899688     
   1.22500000000000        1.56193563493998     
   1.23000000000000        1.56283976773105     
   1.23500000000000        1.56374001252113     
   1.24000000000000        1.56463639569960     
   1.24500000000000        1.56552894798059     
   1.25000000000000        1.56641769184976     
   1.25500000000000        1.56730265831889     
   1.26000000000000        1.56818387056310     
   1.26500000000000        1.56906135523958     
   1.27000000000000        1.56993513766931     
   1.27500000000000        1.57080524318463     
   1.28000000000000        1.57167169501925     
   1.28500000000000        1.57253452177382     
   1.29000000000000        1.57339374506145     
   1.29500000000000        1.57424938979917     
   1.30000000000000        1.57510147943428     
   1.30500000000000        1.57595003779060     
   1.31000000000000        1.57679508801891     
   1.31500000000000        1.57763665324309     
   1.32000000000000        1.57847475619453     
   1.32500000000000        1.57930941941710     
   1.33000000000000        1.58014066516535     
   1.33500000000000        1.58096851542275     
   1.34000000000000        1.58179299207347     
   1.34500000000000        1.58261411650094     
   1.35000000000000        1.58343190838574     
   1.35500000000000        1.58424639265180     
   1.36000000000000        1.58505758741194     
   1.36500000000000        1.58586551390052     
   1.37000000000000        1.58667019230805     
   1.37500000000000        1.58747164282690     
   1.38000000000000        1.58826988539230     
   1.38500000000000        1.58906493967120     
   1.39000000000000        1.58985682522606     
   1.39500000000000        1.59064556127228     
   1.40000000000000        1.59143116696342     
   1.40500000000000        1.59221365945231     
   1.41000000000000        1.59299306124338     
   1.41500000000000        1.59376938820396     
   1.42000000000000        1.59454265915482     
   1.42500000000000        1.59531289038314     
   1.43000000000000        1.59608010369536     
   1.43500000000000        1.59684431411021     
   1.44000000000000        1.59760553980762     
   1.44500000000000        1.59836379788442     
   1.45000000000000        1.59911910561588     
   1.45500000000000        1.59987147997342     
   1.46000000000000        1.60062094672754     
   1.46500000000000        1.60136750390839     
   1.47000000000000        1.60211117761718     
   1.47500000000000        1.60285198438278     
   1.48000000000000        1.60358994026303     
   1.48500000000000        1.60432506115401     
   1.49000000000000        1.60505736290651     
   1.49500000000000        1.60578687012929     
   1.50000000000000        1.60651357967920     
   1.50500000000000        1.60723751648523     
   1.51000000000000        1.60795869601632     
   1.51500000000000        1.60867713323889     
   1.52000000000000        1.60939284294985     
   1.52500000000000        1.61010583994651     
   1.53000000000000        1.61081613875569     
   1.53500000000000        1.61152375390141     
   1.54000000000000        1.61222869970490     
   1.54500000000000        1.61293099028145     
   1.55000000000000        1.61363063976896     
   1.55500000000000        1.61432766204962     
   1.56000000000000        1.61502213676427     
   1.56500000000000        1.61571393854571     
   1.57000000000000        1.61640315523393     
   1.57500000000000        1.61708980231598     
   1.58000000000000        1.61777389010077     
   1.58500000000000        1.61845543215485     
   1.59000000000000        1.61913445030464     
   1.59500000000000        1.61981093855129     
   1.60000000000000        1.62048491942935     
   1.60500000000000        1.62115640573639     
   1.61000000000000        1.62182540988964     
   1.61500000000000        1.62249194442443     
   1.62000000000000        1.62315602144463     
   1.62500000000000        1.62381765341303     
   1.63000000000000        1.62447686132277     
   1.63500000000000        1.62513363837410     
   1.64000000000000        1.62578800623551     
   1.64500000000000        1.62643997692817     
   1.65000000000000        1.62708956199145     
   1.65500000000000        1.62773677309865     
   1.66000000000000        1.62838162163013     
   1.66500000000000        1.62902411902894     
   1.67000000000000        1.62966427655401     
   1.67500000000000        1.63030210542657     
   1.68000000000000        1.63093761675361     
   1.68500000000000        1.63157082154155     
   1.69000000000000        1.63220173072538     
   1.69500000000000        1.63283035519250     
   1.70000000000000        1.63345670557743     
   1.70500000000000        1.63408079261119     
   1.71000000000000        1.63470262687163     
   1.71500000000000        1.63532221884498     
   1.72000000000000        1.63593957885876     
   1.72500000000000        1.63655472656369     
   1.73000000000000        1.63716765294767     
   1.73500000000000        1.63777837811025     
   1.74000000000000        1.63838691235318     
   1.74500000000000        1.63899326548942     
   1.75000000000000        1.63959744567303     
   1.75500000000000        1.64019946675461     
   1.76000000000000        1.64079933576412     
   1.76500000000000        1.64139706286605     
   1.77000000000000        1.64199265764523     
   1.77500000000000        1.64258612952995     
   1.78000000000000        1.64317748812288     
   1.78500000000000        1.64376674268372     
   1.79000000000000        1.64435390257401     
   1.79500000000000        1.64493897700554     
   1.80000000000000        1.64552197514706     
   1.80500000000000        1.64610290611729     
   1.81000000000000        1.64668177897641     
   1.81500000000000        1.64725860262167     
   1.82000000000000        1.64783338603360     
   1.82500000000000        1.64840613799712     
   1.83000000000000        1.64897686738063     
   1.83500000000000        1.64954558282164     
   1.84000000000000        1.65011229303302     
   1.84500000000000        1.65067700653209     
   1.85000000000000        1.65123973190451     
   1.85500000000000        1.65180047755067     
   1.86000000000000        1.65235925180519     
   1.86500000000000        1.65291606322360     
   1.87000000000000        1.65347091980914     
   1.87500000000000        1.65402382997777     
   1.88000000000000        1.65457480183671     
   1.88500000000000        1.65512384354890     
   1.89000000000000        1.65567096312208     
   1.89500000000000        1.65621616686182     
   1.90000000000000        1.65675946674393     
   1.90500000000000        1.65730086793783     
   1.91000000000000        1.65784037886790     
   1.91500000000000        1.65837800719311     
   1.92000000000000        1.65891376057314     
   1.92500000000000        1.65944764673431     
   1.93000000000000        1.65997967158625     
   1.93500000000000        1.66050984666541     
   1.94000000000000        1.66103817668693     
   1.94500000000000        1.66156466992367     
   1.95000000000000        1.66208933176927     
   1.95500000000000        1.66261217374025     
   1.96000000000000        1.66313319872441     
   1.96500000000000        1.66365241866945     
   1.97000000000000        1.66416983792770     
   1.97500000000000        1.66468546439939     
   1.98000000000000        1.66519930490695     
   1.98500000000000        1.66571136677131     
   1.99000000000000        1.66622165687667     
   1.99500000000000        1.66673018226384     
   2.00000000000000        1.66723694810632     
   2.00500000000000        1.66774196543123     
   2.01000000000000        1.66824530699977     
   2.01500000000000        1.66874683749511     
   2.02000000000000        1.66924663847185     
   2.02500000000000        1.66974471573267     
   2.03000000000000        1.67024107943684     
   2.03500000000000        1.67073573343717     
   2.04000000000000        1.67122868481235     
   2.04500000000000        1.67171993982210     
   2.05000000000000        1.67220950502680     
   2.05500000000000        1.67269738685207     
   2.06000000000000        1.67318359164711     
   2.06500000000000        1.67366812582687     
   2.07000000000000        1.67415099578733     
   2.07500000000000        1.67463220796642     
   2.08000000000000        1.67511176878686     
   2.08500000000000        1.67558968461844     
   2.09000000000000        1.67606596182684     
   2.09500000000000        1.67654060684892     
   2.10000000000000        1.67701362575809     
   2.10500000000000        1.67748502480258     
   2.11000000000000        1.67795481008503     
   2.11500000000000        1.67842298752555     
   2.12000000000000        1.67888957261600     
   2.12500000000000        1.67935455146683     
   2.13000000000000        1.67981794026670     
   2.13500000000000        1.68027974521705     
   2.14000000000000        1.68073997211705     
   2.14500000000000        1.68119862706646     
   2.15000000000000        1.68165571609968     
   2.15500000000000        1.68211124348359     
   2.16000000000000        1.68256521926010     
   2.16500000000000        1.68301764641326     
   2.17000000000000        1.68346853135873     
   2.17500000000000        1.68391787947398     
   2.18000000000000        1.68436569630829     
   2.18500000000000        1.68481198731630     
   2.19000000000000        1.68525675771702     
   2.19500000000000        1.68570001316771     
   2.20000000000000        1.68614175906742     
   2.20500000000000        1.68658200121369     
   2.21000000000000        1.68702074532327     
   2.21500000000000        1.68745799728480     
   2.22000000000000        1.68789376286492     
   2.22500000000000        1.68832804775379     
   2.23000000000000        1.68876085761647     
   2.23500000000000        1.68919219774806     
   2.24000000000000        1.68962207129162     
   2.24500000000000        1.69005048754034     
   2.25000000000000        1.69047744835514     
   2.25500000000000        1.69090295923810     
   2.26000000000000        1.69132702501411     
   2.26500000000000        1.69174965084435     
   2.27000000000000        1.69217084220399     
   2.27500000000000        1.69259060478618     
   2.28000000000000        1.69300894423687     
   2.28500000000000        1.69342586645207     
   2.29000000000000        1.69384137700001     
   2.29500000000000        1.69425548125948     
   2.30000000000000        1.69466818419620     
   2.30500000000000        1.69507949033344     
   2.31000000000000        1.69548940401012     
   2.31500000000000        1.69589792931257     
   2.32000000000000        1.69630507041011     
   2.32500000000000        1.69671083168268     
   2.33000000000000        1.69711521793004     
   2.33500000000000        1.69751823255787     
   2.34000000000000        1.69791988549607     
   2.34500000000000        1.69832017981474     
   2.35000000000000        1.69871912232255     
   2.35500000000000        1.69911671851113     
   2.36000000000000        1.69951297370320     
   2.36500000000000        1.69990789256661     
   2.37000000000000        1.70030147904168     
   2.37500000000000        1.70069373640605     
   2.38000000000000        1.70108466595231     
   2.38500000000000        1.70147427506828     
   2.39000000000000        1.70186256444327     
   2.39500000000000        1.70224953919737     
   2.40000000000000        1.70263520434732     
   2.40500000000000        1.70301956609873     
   2.41000000000000        1.70340263108720     
   2.41500000000000        1.70378440615221     
   2.42000000000000        1.70416489753755     
   2.42500000000000        1.70454411079367     
   2.43000000000000        1.70492205012515     
   2.43500000000000        1.70529871856749     
   2.44000000000000        1.70567411811771     
   2.44500000000000        1.70604825021586     
   2.45000000000000        1.70642118718310     
   2.45500000000000        1.70679278447571     
   2.46000000000000        1.70716312297604     
   2.46500000000000        1.70753220881541     
   2.47000000000000        1.70790004841233     
   2.47500000000000        1.70826664985125     
   2.48000000000000        1.70863202124122     
   2.48500000000000        1.70899618007919     
   2.49000000000000        1.70935911196513     
   2.49500000000000        1.70972083135965     
   2.50000000000000        1.71008134975859     
   2.52500000000000        1.71186380348692     
   2.55000000000000        1.71361534121580     
   2.57500000000000        1.71533734443838     
   2.60000000000000        1.71703052689600     
   2.62500000000000        1.71869540072949     
   2.65000000000000        1.72033248364590     
   2.67500000000000        1.72194227625865     
   2.70000000000000        1.72352527353070     
   2.72500000000000        1.72508184595645     
   2.75000000000000        1.72661249063671     
   2.77500000000000        1.72811768608312     
   2.80000000000000        1.72959778073043     
   2.82500000000000        1.73105324062572     
   2.85000000000000        1.73248448276201     
   2.87500000000000        1.73389191484632     
   2.90000000000000        1.73527593701662     
   2.92500000000000        1.73663694327359     
   2.95000000000000        1.73797532067109     
   2.97500000000000        1.73929144908016     
   3.00000000000000        1.74058570163172     
   3.02500000000000        1.74185844516495     
   3.05000000000000        1.74311003990840     
   3.07500000000000        1.74434083974027     
   3.10000000000000        1.74555119246942     
   3.12500000000000        1.74674143967354     
   3.15000000000000        1.74791191720253     
   3.17500000000000        1.74906295487399     
   3.20000000000000        1.75019487700539     
   3.22500000000000        1.75130800207161     
   3.25000000000000        1.75240264335366     
   3.27500000000000        1.75347910855585     
   3.30000000000000        1.75453770019182     
   3.32500000000000        1.75557871568735     
   3.35000000000000        1.75660244727249     
   3.37500000000000        1.75760918222440     
   3.40000000000000        1.75859920308478     
   3.42500000000000        1.75957278744476     
   3.45000000000000        1.76053020835795     
   3.47500000000000        1.76147173419725     
   3.50000000000000        1.76239762872116     
   3.52500000000000        1.76330815151448     
   3.55000000000000        1.76420355743609     
   3.57500000000000        1.76508409742057     
   3.60000000000000        1.76595001161674     
   3.62500000000000        1.76680155626836     
   3.65000000000000        1.76763896175869     
   3.67500000000000        1.76846246313977     
   3.70000000000000        1.76927229071002     
   3.72500000000000        1.77006867136296     
   3.75000000000000        1.77085182791417     
   3.77500000000000        1.77162197964550     
   3.80000000000000        1.77237962231875     
   3.82500000000000        1.77312437689284     
   3.85000000000000        1.77385677284626     
   3.87500000000000        1.77457701228848     
   3.90000000000000        1.77528529354764     
   3.92500000000000        1.77598181322347     
   3.95000000000000        1.77666675858093     
   3.97500000000000        1.77734033516819     
   4.00000000000000        1.77800272265802     
   4.02500000000000        1.77865410683902     
   4.05000000000000        1.77929466961639     
   4.07500000000000        1.77992459036289     
   4.10000000000000        1.78054404520832     
   4.12500000000000        1.78115320740244     
   4.15000000000000        1.78175224771676     
   4.17500000000000        1.78234133346121     
   4.20000000000000        1.78292062977869     
   4.22500000000000        1.78349029869668     
   4.25000000000000        1.78405049972107     
   4.27500000000000        1.78460138957983     
   4.30000000000000        1.78514312266318     
   4.32500000000000        1.78567589020429     
   4.35000000000000        1.78619975788754     
   4.37500000000000        1.78671495747730     
   4.40000000000000        1.78722154903948     
   4.42500000000000        1.78771971946849     
   4.45000000000000        1.78820960769619     
   4.47500000000000        1.78869135026234     
   4.50000000000000        1.78916508183935     
   4.52500000000000        1.78963093502945     
   4.55000000000000        1.79008904009175     
   4.57500000000000        1.79053952533075     
   4.60000000000000        1.79098251703522     
   4.62500000000000        1.79141813912542     
   4.65000000000000        1.79184651378405     
   4.67500000000000        1.79226775427411     
   4.70000000000000        1.79268199293354     
   4.72500000000000        1.79308933114837     
   4.75000000000000        1.79348989771640     
   4.77500000000000        1.79388379670370     
   4.80000000000000        1.79427113918157     
   4.82500000000000        1.79465203361470     
   4.85000000000000        1.79502658707728     
   4.87500000000000        1.79539490436431     
   4.90000000000000        1.79575708895312     
   4.92500000000000        1.79611324252257     
   4.95000000000000        1.79646346472791     
   4.97500000000000        1.79680785399494     
   5.00000000000000        1.79714650696861     
   5.02500000000000        1.79747951852535     
   5.05000000000000        1.79780698222676     
   5.07500000000000        1.79812898984220     
   5.10000000000000        1.79844563193346     
   5.12500000000000        1.79875699717851     
   5.15000000000000        1.79906317307176     
   5.17500000000000        1.79936453301246     
   5.20000000000000        1.79966055615731     
   5.22500000000000        1.79995169417248     
   5.25000000000000        1.80023794138414     
   5.27500000000000        1.80051942062185     
   5.30000000000000        1.80079620917334     
   5.32500000000000        1.80106837662315     
   5.35000000000000        1.80133600609214     
   5.37500000000000        1.80159917867889     
   5.40000000000000        1.80185824815683     
   5.42500000000000        1.80211268093447     
   5.45000000000000        1.80236287741230     
   5.47500000000000        1.80260890493451     
   5.50000000000000        1.80285082942551     
   5.52500000000000        1.80308871733677     
   5.55000000000000        1.80332263459909     
   5.57500000000000        1.80355264643497     
   5.60000000000000        1.80377881698510     
   5.62500000000000        1.80400120987642     
   5.65000000000000        1.80421988728066     
   5.67500000000000        1.80443491078020     
   5.70000000000000        1.80464634067199     
   5.72500000000000        1.80485423650666     
   5.75000000000000        1.80505865671121     
   5.77500000000000        1.80525965895915     
   5.80000000000000        1.80545729970512     
   5.82500000000000        1.80565163471265     
   5.85000000000000        1.80584271175911     
   5.87500000000000        1.80603059954681     
   5.90000000000000        1.80621534223760     
   5.92500000000000        1.80639699288130     
   5.95000000000000        1.80657560234165     
   5.97500000000000        1.80675122107805     
   6.00000000000000        1.80692389871956     
   6.02500000000000        1.80709368393350     
   6.05000000000000        1.80726062460400     
   6.07500000000000        1.80742476794950     
   6.10000000000000        1.80758616012242     
   6.12500000000000        1.80774484693631     
   6.15000000000000        1.80790087282174     
   6.17500000000000        1.80805428215225     
   6.20000000000000        1.80820515877148     
   6.22500000000000        1.80835345984387     
   6.25000000000000        1.80849927358094     
   6.27500000000000        1.80864264077226     
   6.30000000000000        1.80878360149396     
   6.32500000000000        1.80892223595303     
   6.35000000000000        1.80905849785146     
   6.37500000000000        1.80919247198521     
   6.40000000000000        1.80932419558346     
   6.42500000000000        1.80945370568997     
   6.45000000000000        1.80958103859047     
   6.47500000000000        1.80970623027140     
   6.50000000000000        1.80982931594245     
   6.52500000000000        1.80995033061482     
   6.55000000000000        1.81006930841010     
   6.57500000000000        1.81018628314071     
   6.60000000000000        1.81030132840061     
   6.62500000000000        1.81041439156477     
   6.65000000000000        1.81052555080793     
   6.67500000000000        1.81063483739258     
   6.70000000000000        1.81074232239449     
   6.72500000000000        1.81084795074936     
   6.75000000000000        1.81095179859335     
   6.77500000000000        1.81105389484471     
   6.80000000000000        1.81115426820894     
   6.82500000000000        1.81125294677036     
   6.85000000000000        1.81134995853323     
   6.87500000000000        1.81144533102997     
   6.90000000000000        1.81153909135058     
   6.92500000000000        1.81163126604604     
   6.95000000000000        1.81172188144638     
   6.97500000000000        1.81181100402317     
   7.00000000000000        1.81189857344472     
   7.02500000000000        1.81198466126806     
   7.05000000000000        1.81206929138212     
   7.07500000000000        1.81215248758525     
   7.10000000000000        1.81223427346723     
   7.12500000000000        1.81231467220700     
   7.15000000000000        1.81239370670426     
   7.17500000000000        1.81247139250496     
   7.20000000000000        1.81254776671470     
   7.22500000000000        1.81262284252940     
   7.25000000000000        1.81269664200410     
   7.27500000000000        1.81276918629479     
   7.30000000000000        1.81284049615782     
   7.32500000000000        1.81291059201729     
   7.35000000000000        1.81297949407124     
   7.37500000000000        1.81304722202657     
   7.40000000000000        1.81311379531868     
   7.42500000000000        1.81317923309987     
   7.45000000000000        1.81324355415376     
   7.47500000000000        1.81330677700368     
   7.50000000000000        1.81336891973280     
   7.52500000000000        1.81343000038330     
   7.55000000000000        1.81349003640123     
   7.57500000000000        1.81354904515369     
   7.60000000000000        1.81360704365049     
   7.62500000000000        1.81366404849141     
   7.65000000000000        1.81372007637042     
   7.67500000000000        1.81377514322524     
   7.70000000000000        1.81382926510483     
   7.72500000000000        1.81388245752924     
   7.75000000000000        1.81393472906682     
   7.77500000000000        1.81398610967636     
   7.80000000000000        1.81403660566049     
   7.82500000000000        1.81408623230268     
   7.85000000000000        1.81413500383237     
   7.87500000000000        1.81418297522260     
   7.90000000000000        1.81423007474583     
   7.92500000000000        1.81427636258135     
   7.95000000000000        1.81432185165123     
   7.97500000000000        1.81436655483386     
   8.00000000000000        1.81441047789233     
   8.02500000000000        1.81445364847749     
   8.05000000000000        1.81449607062472     
   8.07500000000000        1.81453775708696     
   8.10000000000000        1.81457871994163     
   8.12500000000000        1.81461896401227     
   8.15000000000000        1.81465850951299     
   8.17500000000000        1.81469737425349     
   8.20000000000000        1.81473556167480     
   8.22500000000000        1.81477308315754     
   8.25000000000000        1.81480995009301     
   8.27500000000000        1.81484616605052     
   8.30000000000000        1.81488175699552     
   8.32500000000000        1.81491672456093     
   8.35000000000000        1.81495107981923     
   8.37500000000000        1.81498487361591     
   8.40000000000000        1.81501803017842     
   8.42500000000000        1.81505060577164     
   8.45000000000000        1.81508260959361     
   8.47500000000000        1.81511405079333     
   8.50000000000000        1.81514493847890     
   8.52500000000000        1.81517528157321     
   8.55000000000000        1.81520508913942     
   8.57500000000000        1.81523436994239     
   8.60000000000000        1.81526313265828     
   8.62500000000000        1.81529138580620     
   8.65000000000000        1.81531913796829     
   8.67500000000000        1.81534639725370     
   8.70000000000000        1.81537317186355     
   8.72500000000000        1.81539946989161     
   8.75000000000000        1.81542529917156     
   8.77500000000000        1.81545066737018     
   8.80000000000000        1.81547558225940     
   8.82500000000000        1.81550005128797     
   8.85000000000000        1.81552408185531     
   8.87500000000000        1.81554768116977     
   8.90000000000000        1.81557085642178     
   8.92500000000000        1.81559361463378     
   8.95000000000000        1.81561596259201     
   8.97500000000000        1.81563790726554     
   9.00000000000000        1.81565949604557     
   9.02500000000000        1.81568069048888     
   9.05000000000000        1.81570145766561     
   9.07500000000000        1.81572185007629     
   9.10000000000000        1.81574187303108     
   9.12500000000000        1.81576152491184     
   9.15000000000000        1.81578082667269     
   9.17500000000000        1.81579977509880     
   9.20000000000000        1.81581837677345     
   9.22500000000000        1.81583663708566     
   9.25000000000000        1.81585456179212     
   9.27500000000000        1.81587215639497     
   9.30000000000000        1.81588942627459     
   9.32500000000000        1.81590637693690     
   9.35000000000000        1.81592301353641     
   9.37500000000000        1.81593934139189     
   9.40000000000000        1.81595536547005     
   9.42500000000000        1.81597109093440     
   9.45000000000000        1.81598652256934     
   9.47500000000000        1.81600166542160     
   9.50000000000000        1.81601652416549     
   9.52500000000000        1.81603110348408     
   9.55000000000000        1.81604540811026     
   9.57500000000000        1.81605944237381     
   9.60000000000000        1.81607320397886     
   9.62500000000000        1.81608670533597     
   9.65000000000000        1.81609995689152     
   9.67500000000000        1.81611295502442     
   9.70000000000000        1.81612570435404     
   9.72500000000000        1.81613820915305     
   9.75000000000000        1.81615047332335     
   9.77500000000000        1.81616250106586     
   9.80000000000000        1.81617429627162     
   9.82500000000000        1.81618586267775     
   9.85000000000000        1.81619720426273     
   9.87500000000000        1.81620832463626     
   9.90000000000000        1.81621922741520     
   9.92500000000000        1.81622991640503     
   9.95000000000000        1.81624039506840     
   9.97500000000000        1.81625066665655     
   10.0000000000000        1.81626073497093     
   10.0250000000000        1.81627060301436     
   10.0500000000000        1.81628027446814     
   10.0750000000000        1.81628975229796     
   10.1000000000000        1.81629903980203     
   10.1250000000000        1.81630814015853     
   10.1500000000000        1.81631705643283     
   10.1750000000000        1.81632578488054     
   10.2000000000000        1.81633434306311     
   10.2250000000000        1.81634272561501     
   10.2500000000000        1.81635093590450     
   10.2750000000000        1.81635897671984     
   10.3000000000000        1.81636685094119     
   10.3250000000000        1.81637456136025     
   10.3500000000000        1.81638211068728     
   10.3750000000000        1.81638950173283     
   10.4000000000000        1.81639673681289     
   10.4250000000000        1.81640381872591     
   10.4500000000000        1.81641075011387     
   10.4750000000000        1.81641753327539     
   10.5000000000000        1.81642417062277     
   10.5250000000000        1.81643066475946     
   10.5500000000000        1.81643701796085     
   10.5750000000000        1.81644327341213     
   10.6000000000000        1.81644934753751     
   10.6250000000000        1.81645528904627     
   10.6500000000000        1.81646109970797     
   10.6750000000000        1.81646678138114     
   10.7000000000000        1.81647233592956     
   10.7250000000000        1.81647776530483     
   10.7500000000000        1.81648307150198     
   10.7750000000000        1.81648825659086     
   10.8000000000000        1.81649332252721     
   10.8250000000000        1.81649827112099     
   10.8500000000000        1.81650310448046     
   10.8750000000000        1.81650782438313     
   10.9000000000000        1.81651243278892     
   10.9250000000000        1.81651692427446     
   10.9500000000000        1.81652130916151     
   10.9750000000000        1.81652563596115     
   11.0000000000000        1.81652981282390     
   11.0250000000000        1.81653388822346     
   11.0500000000000        1.81653786347551     
   11.0750000000000        1.81654174019719     
   11.1000000000000        1.81654551939597     
   11.1250000000000        1.81654920298437     
   11.1500000000000        1.81655278530905     
   11.1750000000000        1.81655628267585     
   11.2000000000000        1.81655968833217     
   11.2250000000000        1.81656300402609     
   11.2500000000000        1.81656622461848     
   11.2750000000000        1.81656936604190     
   11.3000000000000        1.81657242146018     
   11.3250000000000        1.81657539267408     
   11.3500000000000        1.81657828133884     
   11.3750000000000        1.81658108849783     
   11.4000000000000        1.81658381591763     
   11.4250000000000        1.81658646466752     
   11.4500000000000        1.81658902917766     
   11.4750000000000        1.81659152567784     
   11.5000000000000        1.81659394666313     
   11.5250000000000        1.81659629421460     
   11.5500000000000        1.81659856919354     
   11.5750000000000        1.81660077328228     
   11.6000000000000        1.81660290720398     
   11.6250000000000        1.81660497242457     
   11.6500000000000        1.81660697011579     
   11.6750000000000        1.81660894208878     
   11.7000000000000        1.81661080350152     
   11.7250000000000        1.81661260216033     
   11.7500000000000        1.81661433859317     
   11.7750000000000        1.81661601338403     
   11.8000000000000        1.81661762738483     
   11.8250000000000        1.81661918152269     
   11.8500000000000        1.81662067660871     
   11.8750000000000        1.81662211367998     
   11.9000000000000        1.81662349352870     
   11.9250000000000        1.81662481710817     
   11.9500000000000        1.81662607851723     
   11.9750000000000        1.81662729347098     
   12.0000000000000        1.81662845423201     
   12.0250000000000        1.81662956233850     
   12.0500000000000        1.81663061856897     
   12.0750000000000        1.81663162382815     
   12.1000000000000        1.81663257899141     
   12.1250000000000        1.81663348490574     
   12.1500000000000        1.81663434238077     
   12.1750000000000        1.81663515223690     
   12.2000000000000        1.81663591521241     
   12.2250000000000        1.81663663214228     
   12.2500000000000        1.81663730382083     
   12.2750000000000        1.81663792400559     
   12.3000000000000        1.81663850837368     
   12.3250000000000        1.81663904884657     
   12.3500000000000        1.81663954704443     
   12.3750000000000        1.81664000337595     
   12.4000000000000        1.81664041864906     
   12.4250000000000        1.81664079357894     
   12.4500000000000        1.81664112893668     
   12.4750000000000        1.81664142526343     
   12.5000000000000        1.81664168323964     
