  5.000000000000000E-003 -7.960557267444110E-002
  1.000000000000000E-002 -0.156891549412344     
  1.500000000000000E-002 -0.229107331216259     
  2.000000000000000E-002 -0.295333300822390     
  2.500000000000000E-002 -0.355485991362749     
  3.000000000000000E-002 -0.409858275588759     
  3.500000000000000E-002 -0.458898676955847     
  4.000000000000000E-002 -0.503103137154962     
  4.500000000000000E-002 -0.542962373276879     
  5.000000000000000E-002 -0.578937389060481     
  5.500000000000000E-002 -0.611449421579458     
  6.000000000000000E-002 -0.640877390293274     
  6.500000000000000E-002 -0.667558980864841     
  7.000000000000001E-002 -0.691792004257389     
  7.500000000000000E-002 -0.713846286726920     
  8.000000000000000E-002 -0.733948816989976     
  8.500000000000001E-002 -0.752309440485589     
  9.000000000000000E-002 -0.769108715600552     
  9.500000000000000E-002 -0.784507649270261     
  0.100000000000000      -0.798648064370747     
  0.105000000000000      -0.811655706761006     
  0.110000000000000      -0.823641962857192     
  0.115000000000000      -0.834705759015775     
  0.120000000000000      -0.844935049954185     
  0.125000000000000      -0.854408179478139     
  0.130000000000000      -0.863195028777845     
  0.135000000000000      -0.871358041790362     
  0.140000000000000      -0.878953098285537     
  0.145000000000000      -0.886030277371666     
  0.150000000000000      -0.892634572006180     
  0.155000000000000      -0.898806386068446     
  0.160000000000000      -0.904582142407687     
  0.165000000000000      -0.909994669524532     
  0.170000000000000      -0.915073619278321     
  0.175000000000000      -0.919845807299309     
  0.180000000000000      -0.924335538468737     
  0.185000000000000      -0.928564821151237     
  0.190000000000000      -0.932553676213084     
  0.195000000000000      -0.936320276050074     
  0.200000000000000      -0.939881206735887     
  0.205000000000000      -0.943253499571075     
  0.210000000000000      -0.946444438114491     
  0.215000000000000      -0.949474659891596     
  0.220000000000000      -0.952351034765354     
  0.225000000000000      -0.955085678004346     
  0.230000000000000      -0.957687761118404     
  0.235000000000000      -0.960166338479198     
  0.240000000000000      -0.962529523075798     
  0.245000000000000      -0.964784857659332     
  0.250000000000000      -0.966939251345032     
  0.255000000000000      -0.969001044725615     
  0.260000000000000      -0.970969650813235     
  0.265000000000000      -0.972858512659578     
  0.270000000000000      -0.974668049143463     
  0.275000000000000      -0.976402990791617     
  0.280000000000000      -0.978072121928519     
  0.285000000000000      -0.979673400127729     
  0.290000000000000      -0.981214129471000     
  0.295000000000000      -0.982695094663290     
  0.300000000000000      -0.984123404584910     
  0.305000000000000      -0.985500679501168     
  0.310000000000000      -0.986827177071478     
  0.315000000000000      -0.988109822337889     
  0.320000000000000      -0.989343789885281     
  0.325000000000000      -0.990539584218524     
  0.330000000000000      -0.991696576787950     
  0.335000000000000      -0.992811849679325     
  0.340000000000000      -0.993894725491036     
  0.345000000000000      -0.994944434802541     
  0.350000000000000      -0.995956181722577     
  0.355000000000000      -0.996943926636477     
  0.360000000000000      -0.997898486767592     
  0.365000000000000      -0.998826294692704     
  0.370000000000000      -0.999726942124693     
  0.375000000000000       -1.00060217867862     
  0.380000000000000       -1.00145295710606     
  0.385000000000000       -1.00228232425385     
  0.390000000000000       -1.00308484057677     
  0.395000000000000       -1.00386939512652     
  0.400000000000000       -1.00463230370911     
  0.405000000000000       -1.00537594196121     
  0.410000000000000       -1.00610060492182     
  0.415000000000000       -1.00680720856200     
  0.420000000000000       -1.00749643011077     
  0.425000000000000       -1.00816895802152     
  0.430000000000000       -1.00882544524076     
  0.435000000000000       -1.00946649067648     
  0.440000000000000       -1.01009269234711     
  0.445000000000000       -1.01070458528495     
  0.450000000000000       -1.01130271367979     
  0.455000000000000       -1.01188756289025     
  0.460000000000000       -1.01245961720760     
  0.465000000000000       -1.01301932761165     
  0.470000000000000       -1.01356712192227     
  0.475000000000000       -1.01410341846516     
  0.480000000000000       -1.01462859730064     
  0.485000000000000       -1.01514305174822     
  0.490000000000000       -1.01564712343341     
  0.495000000000000       -1.01614116391579     
  0.500000000000000       -1.01662549075166     
  0.505000000000000       -1.01710043058075     
  0.510000000000000       -1.01756626806555     
  0.515000000000000       -1.01802328791440     
  0.520000000000000       -1.01847177468161     
  0.525000000000000       -1.01891198707210     
  0.530000000000000       -1.01934418000670     
  0.535000000000000       -1.01976857404854     
  0.540000000000000       -1.02018542810127     
  0.545000000000000       -1.02059494952156     
  0.550000000000000       -1.02099735276318     
  0.555000000000000       -1.02139284758547     
  0.560000000000000       -1.02178015890918     
  0.565000000000000       -1.02216442943365     
  0.570000000000000       -1.02253817918721     
  0.575000000000000       -1.02291016087244     
  0.580000000000000       -1.02327313398661     
  0.585000000000000       -1.02362980894816     
  0.590000000000000       -1.02398395283452     
  0.595000000000000       -1.02432997786342     
  0.600000000000000       -1.02467148351986     
  0.605000000000000       -1.02500746512598     
  0.610000000000000       -1.02533842643678     
  0.615000000000000       -1.02566438047529     
  0.620000000000000       -1.02598548627257     
  0.625000000000000       -1.02630186440468     
  0.630000000000000       -1.02661361870141     
  0.635000000000000       -1.02692088009821     
  0.640000000000000       -1.02722374585911     
  0.645000000000000       -1.02752424771572     
  0.650000000000000       -1.02781799508895     
  0.655000000000000       -1.02810658082333     
  0.660000000000000       -1.02839348802542     
  0.665000000000000       -1.02867572058967     
  0.670000000000000       -1.02895440832048     
  0.675000000000000       -1.02922928785366     
  0.680000000000000       -1.02950056707574     
  0.685000000000000       -1.02976828215726     
  0.690000000000000       -1.03003253089684     
  0.695000000000000       -1.03029337692576     
  0.700000000000000       -1.03055090690530     
  0.705000000000000       -1.03080371430898     
  0.710000000000000       -1.03105683882538     
  0.715000000000000       -1.03130414698477     
  0.720000000000000       -1.03154931360251     
  0.725000000000000       -1.03179120793091     
  0.730000000000000       -1.03203028525042     
  0.735000000000000       -1.03226646920007     
  0.740000000000000       -1.03249840389050     
  0.745000000000000       -1.03273801226873     
  0.750000000000000       -1.03295648493833     
  0.755000000000000       -1.03318490228542     
  0.760000000000000       -1.03340657875793     
  0.765000000000000       -1.03362715421150     
  0.770000000000000       -1.03384477774656     
  0.775000000000000       -1.03406015217488     
  0.780000000000000       -1.03427309247754     
  0.785000000000000       -1.03448372369603     
  0.790000000000000       -1.03469206730873     
  0.795000000000000       -1.03489816651714     
  0.800000000000000       -1.03510399987959     
  0.805000000000000       -1.03530315689906     
  0.810000000000000       -1.03550364582505     
  0.815000000000000       -1.03570091105158     
  0.820000000000000       -1.03589650946124     
  0.825000000000000       -1.03608998210334     
  0.830000000000000       -1.03628153430550     
  0.835000000000000       -1.03647113919987     
  0.840000000000000       -1.03665885400966     
  0.845000000000000       -1.03684471060590     
  0.850000000000000       -1.03702872752596     
  0.855000000000000       -1.03721095257148     
  0.860000000000000       -1.03739142447168     
  0.865000000000000       -1.03757015021578     
  0.870000000000000       -1.03774718049334     
  0.875000000000000       -1.03792253277925     
  0.880000000000000       -1.03809623838496     
  0.885000000000000       -1.03826833538286     
  0.890000000000000       -1.03843883622994     
  0.895000000000000       -1.03860970358281     
  0.900000000000000       -1.03877453009583     
  0.905000000000000       -1.03894128673435     
  0.910000000000000       -1.03910540659839     
  0.915000000000000       -1.03926844630132     
  0.920000000000000       -1.03942992587063     
  0.925000000000000       -1.03959003092805     
  0.930000000000000       -1.03975066966745     
  0.935000000000000       -1.03990542162499     
  0.940000000000000       -1.04006420954638     
  0.945000000000000       -1.04021600526225     
  0.950000000000000       -1.04037032585129     
  0.955000000000000       -1.04052209279609     
  0.960000000000000       -1.04067301620794     
  0.965000000000000       -1.04082255678189     
  0.970000000000000       -1.04097285424823     
  0.975000000000000       -1.04111740891276     
  0.980000000000000       -1.04126423002398     
  0.985000000000000       -1.04140873818228     
  0.990000000000000       -1.04155247309673     
  0.995000000000000       -1.04169494907121     
   1.00000000000000       -1.04183635088138     
   1.00500000000000       -1.04197663594398     
   1.01000000000000       -1.04211584557559     
   1.01500000000000       -1.04225592172591     
   1.02000000000000       -1.04239042489985     
   1.02500000000000       -1.04252734128290     
   1.03000000000000       -1.04266208594571     
   1.03500000000000       -1.04279621031041     
   1.04000000000000       -1.04292921358539     
   1.04500000000000       -1.04306127721088     
   1.05000000000000       -1.04319236663264     
   1.05500000000000       -1.04332251420166     
   1.06000000000000       -1.04345365565380     
   1.06500000000000       -1.04357935510685     
   1.07000000000000       -1.04370758854318     
   1.07500000000000       -1.04383378290538     
   1.08000000000000       -1.04395798392488     
   1.08500000000000       -1.04408663310408     
   1.09000000000000       -1.04420722039770     
   1.09500000000000       -1.04433130484825     
   1.10000000000000       -1.04445310615854     
   1.10500000000000       -1.04457456507501     
   1.11000000000000       -1.04469504819432     
   1.11500000000000       -1.04481477908548     
   1.12000000000000       -1.04493369707260     
   1.12500000000000       -1.04505183974623     
   1.13000000000000       -1.04516920388207     
   1.13500000000000       -1.04528580422072     
   1.14000000000000       -1.04540165621533     
   1.14500000000000       -1.04551675800920     
   1.15000000000000       -1.04563112639916     
   1.15500000000000       -1.04574477570074     
   1.16000000000000       -1.04585769996087     
   1.16500000000000       -1.04596992624788     
   1.17000000000000       -1.04608144273295     
   1.17500000000000       -1.04619228612858     
   1.18000000000000       -1.04630243853069     
   1.18500000000000       -1.04641191991904     
   1.19000000000000       -1.04652073711804     
   1.19500000000000       -1.04662890124367     
   1.20000000000000       -1.04673641285656     
   1.20500000000000       -1.04684328597418     
   1.21000000000000       -1.04694953002575     
   1.21500000000000       -1.04705514404337     
   1.22000000000000       -1.04716013981601     
   1.22500000000000       -1.04726646693567     
   1.23000000000000       -1.04736765492521     
   1.23500000000000       -1.04747171299896     
   1.24000000000000       -1.04757596119233     
   1.24500000000000       -1.04767548601221     
   1.25000000000000       -1.04777969677852     
   1.25500000000000       -1.04787770261061     
   1.26000000000000       -1.04797896914804     
   1.26500000000000       -1.04807840507820     
   1.27000000000000       -1.04817771789195     
   1.27500000000000       -1.04827634142195     
   1.28000000000000       -1.04837641490928     
   1.28500000000000       -1.04847140691003     
   1.29000000000000       -1.04856933847581     
   1.29500000000000       -1.04866559471893     
   1.30000000000000       -1.04876171650638     
   1.30500000000000       -1.04885720881609     
   1.31000000000000       -1.04895223479128     
   1.31500000000000       -1.04904674865146     
   1.32000000000000       -1.04914077494601     
   1.32500000000000       -1.04923431467390     
   1.33000000000000       -1.04932737106720     
   1.33500000000000       -1.04941994963550     
   1.34000000000000       -1.04951204915576     
   1.34500000000000       -1.04960368919553     
   1.35000000000000       -1.04969680094534     
   1.35500000000000       -1.04978492503230     
   1.36000000000000       -1.04987605795936     
   1.36500000000000       -1.04996557509413     
   1.37000000000000       -1.05005504299871     
   1.37500000000000       -1.05014394123618     
   1.38000000000000       -1.05023244306192     
   1.38500000000000       -1.05032049807763     
   1.39000000000000       -1.05040813416659     
   1.39500000000000       -1.05049535249895     
   1.40000000000000       -1.05058213338706     
   1.40500000000000       -1.05067045562307     
   1.41000000000000       -1.05075382013352     
   1.41500000000000       -1.05084025299088     
   1.42000000000000       -1.05092512070791     
   1.42500000000000       -1.05101190884503     
   1.43000000000000       -1.05109364134460     
   1.43500000000000       -1.05117848956423     
   1.44000000000000       -1.05126177387985     
   1.44500000000000       -1.05134507141948     
   1.45000000000000       -1.05142784894647     
   1.45500000000000       -1.05151029510354     
   1.46000000000000       -1.05159087713457     
   1.46500000000000       -1.05167458897136     
   1.47000000000000       -1.05175522525152     
   1.47500000000000       -1.05183640073037     
   1.48000000000000       -1.05191691258664     
   1.48500000000000       -1.05199717267065     
   1.49000000000000       -1.05207704453423     
   1.49500000000000       -1.05215509792506     
   1.50000000000000       -1.05223629736427     
   1.50500000000000       -1.05231443826009     
   1.51000000000000       -1.05239314366862     
   1.51500000000000       -1.05247122162509     
   1.52000000000000       -1.05254904621712     
   1.52500000000000       -1.05262651553706     
   1.53000000000000       -1.05270365561366     
   1.53500000000000       -1.05278046625742     
   1.54000000000000       -1.05285695981984     
   1.54500000000000       -1.05293311142906     
   1.55000000000000       -1.05300895503681     
   1.55500000000000       -1.05308448095557     
   1.56000000000000       -1.05316664865934     
   1.56500000000000       -1.05323462585654     
   1.57000000000000       -1.05331139866937     
   1.57500000000000       -1.05338292132811     
   1.58000000000000       -1.05345776174289     
   1.58500000000000       -1.05353109673768     
   1.59000000000000       -1.05360305912462     
   1.59500000000000       -1.05367810272229     
   1.60000000000000       -1.05375016902507     
   1.60500000000000       -1.05382284562954     
   1.61000000000000       -1.05389492486804     
   1.61500000000000       -1.05396683132389     
   1.62000000000000       -1.05403839547699     
   1.62500000000000       -1.05410970540038     
   1.63000000000000       -1.05417923648143     
   1.63500000000000       -1.05425200579934     
   1.64000000000000       -1.05432176198287     
   1.64500000000000       -1.05439216399203     
   1.65000000000000       -1.05446198419153     
   1.65500000000000       -1.05453162632151     
   1.66000000000000       -1.05460097540706     
   1.66500000000000       -1.05467005348645     
   1.67000000000000       -1.05473886843266     
   1.67500000000000       -1.05480740929568     
   1.68000000000000       -1.05487569546381     
   1.68500000000000       -1.05494370591340     
   1.69000000000000       -1.05501146365903     
   1.69500000000000       -1.05507895707327     
   1.70000000000000       -1.05514619439225     
   1.70500000000000       -1.05521317181152     
   1.71000000000000       -1.05527990257173     
   1.71500000000000       -1.05534636595726     
   1.72000000000000       -1.05541259101216     
   1.72500000000000       -1.05547707550499     
   1.73000000000000       -1.05554483592735     
   1.73500000000000       -1.05560961787522     
   1.74000000000000       -1.05567506416600     
   1.74500000000000       -1.05573997230106     
   1.75000000000000       -1.05580667949107     
   1.75500000000000       -1.05586857582590     
   1.76000000000000       -1.05593369743053     
   1.76500000000000       -1.05599744175039     
   1.77000000000000       -1.05606132104633     
   1.77500000000000       -1.05612483827526     
   1.78000000000000       -1.05618816770361     
   1.78500000000000       -1.05625124611570     
   1.79000000000000       -1.05631409979619     
   1.79500000000000       -1.05637672627000     
   1.80000000000000       -1.05643912099185     
   1.80500000000000       -1.05650128863422     
   1.81000000000000       -1.05656323649538     
   1.81500000000000       -1.05662495560391     
   1.82000000000000       -1.05668644895145     
   1.82500000000000       -1.05674772283977     
   1.83000000000000       -1.05680877543958     
   1.83500000000000       -1.05686961102415     
   1.84000000000000       -1.05693022411885     
   1.84500000000000       -1.05699062250771     
   1.85000000000000       -1.05705080475681     
   1.85500000000000       -1.05711077122039     
   1.86000000000000       -1.05717052280980     
   1.86500000000000       -1.05723006920373     
   1.87000000000000       -1.05728939688477     
   1.87500000000000       -1.05734851721417     
   1.88000000000000       -1.05740742291355     
   1.88500000000000       -1.05746612712197     
   1.89000000000000       -1.05752462906175     
   1.89500000000000       -1.05758485345602     
   1.90000000000000       -1.05764034187838     
   1.90500000000000       -1.05769909056424     
   1.91000000000000       -1.05775648195811     
   1.91500000000000       -1.05781404842923     
   1.92000000000000       -1.05787130133390     
   1.92500000000000       -1.05792837872401     
   1.93000000000000       -1.05798720684087     
   1.93500000000000       -1.05804128104912     
   1.94000000000000       -1.05809863164949     
   1.94500000000000       -1.05815463577802     
   1.95000000000000       -1.05821276547577     
   1.95500000000000       -1.05826603713511     
   1.96000000000000       -1.05832455860208     
   1.96500000000000       -1.05837717913661     
   1.97000000000000       -1.05843346730372     
   1.97500000000000       -1.05848828085725     
   1.98000000000000       -1.05854333384796     
   1.98500000000000       -1.05859805075116     
   1.99000000000000       -1.05865262726227     
   1.99500000000000       -1.05870700313061     
   2.00000000000000       -1.05876314357475     
   2.00500000000000       -1.05881455226410     
   2.01000000000000       -1.05887622489435     
   2.01500000000000       -1.05892069974619     
   2.02000000000000       -1.05897710747202     
   2.02500000000000       -1.05903128270894     
   2.03000000000000       -1.05908207512999     
   2.03500000000000       -1.05913572558510     
   2.04000000000000       -1.05918819255337     
   2.04500000000000       -1.05924082183521     
   2.05000000000000       -1.05929315948655     
   2.05500000000000       -1.05934536110725     
   2.06000000000000       -1.05939737548865     
   2.06500000000000       -1.05944922518311     
   2.07000000000000       -1.05950089354034     
   2.07500000000000       -1.05955238990253     
   2.08000000000000       -1.05960371078633     
   2.08500000000000       -1.05965486564090     
   2.09000000000000       -1.05970584324517     
   2.09500000000000       -1.05975665633978     
   2.10000000000000       -1.05980729891889     
   2.10500000000000       -1.05985776458166     
   2.11000000000000       -1.05990807392486     
   2.11500000000000       -1.05995820293793     
   2.12000000000000       -1.06000669427183     
   2.12500000000000       -1.06005852268969     
   2.13000000000000       -1.06010746674186     
   2.13500000000000       -1.06015715555801     
   2.14000000000000       -1.06020638030367     
   2.14500000000000       -1.06025553904138     
   2.15000000000000       -1.06030450462128     
   2.15500000000000       -1.06035527103796     
   2.16000000000000       -1.06040130919222     
   2.16500000000000       -1.06045067209038     
   2.17000000000000       -1.06049870965164     
   2.17500000000000       -1.06054697385169     
   2.18000000000000       -1.06059495316269     
   2.18500000000000       -1.06064280959768     
   2.19000000000000       -1.06069049992155     
   2.19500000000000       -1.06073803414138     
   2.20000000000000       -1.06078541242583     
   2.20500000000000       -1.06083262533049     
   2.21000000000000       -1.06087969589998     
   2.21500000000000       -1.06092660120949     
   2.22000000000000       -1.06097335175992     
   2.22500000000000       -1.06101995710143     
   2.23000000000000       -1.06106639901508     
   2.23500000000000       -1.06111269395666     
   2.24000000000000       -1.06116078005102     
   2.24500000000000       -1.06120416319726     
   2.25000000000000       -1.06125087434406     
   2.25500000000000       -1.06129626905801     
   2.26000000000000       -1.06134189836213     
   2.26500000000000       -1.06138725385114     
   2.27000000000000       -1.06143249719841     
   2.27500000000000       -1.06147758387548     
   2.28000000000000       -1.06152252881310     
   2.28500000000000       -1.06156731589581     
   2.29000000000000       -1.06161196686083     
   2.29500000000000       -1.06165646677282     
   2.30000000000000       -1.06170081428965     
   2.30500000000000       -1.06174503120318     
   2.31000000000000       -1.06178908770614     
   2.31500000000000       -1.06183301274944     
   2.32000000000000       -1.06187678149713     
   2.32500000000000       -1.06192041078345     
   2.33000000000000       -1.06196390371453     
   2.33500000000000       -1.06200919609827     
   2.34000000000000       -1.06204979576710     
   2.34500000000000       -1.06209372756091     
   2.35000000000000       -1.06213636337257     
   2.35500000000000       -1.06217924210158     
   2.36000000000000       -1.06222185092761     
   2.36500000000000       -1.06226436521157     
   2.37000000000000       -1.06230672671524     
   2.37500000000000       -1.06234895409623     
   2.38000000000000       -1.06239298885244     
   2.38500000000000       -1.06243233292126     
   2.39000000000000       -1.06247501476727     
   2.39500000000000       -1.06251640537067     
   2.40000000000000       -1.06255803798252     
   2.40500000000000       -1.06259941611053     
   2.41000000000000       -1.06264070026962     
   2.41500000000000       -1.06268183127406     
   2.42000000000000       -1.06272283359808     
   2.42500000000000       -1.06276370037925     
   2.43000000000000       -1.06280443148482     
   2.43500000000000       -1.06284503060893     
   2.44000000000000       -1.06288550816181     
   2.44500000000000       -1.06292584186420     
   2.45000000000000       -1.06297303840226     
   2.45500000000000       -1.06300423214756     
   2.46000000000000       -1.06304702824682     
   2.46500000000000       -1.06308582166049     
   2.47000000000000       -1.06312580351697     
   2.47500000000000       -1.06316522338499     
   2.48000000000000       -1.06320467125372     
   2.48500000000000       -1.06324245894340     
   2.49000000000000       -1.06328365866139     
   2.49500000000000       -1.06332199583748     
   2.50000000000000       -1.06335963955759     
   2.52500000000000       -1.06346945735881     
   2.55000000000000       -1.06365434851958     
   2.57500000000000       -1.06384014624870     
   2.60000000000000       -1.06402398871849     
   2.62500000000000       -1.06420556881576     
   2.65000000000000       -1.06438444389577     
   2.67500000000000       -1.06456054465685     
   2.70000000000000       -1.06473240505854     
   2.72500000000000       -1.06490486333093     
   2.75000000000000       -1.06507182297313     
   2.77500000000000       -1.06523554911958     
   2.80000000000000       -1.06539967463122     
   2.82500000000000       -1.06555855091528     
   2.85000000000000       -1.06571569385201     
   2.87500000000000       -1.06586999141817     
   2.90000000000000       -1.06602186709273     
   2.92500000000000       -1.06617123507786     
   2.95000000000000       -1.06631817329375     
   2.97500000000000       -1.06646271522634     
   3.00000000000000       -1.06660490731040     
   3.02500000000000       -1.06674477741205     
   3.05000000000000       -1.06688237099439     
   3.07500000000000       -1.06701772161194     
   3.10000000000000       -1.06715086738295     
   3.12500000000000       -1.06728185095490     
   3.15000000000000       -1.06741069451283     
   3.17500000000000       -1.06753743884053     
   3.20000000000000       -1.06766212034059     
   3.22500000000000       -1.06778477757690     
   3.25000000000000       -1.06790542362836     
   3.27500000000000       -1.06802410829309     
   3.30000000000000       -1.06814086344000     
   3.32500000000000       -1.06825570247471     
   3.35000000000000       -1.06836867603576     
   3.37500000000000       -1.06847979976867     
   3.40000000000000       -1.06858912005733     
   3.42500000000000       -1.06869664323241     
   3.45000000000000       -1.06880241259907     
   3.47500000000000       -1.06890645993162     
   3.50000000000000       -1.06900879791690     
   3.52500000000000       -1.06910947260243     
   3.55000000000000       -1.06920849616858     
   3.57500000000000       -1.06930589838476     
   3.60000000000000       -1.06940364944326     
   3.62500000000000       -1.06949528157240     
   3.65000000000000       -1.06958885618466     
   3.67500000000000       -1.06967974349829     
   3.70000000000000       -1.06976952880076     
   3.72500000000000       -1.06985770931727     
   3.75000000000000       -1.06994448842444     
   3.77500000000000       -1.07002982950052     
   3.80000000000000       -1.07012132067965     
   3.82500000000000       -1.07019467617982     
   3.85000000000000       -1.07027862083456     
   3.87500000000000       -1.07035740835736     
   3.90000000000000       -1.07043624157791     
   3.92500000000000       -1.07051336956142     
   3.95000000000000       -1.07059131956708     
   3.97500000000000       -1.07066344859616     
   4.00000000000000       -1.07073784815991     
   4.02500000000000       -1.07080986622712     
   4.05000000000000       -1.07088109210340     
   4.07500000000000       -1.07095101920167     
   4.10000000000000       -1.07101984167790     
   4.12500000000000       -1.07108750593540     
   4.15000000000000       -1.07115408214701     
   4.17500000000000       -1.07121954325158     
   4.20000000000000       -1.07128393533736     
   4.22500000000000       -1.07134726825184     
   4.25000000000000       -1.07140955807904     
   4.27500000000000       -1.07147081398374     
   4.30000000000000       -1.07153107056763     
   4.32500000000000       -1.07158891434863     
   4.35000000000000       -1.07164919990878     
   4.37500000000000       -1.07170439121547     
   4.40000000000000       -1.07176298037194     
   4.42500000000000       -1.07181763177762     
   4.45000000000000       -1.07187239644118     
   4.47500000000000       -1.07192593479267     
   4.50000000000000       -1.07197869828444     
   4.52500000000000       -1.07203056223721     
   4.55000000000000       -1.07208158533788     
   4.57500000000000       -1.07213176030349     
   4.60000000000000       -1.07218111121594     
   4.62500000000000       -1.07222964935528     
   4.65000000000000       -1.07227737938856     
   4.67500000000000       -1.07232626758633     
   4.70000000000000       -1.07236983455890     
   4.72500000000000       -1.07241805720419     
   4.75000000000000       -1.07245982064312     
   4.77500000000000       -1.07250471592608     
   4.80000000000000       -1.07254758634704     
   4.82500000000000       -1.07259018164767     
   4.85000000000000       -1.07263192561904     
   4.87500000000000       -1.07267302559162     
   4.90000000000000       -1.07271342879615     
   4.92500000000000       -1.07275317339493     
   4.95000000000000       -1.07279225319504     
   4.97500000000000       -1.07283069042711     
   5.00000000000000       -1.07286849360989     
   5.02500000000000       -1.07290567091570     
   5.05000000000000       -1.07294222689524     
   5.07500000000000       -1.07297818758005     
   5.10000000000000       -1.07301354762515     
   5.12500000000000       -1.07304832121245     
   5.15000000000000       -1.07308251767101     
   5.17500000000000       -1.07312370359803     
   5.20000000000000       -1.07314756099017     
   5.22500000000000       -1.07318140471772     
   5.25000000000000       -1.07321430880921     
   5.27500000000000       -1.07324531231680     
   5.30000000000000       -1.07327631564567     
   5.32500000000000       -1.07330861234140     
   5.35000000000000       -1.07333785786175     
   5.37500000000000       -1.07336553157868     
   5.40000000000000       -1.07340259887530     
   5.42500000000000       -1.07342163717108     
   5.45000000000000       -1.07345242230703     
   5.47500000000000       -1.07347882577458     
   5.50000000000000       -1.07350616594694     
   5.52500000000000       -1.07353262904236     
   5.55000000000000       -1.07355881850603     
   5.57500000000000       -1.07358452416657     
   5.60000000000000       -1.07360984173486     
   5.62500000000000       -1.07363472552104     
   5.65000000000000       -1.07365920568587     
   5.67500000000000       -1.07368327688309     
   5.70000000000000       -1.07370694729907     
   5.72500000000000       -1.07373023826105     
   5.75000000000000       -1.07375313254477     
   5.77500000000000       -1.07377565457142     
   5.80000000000000       -1.07379779570843     
   5.82500000000000       -1.07381957175464     
   5.85000000000000       -1.07384293523101     
   5.87500000000000       -1.07386138868343     
   5.90000000000000       -1.07388297171614     
   5.92500000000000       -1.07390305255222     
   5.95000000000000       -1.07392317759682     
   5.97500000000000       -1.07394285262189     
   6.00000000000000       -1.07396222340488     
   6.02500000000000       -1.07398127374157     
   6.05000000000000       -1.07400000590988     
   6.07500000000000       -1.07401842640684     
   6.10000000000000       -1.07403654099127     
   6.12500000000000       -1.07405435623578     
   6.15000000000000       -1.07407187085327     
   6.17500000000000       -1.07408909940467     
   6.20000000000000       -1.07410462417679     
   6.22500000000000       -1.07412328216740     
   6.25000000000000       -1.07413894801713     
   6.27500000000000       -1.07415526757729     
   6.30000000000000       -1.07417103114444     
   6.32500000000000       -1.07418521272780     
   6.35000000000000       -1.07420252034883     
   6.37500000000000       -1.07421686514168     
   6.40000000000000       -1.07423189118900     
   6.42500000000000       -1.07424637338079     
   6.45000000000000       -1.07426071228869     
   6.47500000000000       -1.07427478253892     
   6.50000000000000       -1.07428863652676     
   6.52500000000000       -1.07430225640413     
   6.55000000000000       -1.07431564157863     
   6.57500000000000       -1.07432880984688     
   6.60000000000000       -1.07434034742574     
   6.62500000000000       -1.07435508668154     
   6.65000000000000       -1.07436689111134     
   6.67500000000000       -1.07437942563719     
   6.70000000000000       -1.07439002556389     
   6.72500000000000       -1.07440395856883     
   6.75000000000000       -1.07441493370924     
   6.77500000000000       -1.07442666945097     
   6.80000000000000       -1.07443790239936     
   6.82500000000000       -1.07444904957914     
   6.85000000000000       -1.07445998401283     
   6.87500000000000       -1.07447074757528     
   6.90000000000000       -1.07448133259086     
   6.92500000000000       -1.07449173166159     
   6.95000000000000       -1.07450196629675     
   6.97500000000000       -1.07451060960590     
   7.00000000000000       -1.07452251061191     
   7.02500000000000       -1.07453152325273     
   7.05000000000000       -1.07454130848453     
   7.07500000000000       -1.07455062508501     
   7.10000000000000       -1.07455989998504     
   7.12500000000000       -1.07456898053630     
   7.15000000000000       -1.07457792536515     
   7.17500000000000       -1.07458865695115     
   7.20000000000000       -1.07459469333799     
   7.22500000000000       -1.07460407311852     
   7.25000000000000       -1.07461214324036     
   7.27500000000000       -1.07462046485596     
   7.30000000000000       -1.07462851124837     
   7.32500000000000       -1.07463646923110     
   7.35000000000000       -1.07464427482314     
   7.37500000000000       -1.07465196677040     
   7.40000000000000       -1.07465951931943     
   7.42500000000000       -1.07466694906108     
   7.45000000000000       -1.07467425488786     
   7.47500000000000       -1.07468142871622     
   7.50000000000000       -1.07468849333092     
   7.52500000000000       -1.07469543447648     
   7.55000000000000       -1.07470226048971     
   7.57500000000000       -1.07470897144887     
   7.60000000000000       -1.07471556444013     
   7.62500000000000       -1.07472205725070     
   7.65000000000000       -1.07472843109721     
   7.67500000000000       -1.07473470913277     
   7.70000000000000       -1.07474086984872     
   7.72500000000000       -1.07474693413093     
   7.75000000000000       -1.07475483895619     
   7.77500000000000       -1.07475809608409     
   7.80000000000000       -1.07476472302409     
   7.82500000000000       -1.07477011043610     
   7.85000000000000       -1.07477577805508     
   7.87500000000000       -1.07477980550394     
   7.90000000000000       -1.07478720008223     
   7.92500000000000       -1.07479177839041     
   7.95000000000000       -1.07479719549837     
   7.97500000000000       -1.07480222865839     
   8.00000000000000       -1.07480921738971     
   8.02500000000000       -1.07481154412043     
   8.05000000000000       -1.07481728100656     
   8.07500000000000       -1.07482177036296     
   8.10000000000000       -1.07482656928734     
   8.12500000000000       -1.07483309331235     
   8.15000000000000       -1.07483698267131     
   8.17500000000000       -1.07483971542567     
   8.20000000000000       -1.07484468862688     
   8.22500000000000       -1.07484881851908     
   8.25000000000000       -1.07485312550139     
   8.27500000000000       -1.07485921769387     
   8.30000000000000       -1.07486071719170     
   8.32500000000000       -1.07486562598728     
   8.35000000000000       -1.07486929561729     
   8.37500000000000       -1.07487188238698     
   8.40000000000000       -1.07487767090487     
   8.42500000000000       -1.07488073388551     
   8.45000000000000       -1.07488464749228     
   8.47500000000000       -1.07488820155632     
   8.50000000000000       -1.07489179378936     
   8.52500000000000       -1.07489530320876     
   8.55000000000000       -1.07489875153828     
   8.57500000000000       -1.07490214226623     
   8.60000000000000       -1.07490548098017     
   8.62500000000000       -1.07490875955597     
   8.65000000000000       -1.07491198742476     
   8.67500000000000       -1.07491515552440     
   8.70000000000000       -1.07491827379724     
   8.72500000000000       -1.07492133683756     
   8.75000000000000       -1.07492434946047     
   8.77500000000000       -1.07492730030075     
   8.80000000000000       -1.07493021439270     
   8.82500000000000       -1.07493307327489     
   8.85000000000000       -1.07493588430672     
   8.87500000000000       -1.07493864546390     
   8.90000000000000       -1.07494136165584     
   8.92500000000000       -1.07494402624520     
   8.95000000000000       -1.07494664895664     
   8.97500000000000       -1.07494922456889     
   9.00000000000000       -1.07495033916874     
   9.02500000000000       -1.07495342452116     
   9.05000000000000       -1.07495715593857     
   9.07500000000000       -1.07495905936832     
   9.10000000000000       -1.07496155523000     
   9.12500000000000       -1.07496575070133     
   9.15000000000000       -1.07496543494829     
   9.17500000000000       -1.07496854336142     
   9.20000000000000       -1.07497045071249     
   9.22500000000000       -1.07497271543650     
   9.25000000000000       -1.07497481327558     
   9.27500000000000       -1.07497691130262     
   9.30000000000000       -1.07497896890714     
   9.32500000000000       -1.07498098476843     
   9.35000000000000       -1.07498296974015     
   9.37500000000000       -1.07498491847756     
   9.40000000000000       -1.07498683924234     
   9.42500000000000       -1.07498872555341     
   9.45000000000000       -1.07499056888563     
   9.47500000000000       -1.07499238716845     
   9.50000000000000       -1.07499417615959     
   9.52500000000000       -1.07499593089621     
   9.55000000000000       -1.07499765732687     
   9.57500000000000       -1.07499935031852     
   9.60000000000000       -1.07500295787248     
   9.62500000000000       -1.07500392978611     
   9.65000000000000       -1.07500380125453     
   9.67500000000000       -1.07500597526473     
   9.70000000000000       -1.07500733031173     
   9.72500000000000       -1.07500892789332     
   9.75000000000000       -1.07501039985777     
   9.77500000000000       -1.07501188013920     
   9.80000000000000       -1.07501332598944     
   9.82500000000000       -1.07501473784002     
   9.85000000000000       -1.07501614165805     
   9.87500000000000       -1.07501750774918     
   9.90000000000000       -1.07501885600976     
   9.92500000000000       -1.07502017446664     
   9.95000000000000       -1.07502146935865     
   9.97500000000000       -1.07502274675697     
   10.0000000000000       -1.07502399774586     
   10.0250000000000       -1.07502522154356     
   10.0500000000000       -1.07502643905244     
   10.0750000000000       -1.07502762424397     
   10.1000000000000       -1.07502879084767     
   10.1250000000000       -1.07502992794706     
   10.1500000000000       -1.07503105658929     
   10.1750000000000       -1.07503410215322     
   10.2000000000000       -1.07503258296812     
   10.2250000000000       -1.07503451567427     
   10.2500000000000       -1.07503527689519     
   10.2750000000000       -1.07503639486988     
   10.3000000000000       -1.07503737428899     
   10.3250000000000       -1.07503837021273     
   10.3500000000000       -1.07503934548374     
   10.3750000000000       -1.07504029108584     
   10.4000000000000       -1.07504123571908     
   10.4250000000000       -1.07504215090418     
   10.4500000000000       -1.07504305553525     
   10.4750000000000       -1.07504393935362     
   10.5000000000000       -1.07504480285630     
   10.5250000000000       -1.07504566153925     
   10.5500000000000       -1.07504649819963     
   10.5750000000000       -1.07504590522133     
   10.6000000000000       -1.07504871713592     
   10.6250000000000       -1.07504879191980     
   10.6500000000000       -1.07504977893527     
   10.6750000000000       -1.07505046739154     
   10.7000000000000       -1.07505122862836     
   10.7250000000000       -1.07505195233874     
   10.7500000000000       -1.07505267095711     
   10.7750000000000       -1.07505337454902     
   10.8000000000000       -1.07505406761645     
   10.8250000000000       -1.07505475147745     
   10.8500000000000       -1.07505541510707     
   10.8750000000000       -1.07505607069480     
   10.9000000000000       -1.07505671649656     
   10.9250000000000       -1.07505928498715     
   10.9500000000000       -1.07505924012781     
   10.9750000000000       -1.07505669862067     
   11.0000000000000       -1.07505988483172     
   11.0250000000000       -1.07505955935025     
   11.0500000000000       -1.07506040986394     
   11.0750000000000       -1.07506087471722     
   11.1000000000000       -1.07506144949105     
   11.1250000000000       -1.07506197691082     
   11.1500000000000       -1.07506444985403     
   11.1750000000000       -1.07506235489677     
   11.2000000000000       -1.07506374473860     
   11.2250000000000       -1.07506394633585     
   11.2500000000000       -1.07506648156163     
   11.2750000000000       -1.07506431735896     
   11.3000000000000       -1.07506567457444     
   11.3250000000000       -1.07506584400601     
   11.3500000000000       -1.07506638950206     
   11.3750000000000       -1.07506680717875     
   11.4000000000000       -1.07506725027774     
   11.4250000000000       -1.07506766872345     
   11.4500000000000       -1.07507002835296     
   11.4750000000000       -1.07506783053429     
   11.5000000000000       -1.07506909991203     
   11.5250000000000       -1.07506920554641     
   11.5500000000000       -1.07506968557136     
   11.5750000000000       -1.07507002872743     
   11.6000000000000       -1.07507040213921     
   11.6250000000000       -1.07507076517062     
   11.6500000000000       -1.07507111121206     
   11.6750000000000       -1.07507004451332     
   11.7000000000000       -1.07507237792340     
   11.7250000000000       -1.07507199830747     
   11.7500000000000       -1.07507253173126     
   11.7750000000000       -1.07507276212046     
   11.8000000000000       -1.07507309089662     
   11.8250000000000       -1.07507338084787     
   11.8500000000000       -1.07507368066541     
   11.8750000000000       -1.07507396182495     
   11.9000000000000       -1.07507424642155     
   11.9250000000000       -1.07507451612821     
   11.9500000000000       -1.07507673257024     
   11.9750000000000       -1.07507438562977     
   12.0000000000000       -1.07507552130886     
   12.0250000000000       -1.07507547936659     
   12.0500000000000       -1.07507583118022     
   12.0750000000000       -1.07507603270711     
   12.1000000000000       -1.07507628350623     
   12.1250000000000       -1.07507650878858     
   12.1500000000000       -1.07507673406807     
   12.1750000000000       -1.07507695113978     
   12.2000000000000       -1.07507716791176     
   12.2250000000000       -1.07507737135615     
   12.2500000000000       -1.07507758248460     
   12.2750000000000       -1.07507971798977     
   12.3000000000000       -1.07507730959920     
   12.3250000000000       -1.07507836840380     
   12.3500000000000       -1.07507826726651     
   12.3750000000000       -1.07507854288564     
   12.4000000000000       -1.07507868972159     
   12.4250000000000       -1.07507886917264     
   12.4500000000000       -1.07507903479724     
   12.4750000000000       -1.07507918898458     
   12.5000000000000       -1.07507935335694     
