  5.000000000000000E-003   1.84623309594644        17.7218853870457     
  1.000000000000000E-002  0.952560738089014        9.38510122549350     
  1.500000000000000E-002  0.662269737767964        6.61115587942867     
  2.000000000000000E-002  0.520884491663443        5.22752357427738     
  2.500000000000000E-002  0.438207722876721        4.39955463691820     
  3.000000000000000E-002  0.384457684882516        3.84905727736210     
  3.500000000000000E-002  0.347001258133217        3.45684215226899     
  4.000000000000000E-002  0.319587851631869        3.16334480531227     
  4.500000000000000E-002  0.298780826668799        2.93549713164068     
  5.000000000000000E-002  0.282538972433364        2.75347585328030     
  5.500000000000000E-002  0.269575994701822        2.60467956143335     
  6.000000000000000E-002  0.259042399105009        2.48071758072984     
  6.500000000000000E-002  0.250355396975694        2.37578904880834     
  7.000000000000001E-002  0.243102884212416        2.28575828658007     
  7.500000000000000E-002  0.236982978588283        2.20759180271932     
  8.000000000000000E-002  0.231774754560099        2.13902819311268     
  8.500000000000001E-002  0.227307627745896        2.07833379859008     
  9.000000000000000E-002  0.223451370775372        2.02416680364982     
  9.500000000000000E-002  0.220103529928475        1.97546925397236     
  0.100000000000000       0.217182927013215        1.93139731457221     
  0.105000000000000       0.214624303472545        1.89126962417363     
  0.110000000000000       0.212374705193596        1.85453040343947     
  0.115000000000000       0.210390722487623        1.82072195585978     
  0.120000000000000       0.208636471104646        1.78946415929418     
  0.125000000000000       0.207082049012192        1.76043885217591     
  0.130000000000000       0.205702363101344        1.73337785229679     
  0.135000000000000       0.204476214500299        1.70805363029772     
  0.140000000000000       0.203385587532666        1.68427199950710     
  0.145000000000000       0.202415087575832        1.66186632080123     
  0.150000000000000       0.201551482306564        1.64069284644006     
  0.155000000000000       0.200783361582484        1.62062703185878     
  0.160000000000000       0.200100824027317        1.60156045675001     
  0.165000000000000       0.199495253518920        1.58339837929944     
  0.170000000000000       0.198959118888088        1.56605768598434     
  0.175000000000000       0.198485814343649        1.54946520784606     
  0.180000000000000       0.198069521493411        1.53355630742213     
  0.185000000000000       0.197705109642753        1.51827372636825     
  0.190000000000000       0.197388026904969        1.50356656696484     
  0.195000000000000       0.197114236575483        1.48938948533283     
  0.200000000000000       0.196880134280243        1.47570195216593     
  0.205000000000000       0.196682102148797        1.46246701318015     
  0.210000000000000       0.196518616205383        1.44965430189114     
  0.215000000000000       0.196385417511974        1.43723175789886     
  0.220000000000000       0.196281148767741        1.42517451005684     
  0.225000000000000       0.196203390940139        1.41345814795267     
  0.230000000000000       0.196150354808172        1.40206120225488     
  0.235000000000000       0.196120290747125        1.39096399446608     
  0.240000000000000       0.196111653659052        1.38014870615999     
  0.245000000000000       0.196123022896545        1.36959909075254     
  0.250000000000000       0.196153112076224        1.35930034324274     
  0.255000000000000       0.196200348102437        1.34923837904871     
  0.260000000000000       0.196264966966202        1.33940265628526     
  0.265000000000000       0.196344364089401        1.32977956707183     
  0.270000000000000       0.196438568474401        1.32035999293659     
  0.275000000000000       0.196546734716163        1.31113432013128     
  0.280000000000000       0.196667196656295        1.30209255694376     
  0.285000000000000       0.196800466334721        1.29322817193189     
  0.290000000000000       0.196945170188571        1.28453271266661     
  0.295000000000000       0.197101241584307        1.27599990618560     
  0.300000000000000       0.197267338405510        1.26762234341799     
  0.305000000000000       0.197443215702302        1.25939441637036     
  0.310000000000000       0.197628898178739        1.25131118710858     
  0.315000000000000       0.197823069234699        1.24336645959877     
  0.320000000000000       0.198026761222350        1.23555712488485     
  0.325000000000000       0.198237932575241        1.22787676908020     
  0.330000000000000       0.198456766215532        1.22032184861938     
  0.335000000000000       0.198683899180132        1.21288952478718     
  0.340000000000000       0.198917514450681        1.20557444671263     
  0.345000000000000       0.199157810604161        1.19837372739558     
  0.350000000000000       0.199405790181165        1.19128547748465     
  0.355000000000000       0.199658693632134        1.18430399230274     
  0.360000000000000       0.199918394737497        1.17742862868461     
  0.365000000000000       0.200183636034656        1.17065558972770     
  0.370000000000000       0.200454526979562        1.16398263810662     
  0.375000000000000       0.200730741640897        1.15740721254782     
  0.380000000000000       0.201012110898040        1.15092702344637     
  0.385000000000000       0.201298042193309        1.14453948036586     
  0.390000000000000       0.201589645265377        1.13824371648563     
  0.395000000000000       0.201885148745251        1.13203620513521     
  0.400000000000000       0.202185305018740        1.12591590408278     
  0.405000000000000       0.202489646386899        1.11988069534628     
  0.410000000000000       0.202798121457929        1.11392892004405     
  0.415000000000000       0.203110551879893        1.10805886902031     
  0.420000000000000       0.203426805490847        1.10226893614291     
  0.425000000000000       0.203746746087507        1.09655756934208     
  0.430000000000000       0.204070242944904        1.09092327431822     
  0.435000000000000       0.204397174674221        1.08536461513050     
  0.440000000000000       0.204727418572198        1.07988020054700     
  0.445000000000000       0.205060863286313        1.07446869303014     
  0.450000000000000       0.205397394289786        1.06912879231210     
  0.455000000000000       0.205736907754665        1.06385924563359     
  0.460000000000000       0.206079298914404        1.05865883473851     
  0.465000000000000       0.206424468689511        1.05352637969468     
  0.470000000000000       0.206772321704793        1.04846073515638     
  0.475000000000000       0.207122763573617        1.04346078599557     
  0.480000000000000       0.207475706837826        1.03852545092434     
  0.485000000000000       0.207831060508674        1.03365367189833     
  0.490000000000000       0.208188743405752        1.02884442395299     
  0.495000000000000       0.208548671611650        1.02409670342902     
  0.500000000000000       0.208910767525215        1.01940953405710     
  0.505000000000000       0.209274951074650        1.01478195908215     
  0.510000000000000       0.209641150257537        1.01021304813425     
  0.515000000000000       0.210009292559258        1.00570188981929     
  0.520000000000000       0.210379305022595        1.00124759086965     
  0.525000000000000       0.210751119590985       0.996849279370867     
  0.530000000000000       0.211124668599300       0.992506100532882     
  0.535000000000000       0.211499891145081       0.988217220706751     
  0.540000000000000       0.211876718061211       0.983981815840269     
  0.545000000000000       0.212255090577614       0.979799084348859     
  0.550000000000000       0.212634948201691       0.975668237752861     
  0.555000000000000       0.213016231186874       0.971588502061432     
  0.560000000000000       0.213399190764563       0.967559302671518     
  0.565000000000000       0.213782734122596       0.963579270722315     
  0.570000000000000       0.214168410771051       0.959648637688499     
  0.575000000000000       0.214554369831162       0.955765617017883     
  0.580000000000000       0.214942112976103       0.951930421224856     
  0.585000000000000       0.215331057301696       0.948142035198785     
  0.590000000000000       0.215720390804626       0.944399348810882     
  0.595000000000000       0.216111274175544       0.940702380508632     
  0.600000000000000       0.216502932712315       0.937050057777986     
  0.605000000000000       0.216895561716183       0.933441868343794     
  0.610000000000000       0.217289038237839       0.929877132049592     
  0.615000000000000       0.217683343038271       0.926355235821970     
  0.620000000000000       0.218078426019877       0.922875559588282     
  0.625000000000000       0.218474245272505       0.919437496907018     
  0.630000000000000       0.218870762511856       0.916040452874417     
  0.635000000000000       0.219267933749177       0.912683838203228     
  0.640000000000000       0.219665722250036       0.909367076652192     
  0.645000000000000       0.220063676903243       0.906089393528122     
  0.650000000000000       0.220462722090258       0.902850711719903     
  0.655000000000000       0.220862502804888       0.899650315082223     
  0.660000000000000       0.221262255124855       0.896487305107319     
  0.665000000000000       0.221662607131867       0.893361474162272     
  0.670000000000000       0.222063300687401       0.890272187819864     
  0.675000000000000       0.222464377534709       0.887218965048514     
  0.680000000000000       0.222865778005399       0.884201283712666     
  0.685000000000000       0.223267479640835       0.881218646948916     
  0.690000000000000       0.223669446809482       0.878270558960588     
  0.695000000000000       0.224071651439644       0.875356534947229     
  0.700000000000000       0.224474060618502       0.872476094755318     
  0.705000000000000       0.224876968493363       0.869628907243083     
  0.710000000000000       0.225279259297797       0.866814033592301     
  0.715000000000000       0.225682259552713       0.864031611396502     
  0.720000000000000       0.226085153255455       0.861280844938230     
  0.725000000000000       0.226488174629612       0.858561404085685     
  0.730000000000000       0.226891210984784       0.855872815350971     
  0.735000000000000       0.227294266345100       0.853214661643267     
  0.740000000000000       0.227697628460398       0.850586645758851     
  0.745000000000000       0.228098659015268       0.847987268312021     
  0.750000000000000       0.228503692173911       0.845418742113267     
  0.755000000000000       0.228905858012162       0.842877867358490     
  0.760000000000000       0.229308834475815       0.840365742886813     
  0.765000000000000       0.229711360922025       0.837881479243098     
  0.770000000000000       0.230113836580824       0.835424857708925     
  0.775000000000000       0.230516094182049       0.832995440394985     
  0.780000000000000       0.230918163974472       0.830592873069193     
  0.785000000000000       0.231320007380213       0.828216779953997     
  0.790000000000000       0.231721609094272       0.825866799891572     
  0.795000000000000       0.232122949157987       0.823542575245275     
  0.800000000000000       0.232523572859796       0.821243594230669     
  0.805000000000000       0.232924910959792       0.818970041727853     
  0.810000000000000       0.233325153794597       0.816720919742543     
  0.815000000000000       0.233725316386350       0.814496269276299     
  0.820000000000000       0.234125038768255       0.812295635280764     
  0.825000000000000       0.234524415360106       0.810118731563367     
  0.830000000000000       0.234923390854870       0.807965223207661     
  0.835000000000000       0.235321962611242       0.805834798805327     
  0.840000000000000       0.235720109131251       0.803727144899823     
  0.845000000000000       0.236117814836671       0.801641954693923     
  0.850000000000000       0.236515067369342       0.799578927138432     
  0.855000000000000       0.236911847881300       0.797537763253272     
  0.860000000000000       0.237308139752029       0.795518169268345     
  0.865000000000000       0.237703933794568       0.793519858455482     
  0.870000000000000       0.238099210998111       0.791542544691700     
  0.875000000000000       0.238493960124401       0.789585948976802     
  0.880000000000000       0.238888166934670       0.787649795271888     
  0.885000000000000       0.239281815793919       0.785733811134912     
  0.890000000000000       0.239674897129346       0.783837730207125     
  0.895000000000000       0.240066950573797       0.781961149699083     
  0.900000000000000       0.240459451415112       0.780104273316387     
  0.905000000000000       0.240850550007555       0.778266273554794     
  0.910000000000000       0.241241297083010       0.776447228484965     
  0.915000000000000       0.241631326050276       0.774646780892999     
  0.920000000000000       0.242020742587418       0.772864722263027     
  0.925000000000000       0.242409498006381       0.771100800753060     
  0.930000000000000       0.242797141103417       0.769354649735879     
  0.935000000000000       0.243185166560542       0.767626479543461     
  0.940000000000000       0.243571249679980       0.765915380589998     
  0.945000000000000       0.243957966899430       0.764221880901752     
  0.950000000000000       0.244343083776209       0.762545111700956     
  0.955000000000000       0.244727786279950       0.760885199122403     
  0.960000000000000       0.245111668436088       0.759241813069561     
  0.965000000000000       0.245494852698731       0.757614777835196     
  0.970000000000000       0.245876829423214       0.756003744497080     
  0.975000000000000       0.246259130372989       0.754408933591178     
  0.980000000000000       0.246639858857128       0.752829617836994     
  0.985000000000000       0.247020093871069       0.751265897192760     
  0.990000000000000       0.247399467191465       0.749717475204992     
  0.995000000000000       0.247778090460374       0.748184189640394     
   1.00000000000000       0.248155916411306       0.746665837957544     
   1.00500000000000       0.248532951906886       0.745162235057155     
   1.01000000000000       0.248909183968802       0.743673193146987     
   1.01500000000000       0.249284144909718       0.742198409230967     
   1.02000000000000       0.249659372659018       0.740738104103288     
   1.02500000000000       0.250032953337631       0.739291604125835     
   1.03000000000000       0.250405982023757       0.737859019422680     
   1.03500000000000       0.250778084223751       0.736440082417594     
   1.04000000000000       0.251149377741852       0.735034654530682     
   1.04500000000000       0.251519816650915       0.733642557863305     
   1.05000000000000       0.251889407065862       0.732263630078485     
   1.05500000000000       0.252258139092369       0.730897707237445     
   1.06000000000000       0.252625541885074       0.729544515232352     
   1.06500000000000       0.252993172369489       0.728204277729942     
   1.07000000000000       0.253359096764105       0.726876367631685     
   1.07500000000000       0.253724421646624       0.725560902314208     
   1.08000000000000       0.254089136806636       0.724257726160367     
   1.08500000000000       0.254451668875562       0.722966320208568     
   1.09000000000000       0.254815066192520       0.721687261198339     
   1.09500000000000       0.255176509680999       0.720419737429699     
   1.10000000000000       0.255537408241148       0.719163939655695     
   1.10500000000000       0.255897286708825       0.717919616738595     
   1.11000000000000       0.256256298991851       0.716686666840477     
   1.11500000000000       0.256614389415939       0.715464941372379     
   1.12000000000000       0.256971572024502       0.714254309714329     
   1.12500000000000       0.257327836836330       0.713054637727706     
   1.13000000000000       0.257683183979166       0.711865795394180     
   1.13500000000000       0.258037609242026       0.710687653593031     
   1.14000000000000       0.258391108309257       0.709520084955912     
   1.14500000000000       0.258743681218737       0.708362964950984     
   1.15000000000000       0.259095323474725       0.707216169708751     
   1.15500000000000       0.259446031261613       0.706079577267547     
   1.16000000000000       0.259795805864824       0.704953068597894     
   1.16500000000000       0.260144640445844       0.703836524372972     
   1.17000000000000       0.260492537899441       0.702729829262133     
   1.17500000000000       0.260839489110944       0.701632866704157     
   1.18000000000000       0.261185498632739       0.700545524954911     
   1.18500000000000       0.261530561645794       0.699467691633738     
   1.19000000000000       0.261874676673053       0.698399256718302     
   1.19500000000000       0.262217841227335       0.697340111442122     
   1.20000000000000       0.262560055526782       0.696290149177769     
   1.20500000000000       0.262901316479575       0.695249264029846     
   1.21000000000000       0.263241622199435       0.694217351781164     
   1.21500000000000       0.263580973473268       0.693194310329592     
   1.22000000000000       0.263919367939828       0.692180038183832     
   1.22500000000000       0.264256314103225       0.691174337474651     
   1.23000000000000       0.264593446017581       0.690177437162919     
   1.23500000000000       0.264928742556989       0.689188835674550     
   1.24000000000000       0.265262879859813       0.688208574224385     
   1.24500000000000       0.265597104206298       0.687236803235961     
   1.25000000000000       0.265929031605992       0.686272961500705     
   1.25500000000000       0.266261426203635       0.685317497855150     
   1.26000000000000       0.266591885811522       0.684369853528001     
   1.26500000000000       0.266921704808309       0.683430191098088     
   1.27000000000000       0.267250450088982       0.682498338738893     
   1.27500000000000       0.267578266981845       0.681574237655440     
   1.28000000000000       0.267904609945109       0.680657699096170     
   1.28500000000000       0.268231149943825       0.679748954101876     
   1.29000000000000       0.268555837654078       0.678847532270281     
   1.29500000000000       0.268879854718587       0.677953574146543     
   1.30000000000000       0.269202808012057       0.677066924846320     
   1.30500000000000       0.269524825858925       0.676187528185836     
   1.31000000000000       0.269845867877319       0.675315297728144     
   1.31500000000000       0.270165947349085       0.674450157928336     
   1.32000000000000       0.270485059518724       0.673592030983217     
   1.32500000000000       0.270803205723829       0.672740841217960     
   1.33000000000000       0.271120386764962       0.671896513883104     
   1.33500000000000       0.271436602889806       0.671058975072902     
   1.34000000000000       0.271751856122991       0.670228152251865     
   1.34500000000000       0.272066143139551       0.669403972720477     
   1.35000000000000       0.272378964357788       0.668586277619929     
   1.35500000000000       0.272691998352325       0.667775292381145     
   1.36000000000000       0.273003171096829       0.666970582408765     
   1.36500000000000       0.273313685430556       0.666172291070099     
   1.37000000000000       0.273623136000409       0.665380279841652     
   1.37500000000000       0.273931660170824       0.664594506174616     
   1.38000000000000       0.274239214767347       0.663814896897284     
   1.38500000000000       0.274545814920364       0.663041389756324     
   1.39000000000000       0.274851455362513       0.662273919833316     
   1.39500000000000       0.275156137823633       0.661512424191007     
   1.40000000000000       0.275459869530863       0.660756841798397     
   1.40500000000000       0.275762132995013       0.660007024386944     
   1.41000000000000       0.276064636755972       0.659263197222927     
   1.41500000000000       0.276365275524293       0.658524947685120     
   1.42000000000000       0.276665268502959       0.657792420443516     
   1.42500000000000       0.276963700043242       0.657065405720968     
   1.43000000000000       0.277262411192712       0.656344148565946     
   1.43500000000000       0.277559249993087       0.655628237969510     
   1.44000000000000       0.277855452794721       0.654917820758559     
   1.44500000000000       0.278150605540823       0.654212773520903     
   1.45000000000000       0.278444851431343       0.653513064774284     
   1.45500000000000       0.278738142883624       0.652818632502361     
   1.46000000000000       0.279030890472548       0.652129487365282     
   1.46500000000000       0.279321768048996       0.651445367143631     
   1.47000000000000       0.279612426774152       0.650766482331275     
   1.47500000000000       0.279901909125896       0.650092628672445     
   1.48000000000000       0.280190537224447       0.649423806283140     
   1.48500000000000       0.280478203905122       0.648759947837886     
   1.49000000000000       0.280764947938601       0.648101009783658     
   1.49500000000000       0.281051155435123       0.647447001524798     
   1.50000000000000       0.281335499298948       0.646797671114479     
   1.50500000000000       0.281619641635516       0.646153227615575     
   1.51000000000000       0.281902616398492       0.645513474037698     
   1.51500000000000       0.282184745023607       0.644878413173576     
   1.52000000000000       0.282465929844387       0.644247983947899     
   1.52500000000000       0.282746200705951       0.643622145251863     
   1.53000000000000       0.283025553169428       0.643000851409457     
   1.53500000000000       0.283303989840231       0.642384058295809     
   1.54000000000000       0.283581509959853       0.641771721821304     
   1.54500000000000       0.283858122805893       0.641163800022579     
   1.55000000000000       0.284133821819080       0.640560248890833     
   1.55500000000000       0.284408612206358       0.639961026852760     
   1.56000000000000       0.284680626711322       0.639365806784989     
   1.56500000000000       0.284955475573919       0.638775392179583     
   1.57000000000000       0.285226959236459       0.638188822063798     
   1.57500000000000       0.285498880950316       0.637606614172756     
   1.58000000000000       0.285768922380866       0.637028389194814     
   1.58500000000000       0.286038393101088       0.636454298871470     
   1.59000000000000       0.286307262149905       0.635884297735486     
   1.59500000000000       0.286574318228882       0.635318175084353     
   1.60000000000000       0.286841212633090       0.634756129985730     
   1.60500000000000       0.287106972432522       0.634197984615295     
   1.61000000000000       0.287371928999808       0.633643749291036     
   1.61500000000000       0.287635969355513       0.633093370991712     
   1.62000000000000       0.287899142417684       0.632546820439865     
   1.62500000000000       0.288161426846652       0.632004058599590     
   1.63000000000000       0.288423244104286       0.631465107764895     
   1.63500000000000       0.288683220696120       0.630929742801372     
   1.64000000000000       0.288943071991587       0.630398168495185     
   1.64500000000000       0.289201798916089       0.629870210759924     
   1.65000000000000       0.289459740584903       0.629345882983112     
   1.65500000000000       0.289716789003198       0.628825136764601     
   1.66000000000000       0.289972978453810       0.628307943587272     
   1.66500000000000       0.290228305620190       0.627794270424829     
   1.67000000000000       0.290482771073391       0.627284084825952     
   1.67500000000000       0.290736380568420       0.626777355666699     
   1.68000000000000       0.290989131506028       0.626274050855517     
   1.68500000000000       0.291241032429371       0.625774140334630     
   1.69000000000000       0.291492079735996       0.625277592638567     
   1.69500000000000       0.291742279385143       0.624784378074445     
   1.70000000000000       0.291991631852258       0.624294466496908     
   1.70500000000000       0.292240140943051       0.623807828645497     
   1.71000000000000       0.292487805744318       0.623324434876245     
   1.71500000000000       0.292734634752505       0.622844257260752     
   1.72000000000000       0.292980622670664       0.622367266135263     
   1.72500000000000       0.293226191267247       0.621893487157990     
   1.73000000000000       0.293469946046507       0.621422711062130     
   1.73500000000000       0.293713629612366       0.620955137965241     
   1.74000000000000       0.293956232040628       0.620490607605666     
   1.74500000000000       0.294198090623879       0.620029136603255     
   1.75000000000000       0.294438556240757       0.619570614115357     
   1.75500000000000       0.294679475626462       0.619115251707804     
   1.76000000000000       0.294918609689208       0.618662733876842     
   1.76500000000000       0.295157245432554       0.618213200530780     
   1.77000000000000       0.295394963326037       0.617766572079444     
   1.77500000000000       0.295631905020508       0.617322841168789     
   1.78000000000000       0.295868024528413       0.616881976764728     
   1.78500000000000       0.296103342291703       0.616443956504021     
   1.79000000000000       0.296337853694829       0.616008755077178     
   1.79500000000000       0.296571562173880       0.615576348366028     
   1.80000000000000       0.296804471746830       0.615146712582951     
   1.80500000000000       0.297036583842466       0.614719823838632     
   1.81000000000000       0.297267899144522       0.614295658323698     
   1.81500000000000       0.297498422910526       0.613874193199946     
   1.82000000000000       0.297728157031420       0.613455405464467     
   1.82500000000000       0.297957102461174       0.613039272296666     
   1.83000000000000       0.298185262441071       0.612625771558934     
   1.83500000000000       0.298412638489099       0.612214881121277     
   1.84000000000000       0.298639234872215       0.611806579530320     
   1.84500000000000       0.298865052110270       0.611400845030491     
   1.85000000000000       0.299090093323365       0.610997656365369     
   1.85500000000000       0.299314361123692       0.610596992347261     
   1.86000000000000       0.299537857961818       0.610198831905237     
   1.86500000000000       0.299760583798708       0.609803153727919     
   1.87000000000000       0.299982545165547       0.609409937560005     
   1.87500000000000       0.300203741535865       0.609019162398473     
   1.88000000000000       0.300424177666801       0.608630808230748     
   1.88500000000000       0.300643852511886       0.608244854612041     
   1.89000000000000       0.300862768971117       0.607861281938476     
   1.89500000000000       0.301080381498632       0.607480006124260     
   1.90000000000000       0.301298532091936       0.607101226136664     
   1.90500000000000       0.301514946259373       0.606724653199168     
   1.91000000000000       0.301730941876018       0.606350424665854     
   1.91500000000000       0.301946084857509       0.605978470504673     
   1.92000000000000       0.302160517221265       0.605608788596948     
   1.92500000000000       0.302374202227779       0.605241355986330     
   1.93000000000000       0.302586591333361       0.604876090093686     
   1.93500000000000       0.302799548188225       0.604513189146059     
   1.94000000000000       0.303010778027353       0.604152367375043     
   1.94500000000000       0.303221606261002       0.603793760858074     
   1.95000000000000       0.303431040309842       0.603437237154737     
   1.95500000000000       0.303641085818478       0.603083009842556     
   1.96000000000000       0.303848845395617       0.602730728613513     
   1.96500000000000       0.304057522689802       0.602380744604686     
   1.97000000000000       0.304264372489055       0.602032726707329     
   1.97500000000000       0.304470874445682       0.601686828253020     
   1.98000000000000       0.304676538506906       0.601342976982030     
   1.98500000000000       0.304881532788544       0.601001175715069     
   1.99000000000000       0.305085803561363       0.600661401678121     
   1.99500000000000       0.305289370753753       0.600323640418701     
   2.00000000000000       0.305491669631834       0.599987811838376     
   2.00500000000000       0.305694577861569       0.599654110022134     
   2.01000000000000       0.305893780508487       0.599322026226505     
   2.01500000000000       0.306097187255599       0.598992445135733     
   2.02000000000000       0.306296396987878       0.598664406233656     
   2.02500000000000       0.306495505331239       0.598338352904349     
   2.03000000000000       0.306694849524060       0.598014307172111     
   2.03500000000000       0.306892625139080       0.597692054995686     
   2.04000000000000       0.307090004865626       0.597371712727012     
   2.04500000000000       0.307286601324480       0.597053223516808     
   2.05000000000000       0.307482548619102       0.596736587838971     
   2.05500000000000       0.307677804122356       0.596421786166353     
   2.06000000000000       0.307872385193810       0.596108805080718     
   2.06500000000000       0.308066287770157       0.595797628595646     
   2.07000000000000       0.308259519169599       0.595488242088757     
   2.07500000000000       0.308452079144517       0.595180630497308     
   2.08000000000000       0.308643971170246       0.594874779897011     
   2.08500000000000       0.308835194948786       0.594570676927386     
   2.09000000000000       0.309025756201471       0.594268309880519     
   2.09500000000000       0.309215653663461       0.593967667087714     
   2.10000000000000       0.309404891535221       0.593668737885510     
   2.10500000000000       0.309593474135756       0.593371511671883     
   2.11000000000000       0.309781397895413       0.593075976409147     
   2.11500000000000       0.309968672271248       0.592782120687507     
   2.12000000000000       0.310155727925704       0.592489975581928     
   2.12500000000000       0.310341107841194       0.592199373734589     
   2.13000000000000       0.310526637124584       0.591910493453556     
   2.13500000000000       0.310711255775698       0.591623206966943     
   2.14000000000000       0.310895320237275       0.591337537552047     
   2.14500000000000       0.311078716218467       0.591053459926841     
   2.15000000000000       0.311261483361400       0.590770966584178     
   2.15500000000000       0.311443038082877       0.590489986600592     
   2.16000000000000       0.311625301128570       0.590210712209761     
   2.16500000000000       0.311805908895634       0.589932888048362     
   2.17000000000000       0.311986230099231       0.589656649353311     
   2.17500000000000       0.312165810844870       0.589381939671601     
   2.18000000000000       0.312344803961420       0.589108764245103     
   2.18500000000000       0.312523164125672       0.588837105718999     
   2.19000000000000       0.312700906406121       0.588566951083575     
   2.19500000000000       0.312878030173587       0.588298284628818     
   2.20000000000000       0.313054537674283       0.588031090642417     
   2.20500000000000       0.313230433973710       0.587765354770912     
   2.21000000000000       0.313405714531126       0.587501063593900     
   2.21500000000000       0.313580388373041       0.587238207998481     
   2.22000000000000       0.313754454657498       0.586976780604433     
   2.22500000000000       0.313927912826288       0.586716776487034     
   2.23000000000000       0.314100770550143       0.586458192805898     
   2.23500000000000       0.314273025253184       0.586201025404654     
   2.24000000000000       0.314444104641656       0.585945210854518     
   2.24500000000000       0.314615936030186       0.585690934971610     
   2.25000000000000       0.314786141318640       0.585437944926733     
   2.25500000000000       0.314956099522696       0.585186364205838     
   2.26000000000000       0.315125352873166       0.584936128410117     
   2.26500000000000       0.315294054420757       0.584687234194782     
   2.27000000000000       0.315462158335126       0.584439659833680     
   2.27500000000000       0.315629679983992       0.584193393255843     
   2.28000000000000       0.315796617066172       0.583948425496591     
   2.28500000000000       0.315962976521819       0.583704753661795     
   2.29000000000000       0.316128754050971       0.583462377930559     
   2.29500000000000       0.316293956296676       0.583221301871341     
   2.30000000000000       0.316458585888232       0.582981528168064     
   2.30500000000000       0.316622638577175       0.582743055472524     
   2.31000000000000       0.316786125500610       0.582505878536762     
   2.31500000000000       0.316949040255475       0.582269983478904     
   2.32000000000000       0.317111392447756       0.582035351833532     
   2.32500000000000       0.317273179194379       0.581801959396334     
   2.33000000000000       0.317434401648998       0.581569781222452     
   2.33500000000000       0.317594482644011       0.581338738884406     
   2.34000000000000       0.317755366353042       0.581109005531120     
   2.34500000000000       0.317914654303793       0.580880339921622     
   2.35000000000000       0.318073733021795       0.580652878928179     
   2.35500000000000       0.318232143988268       0.580426587428721     
   2.36000000000000       0.318390042878367       0.580201494098810     
   2.36500000000000       0.318547379339913       0.579977606933536     
   2.37000000000000       0.318704173050567       0.579754934843423     
   2.37500000000000       0.318860420652325       0.579533474479760     
   2.38000000000000       0.319015541066563       0.579313155004566     
   2.38500000000000       0.319171488367776       0.579094136799262     
   2.39000000000000       0.319325853202459       0.578876153706440     
   2.39500000000000       0.319480027988476       0.578659301858018     
   2.40000000000000       0.319633553833450       0.578443504389128     
   2.40500000000000       0.319786581815131       0.578228753810109     
   2.41000000000000       0.319939065456051       0.578015039277442     
   2.41500000000000       0.320091024413398       0.577802372973591     
   2.42000000000000       0.320242453254937       0.577590778675049     
   2.42500000000000       0.320393356100687       0.577380288774502     
   2.43000000000000       0.320543735160811       0.577170934480003     
   2.43500000000000       0.320693591578056       0.576962736530716     
   2.44000000000000       0.320842924497141       0.576755697404487     
   2.44500000000000       0.320991742891973       0.576549798435136     
   2.45000000000000       0.321137945348120       0.576344794132865     
   2.45500000000000       0.321288415021238       0.576141287046641     
   2.46000000000000       0.321434826686731       0.575938431377609     
   2.46500000000000       0.321581898088990       0.575736615431169     
   2.47000000000000       0.321728061228439       0.575535658603605     
   2.47500000000000       0.321873847073398       0.575335604640249     
   2.48000000000000       0.322019078689984       0.575136461410409     
   2.48500000000000       0.322164271210586       0.574938325741312     
   2.49000000000000       0.322307885756485       0.574741121371304     
   2.49500000000000       0.322451828089517       0.574545087523547     
   2.50000000000000       0.322595445391404       0.574350207377068     
   2.52500000000000       0.323326976226749       0.573394131095212     
   2.55000000000000       0.324022725908215       0.572460692890919     
   2.57500000000000       0.324705383771918       0.571549450354535     
   2.60000000000000       0.325376033064928       0.570660795569369     
   2.62500000000000       0.326034982759204       0.569793676557488     
   2.65000000000000       0.326682577262992       0.568947053966953     
   2.67500000000000       0.327319047121891       0.568120564759956     
   2.70000000000000       0.327945061191913       0.567313775911347     
   2.72500000000000       0.328559317097076       0.566525848387852     
   2.75000000000000       0.329163902834120       0.565756356867743     
   2.77500000000000       0.329758327257461       0.565004775018362     
   2.80000000000000       0.330341642534676       0.564270504778923     
   2.82500000000000       0.330915797795715       0.563553162112602     
   2.85000000000000       0.331479890480337       0.562852185220716     
   2.87500000000000       0.332034449888342       0.562167157872793     
   2.90000000000000       0.332579525121618       0.561497619520907     
   2.92500000000000       0.333115320383429       0.560843139660119     
   2.95000000000000       0.333641985749524       0.560203307705345     
   2.97500000000000       0.334159682081802       0.559577725925498     
   3.00000000000000       0.334668563112641       0.558966006121326     
   3.02500000000000       0.335168785386365       0.558367775633167     
   3.05000000000000       0.335660496998270       0.557782675121017     
   3.07500000000000       0.336143846896654       0.557210356401007     
   3.10000000000000       0.336618979749734       0.556650482291483     
   3.12500000000000       0.337086036006184       0.556102727147913     
   3.15000000000000       0.337545159842112       0.555566776495972     
   3.17500000000000       0.337996486875663       0.555042325228343     
   3.20000000000000       0.338440151465816       0.554529078166328     
   3.22500000000000       0.338876284689808       0.554026749560619     
   3.25000000000000       0.339305023170366       0.553535063307772     
   3.27500000000000       0.339726489379028       0.553053750939824     
   3.30000000000000       0.340140809020370       0.552582552824551     
   3.32500000000000       0.340548111271490       0.552121217831162     
   3.35000000000000       0.340948511090077       0.551669501535676     
   3.37500000000000       0.341342132260673       0.551227167846452     
   3.40000000000000       0.341729086476550       0.550793986994408     
   3.42500000000000       0.342109495991958       0.550369737161334     
   3.45000000000000       0.342483469045317       0.549954202128355     
   3.47500000000000       0.342851115394453       0.549547172424431     
   3.50000000000000       0.343212548804055       0.549148445134581     
   3.52500000000000       0.343567870253624       0.548757822474812     
   3.55000000000000       0.343917189554085       0.548375113192054     
   3.57500000000000       0.344260608863846       0.548000131141751     
   3.60000000000000       0.344597601734641       0.547632650561910     
   3.62500000000000       0.344930363132892       0.547272647391369     
   3.65000000000000       0.345256399229153       0.546919761972816     
   3.67500000000000       0.345577306946415       0.546573938312624     
   3.70000000000000       0.345892676957457       0.546234978393178     
   3.72500000000000       0.346202772148228       0.545902737798687     
   3.75000000000000       0.346507625502899       0.545577059858588     
   3.77500000000000       0.346807345875801       0.545257797640845     
   3.80000000000000       0.347099629269043       0.544944590752788     
   3.82500000000000       0.347392319479833       0.544637938460224     
   3.85000000000000       0.347676256113526       0.544337007202693     
   3.87500000000000       0.347956639981715       0.544042026660682     
   3.90000000000000       0.348231869745313       0.543752746685275     
   3.92500000000000       0.348502601564534       0.543469081982886     
   3.95000000000000       0.348768096618501       0.543190853215226     
   3.97500000000000       0.349030606258383       0.542918091658146     
   4.00000000000000       0.349287575214495       0.542650496735740     
   4.02500000000000       0.349540601094470       0.542388062060538     
   4.05000000000000       0.349789245509378       0.542130641176236     
   4.07500000000000       0.350033752382282       0.541878138397097     
   4.10000000000000       0.350274135540914       0.541630444714983     
   4.12500000000000       0.350510488408153       0.541387459449623     
   4.15000000000000       0.350742862626492       0.541149081599055     
   4.17500000000000       0.350971340368111       0.540915214927081     
   4.20000000000000       0.351195978589713       0.540685763861815     
   4.22500000000000       0.351416844873486       0.540460636036474     
   4.25000000000000       0.351634003535883       0.540239741199180     
   4.27500000000000       0.351847519968175       0.540022991414001     
   4.30000000000000       0.352057450030357       0.539810300352365     
   4.32500000000000       0.352264333379695       0.539601610488324     
   4.35000000000000       0.352466620556176       0.539396742239595     
   4.37500000000000       0.352666872184403       0.539195774619429     
   4.40000000000000       0.352862338593403       0.538998450366237     
   4.42500000000000       0.353055505342406       0.538804852930975     
   4.45000000000000       0.353245099318796       0.538614817539910     
   4.47500000000000       0.353431621238109       0.538428301609526     
   4.50000000000000       0.353614980818691       0.538245224502843     
   4.52500000000000       0.353795276671619       0.538065519986738     
   4.55000000000000       0.353972545970091       0.537889119410703     
   4.57500000000000       0.354146846691289       0.537715957127018     
   4.60000000000000       0.354318225512249       0.537545968309109     
   4.62500000000000       0.354486732405949       0.537379089854411     
   4.65000000000000       0.354652418618780       0.537215260293443     
   4.67500000000000       0.354814683984275       0.537054377310420     
   4.70000000000000       0.354975726496346       0.536896522850421     
   4.72500000000000       0.355132291289056       0.536741422154519     
   4.75000000000000       0.355288110595773       0.536589261335247     
   4.77500000000000       0.355440055010803       0.536439776050634     
   4.80000000000000       0.355589880297094       0.536293025757443     
   4.82500000000000       0.355737053457012       0.536148919741247     
   4.85000000000000       0.355881811532843       0.536007419352300     
   4.87500000000000       0.356024131010190       0.535868469914662     
   4.90000000000000       0.356164073871083       0.535732023551241     
   4.92500000000000       0.356301671167939       0.535598031420595     
   4.95000000000000       0.356436967936276       0.535466446731732     
   4.97500000000000       0.356569999041055       0.535337223046963     
   5.00000000000000       0.356700803183502       0.535210315270917     
   5.02500000000000       0.356829418479159       0.535085679188101     
   5.05000000000000       0.356955883554099       0.534963271716981     
   5.07500000000000       0.357080229210066       0.534843050095038     
   5.10000000000000       0.357202496016991       0.534724973277457     
   5.12500000000000       0.357322717394645       0.534609000511075     
   5.15000000000000       0.357440927728520       0.534495092131328     
   5.17500000000000       0.357554707448528       0.534383007615961     
   5.20000000000000       0.357672062419534       0.534273305571692     
   5.22500000000000       0.357784005123092       0.534165324536490     
   5.25000000000000       0.357894192461850       0.534059271509801     
   5.27500000000000       0.358002989110467       0.533955126639633     
   5.30000000000000       0.358109794906225       0.533852813493789     
   5.32500000000000       0.358214209645446       0.533752270999151     
   5.35000000000000       0.358317717308013       0.533653558168238     
   5.37500000000000       0.358419858181021       0.533556609380375     
   5.40000000000000       0.358517064989493       0.533461119932671     
   5.42500000000000       0.358618394198315       0.533367717785194     
   5.45000000000000       0.358714000084948       0.533275704463548     
   5.47500000000000       0.358809300798754       0.533185392886110     
   5.50000000000000       0.358902548410117       0.533096638769952     
   5.52500000000000       0.358994377962945       0.533009451830937     
   5.55000000000000       0.359084616130581       0.532923790650100     
   5.57500000000000       0.359173361178291       0.532839631916476     
   5.60000000000000       0.359260608641403       0.532756946226495     
   5.62500000000000       0.359346400909857       0.532675707910502     
   5.65000000000000       0.359430754553495       0.532595890087527     
   5.67500000000000       0.359513697589300       0.532517467173212     
   5.70000000000000       0.359595253066324       0.532440413858554     
   5.72500000000000       0.359675439205632       0.532364704931844     
   5.75000000000000       0.359754286713994       0.532290316636314     
   5.77500000000000       0.359831811933460       0.532217224689934     
   5.80000000000000       0.359908041873416       0.532145406016737     
   5.82500000000000       0.359982994947611       0.532074837466853     
   5.85000000000000       0.360056038294826       0.532005456163684     
   5.87500000000000       0.360129376530183       0.531937376265094     
   5.90000000000000       0.360200334812775       0.531870406463244     
   5.92500000000000       0.360270488517651       0.531804623940199     
   5.95000000000000       0.360339340782549       0.531739975224353     
   5.97500000000000       0.360407078828727       0.531676450482884     
   6.00000000000000       0.360473674822207       0.531614026758454     
   6.02500000000000       0.360539154915360       0.531552684817238     
   6.05000000000000       0.360603538714210       0.531492405473674     
   6.07500000000000       0.360666844069729       0.531433169784437     
   6.10000000000000       0.360729088740956       0.531374959189820     
   6.12500000000000       0.360790289885098       0.531317755471733     
   6.15000000000000       0.360850466976373       0.531261540869946     
   6.17500000000000       0.360909633846060       0.531206297692623     
   6.20000000000000       0.360968294609956       0.531152033360313     
   6.22500000000000       0.361024822697833       0.531098639140585     
   6.25000000000000       0.361081304554707       0.531046223622660     
   6.27500000000000       0.361136532224993       0.530994693386568     
   6.30000000000000       0.361190929539295       0.530944057974684     
   6.32500000000000       0.361244867731914       0.530894318035658     
   6.35000000000000       0.361296760977085       0.530845369266983     
   6.37500000000000       0.361348683423275       0.530797320716876     
   6.40000000000000       0.361399425448960       0.530750080512291     
   6.42500000000000       0.361449414946097       0.530703659993852     
   6.45000000000000       0.361498532667477       0.530658036555286     
   6.47500000000000       0.361546836073463       0.530613198859862     
   6.50000000000000       0.361594322555916       0.530569132200221     
   6.52500000000000       0.361641012902320       0.530525823538434     
   6.55000000000000       0.361686921847605       0.530483259781243     
   6.57500000000000       0.361732057696610       0.530441427593144     
   6.60000000000000       0.361776919885408       0.530400338588124     
   6.62500000000000       0.361819875785938       0.530359889028596     
   6.65000000000000       0.361863015559774       0.530320191285518     
   6.67500000000000       0.361905118250106       0.530281156052159     
   6.70000000000000       0.361947103891702       0.530242822001885     
   6.72500000000000       0.361987191583855       0.530205077186211     
   6.75000000000000       0.362027523494725       0.530168037948313     
   6.77500000000000       0.362066859228892       0.530131614731972     
   6.80000000000000       0.362105636751059       0.530095823119053     
   6.82500000000000       0.362143727573700       0.530060643508911     
   6.85000000000000       0.362181186354229       0.530026068017997     
   6.87500000000000       0.362218010652269       0.529992085420158     
   6.90000000000000       0.362254214537409       0.529958685679823     
   6.92500000000000       0.362289811798910       0.529925858976029     
   6.95000000000000       0.362324806293028       0.529893595033857     
   6.97500000000000       0.362359699457504       0.529861908674469     
   7.00000000000000       0.362392847562754       0.529830699094165     
   7.02500000000000       0.362426343973858       0.529800081337172     
   7.05000000000000       0.362458964324023       0.529769969333905     
   7.07500000000000       0.362491137459274       0.529740380009735     
   7.10000000000000       0.362522729379267       0.529711295572107     
   7.12500000000000       0.362553801443659       0.529682710587609     
   7.15000000000000       0.362584343575863       0.529654615298236     
   7.17500000000000       0.362613715071213       0.529626962193127     
   7.20000000000000       0.362644115753606       0.529599876507489     
   7.22500000000000       0.362672840620478       0.529573183297166     
   7.25000000000000       0.362701468970356       0.529546971721211     
   7.27500000000000       0.362729482879829       0.529521201499117     
   7.30000000000000       0.362757068912437       0.529495875959426     
   7.32500000000000       0.362784172656167       0.529470983712817     
   7.35000000000000       0.362810824205307       0.529446518718841     
   7.37500000000000       0.362837018837205       0.529422472938943     
   7.40000000000000       0.362862773465321       0.529398839774808     
   7.42500000000000       0.362888090569461       0.529375611931284     
   7.45000000000000       0.362912978468945       0.529352782534591     
   7.47500000000000       0.362937447708300       0.529330345044177     
   7.50000000000000       0.362961498278597       0.529308292296715     
   7.52500000000000       0.362985142550280       0.529286618153562     
   7.55000000000000       0.363008385140319       0.529265315990918     
   7.57500000000000       0.363031233329772       0.529244379538742     
   7.60000000000000       0.363053695288466       0.529223802698369     
   7.62500000000000       0.363075772075428       0.529203578985893     
   7.65000000000000       0.363097476985599       0.529183702891708     
   7.67500000000000       0.363118809030100       0.529164168004395     
   7.70000000000000       0.363139782197728       0.529144969094630     
   7.72500000000000       0.363160396038828       0.529126099993011     
   7.75000000000000       0.363180000973852       0.529107515873665     
   7.77500000000000       0.363200799055095       0.529089344302803     
   7.80000000000000       0.363220085640591       0.529071414135040     
   7.82500000000000       0.363239424531110       0.529053815843674     
   7.85000000000000       0.363258308229453       0.529036512731899     
   7.87500000000000       0.363277401137534       0.529019534243947     
   7.90000000000000       0.363294997377603       0.529002781352640     
   7.92500000000000       0.363313202885642       0.528986373442315     
   7.95000000000000       0.363330787800905       0.528970229400511     
   7.97500000000000       0.363348171020802       0.528954369733387     
   8.00000000000000       0.363364565538453       0.528938742186297     
   8.02500000000000       0.363382217148224       0.528923477667608     
   8.05000000000000       0.363398400504953       0.528908404961764     
   8.07500000000000       0.363414695500295       0.528893616318602     
   8.10000000000000       0.363430580831713       0.528879075058119     
   8.12500000000000       0.363445581288853       0.528864748560918     
   8.15000000000000       0.363461177720290       0.528850722167822     
   8.17500000000000       0.363476876878828       0.528836960016272     
   8.20000000000000       0.363491533093473       0.528823388511940     
   8.22500000000000       0.363506193904617       0.528810067575462     
   8.25000000000000       0.363520518903403       0.528796972236571     
   8.27500000000000       0.363533967223561       0.528784066169096     
   8.30000000000000       0.363548703646395       0.528771476062806     
   8.32500000000000       0.363562024545874       0.528759033051973     
   8.35000000000000       0.363575506477921       0.528746829920882     
   8.37500000000000       0.363589110269289       0.528734854454748     
   8.40000000000000       0.363601371487658       0.528723024337824     
   8.42500000000000       0.363614309413509       0.528711454768738     
   8.45000000000000       0.363626718317972       0.528700067839220     
   8.47500000000000       0.363639011566426       0.528688885188539     
   8.50000000000000       0.363651058511707       0.528677895255041     
   8.52500000000000       0.363662903934317       0.528667097254746     
   8.55000000000000       0.363674544276252       0.528656487581352     
   8.57500000000000       0.363685982090510       0.528646063004825     
   8.60000000000000       0.363697219159508       0.528635820294616     
   8.62500000000000       0.363708261846254       0.528625756626638     
   8.65000000000000       0.363719110516191       0.528615868805722     
   8.67500000000000       0.363729771732309       0.528606154093525     
   8.70000000000000       0.363740245570730       0.528596609382125     
   8.72500000000000       0.363750537243263       0.528587231995321     
   8.75000000000000       0.363760648446408       0.528578019014298     
   8.77500000000000       0.363770586299358       0.528568967957035     
   8.80000000000000       0.363780345550184       0.528560075588594     
   8.82500000000000       0.363789935608903       0.528551339670861     
   8.85000000000000       0.363799357098148       0.528542757452032     
   8.87500000000000       0.363808613763675       0.528534326408792     
   8.90000000000000       0.363817706954128       0.528526043914414     
   8.92500000000000       0.363826641875921       0.528517907672198     
   8.95000000000000       0.363835418149724       0.528509915013535     
   8.97500000000000       0.363844040405259       0.528502063678784     
   9.00000000000000       0.363852999420671       0.528494375245508     
   9.02500000000000       0.363861126417325       0.528486781003730     
   9.05000000000000       0.363868863313888       0.528479311958970     
   9.07500000000000       0.363877060307881       0.528472012567034     
   9.10000000000000       0.363884900631748       0.528464830081962     
   9.12500000000000       0.363892010458811       0.528457740281713     
   9.15000000000000       0.363900497928745       0.528450867682077     
   9.17500000000000       0.363907677617078       0.528444046844137     
   9.20000000000000       0.363915117675555       0.528437371441228     
   9.22500000000000       0.363922292954919       0.528430807191172     
   9.25000000000000       0.363929383309178       0.528424362994941     
   9.27500000000000       0.363936334516349       0.528418033466474     
   9.30000000000000       0.363943162627057       0.528411817478288     
   9.32500000000000       0.363949870350852       0.528405713237158     
   9.35000000000000       0.363956456239807       0.528399718625863     
   9.37500000000000       0.363962924294812       0.528393831973294     
   9.40000000000000       0.363969273872339       0.528388051263806     
   9.42500000000000       0.363975509284113       0.528382374942923     
   9.45000000000000       0.363981635502084       0.528376801418549     
   9.47500000000000       0.363987648504340       0.528371328627738     
   9.50000000000000       0.363993551740710       0.528365954983303     
   9.52500000000000       0.363999348875256       0.528360678948133     
   9.55000000000000       0.364005039842655       0.528355498794966     
   9.57500000000000       0.364010628298683       0.528350413012481     
   9.60000000000000       0.364015454937355       0.528345380757699     
   9.62500000000000       0.364021064050469       0.528340493654573     
   9.65000000000000       0.364026939139146       0.528335717478550     
   9.67500000000000       0.364031928014744       0.528330981226614     
   9.70000000000000       0.364037089460864       0.528326348050734     
   9.72500000000000       0.364042065771946       0.528321794566795     
   9.75000000000000       0.364046983328689       0.528317326965403     
   9.77500000000000       0.364051798458915       0.528312941132104     
   9.80000000000000       0.364056527291374       0.528308636535951     
   9.82500000000000       0.364061171304515       0.528304411860512     
   9.85000000000000       0.364065723301749       0.528300265243224     
   9.87500000000000       0.364070194908998       0.528296196008720     
   9.90000000000000       0.364074580930437       0.528292202448917     
   9.92500000000000       0.364078886941434       0.528288283580576     
   9.95000000000000       0.364083112318962       0.528284438057384     
   9.97500000000000       0.364087256476334       0.528280664474610     
   10.0000000000000       0.364091323875699       0.528276961903481     
   10.0250000000000       0.364095316201925       0.528273329124954     
   10.0500000000000       0.364099227771752       0.528269764592675     
   10.0750000000000       0.364103068771218       0.528266267699792     
   10.1000000000000       0.364106835901671       0.528262837056269     
   10.1250000000000       0.364110534187901       0.528259471789707     
   10.1500000000000       0.364114157807102       0.528256170373037     
   10.1750000000000       0.364117054400788       0.528252892914960     
   10.2000000000000       0.364121423686431       0.528249770481792     
   10.2250000000000       0.364124550051037       0.528246637295374     
   10.2500000000000       0.364128000657776       0.528243587817465     
   10.2750000000000       0.364131259094463       0.528240589542843     
   10.3000000000000       0.364134494310373       0.528237651705979     
   10.3250000000000       0.364137654951325       0.528234770179346     
   10.3500000000000       0.364140754746024       0.528231944746346     
   10.3750000000000       0.364143797873129       0.528229174748700     
   10.4000000000000       0.364146775717069       0.528226458568713     
   10.4250000000000       0.364149699010953       0.528223795995443     
   10.4500000000000       0.364152562425058       0.528221185719876     
   10.4750000000000       0.364155370483322       0.528218627096305     
   10.5000000000000       0.364158124052187       0.528216119257116     
   10.5250000000000       0.364160818897990       0.528213661032814     
   10.5500000000000       0.364163461849002       0.528211252001308     
   10.5750000000000       0.364166540097917       0.528208915039971     
   10.6000000000000       0.364168397585117       0.528206559509037     
   10.6250000000000       0.364171126006411       0.528204307327828     
   10.6500000000000       0.364173490002327       0.528202081987365     
   10.6750000000000       0.364175900632304       0.528199907620015     
   10.7000000000000       0.364178232967384       0.528197775857472     
   10.7250000000000       0.364180525248738       0.528195688174367     
   10.7500000000000       0.364182767347281       0.528193643203933     
   10.7750000000000       0.364184963480564       0.528191640446026     
   10.8000000000000       0.364187112964060       0.528189679101253     
   10.8250000000000       0.364189216178621       0.528187758429177     
   10.8500000000000       0.364191277674456       0.528185878052903     
   10.8750000000000       0.364193294123891       0.528184037007741     
   10.9000000000000       0.364195266907551       0.528182234703307     
   10.9250000000000       0.364196540563646       0.528180431532447     
   10.9500000000000       0.364198654201397       0.528178719676896     
   10.9750000000000       0.364201579956989       0.528177089739941     
   11.0000000000000       0.364202511365252       0.528175382177755     
   11.0250000000000       0.364204589381998       0.528173783010948     
   11.0500000000000       0.364206226582444       0.528172194532927     
   11.0750000000000       0.364207952716273       0.528170648333728     
   11.1000000000000       0.364209600548238       0.528169133577850     
   11.1250000000000       0.364211224025978       0.528167652966554     
   11.1500000000000       0.364212147132303       0.528166165702377     
   11.1750000000000       0.364214580271820       0.528164803933442     
   11.2000000000000       0.364215794371145       0.528163401723408     
   11.2250000000000       0.364217373191546       0.528162055006645     
   11.2500000000000       0.364218122709970       0.528160691506114     
   11.2750000000000       0.364220429321176       0.528159454171673     
   11.3000000000000       0.364221506940704       0.528158173578365     
   11.3250000000000       0.364222951562210       0.528156946454057     
   11.3500000000000       0.364224233973156       0.528155740120759     
   11.3750000000000       0.364225525463577       0.528154564400996     
   11.4000000000000       0.364226774686471       0.528153415788702     
   11.4250000000000       0.364227999166262       0.528152294788058     
   11.4500000000000       0.364228531903610       0.528151161303970     
   11.4750000000000       0.364230578280607       0.528150147292920     
   11.5000000000000       0.364231418504471       0.528149087443178     
   11.5250000000000       0.364232622018414       0.528148076959990     
   11.5500000000000       0.364233668236955       0.528147083668282     
   11.5750000000000       0.364234730878131       0.528146117770508     
   11.6000000000000       0.364235753820745       0.528145175342627     
   11.6250000000000       0.364236751321598       0.528144256852920     
   11.6500000000000       0.364237726101238       0.528143362080856     
   11.6750000000000       0.364239160911414       0.528142514042281     
   11.7000000000000       0.364239406239605       0.528141623018453     
   11.7250000000000       0.364240543868476       0.528140810692424     
   11.7500000000000       0.364241345630593       0.528140001469997     
   11.7750000000000       0.364242223966768       0.528139220006329     
   11.8000000000000       0.364243043265586       0.528138457618028     
   11.8250000000000       0.364243850426264       0.528137716803867     
   11.8500000000000       0.364244629356681       0.528136996179792     
   11.8750000000000       0.364245390126784       0.528136296048647     
   11.9000000000000       0.364246125648138       0.528135615542134     
   11.9250000000000       0.364246842527008       0.528134954778348     
   11.9500000000000       0.364246874984314       0.528134273848070     
   11.9750000000000       0.364248432269047       0.528133705045037     
   12.0000000000000       0.364248787062638       0.528133082747029     
   12.0250000000000       0.364249518655706       0.528132502919322     
   12.0500000000000       0.364250095028662       0.528131932778349     
   12.0750000000000       0.364250700872444       0.528131383331932     
   12.1000000000000       0.364251268932068       0.528130850122303     
   12.1250000000000       0.364251824898816       0.528130334429316     
   12.1500000000000       0.364252360471653       0.528129835441939     
   12.1750000000000       0.364252878768348       0.528129353041617     
   12.2000000000000       0.364253377443014       0.528128886797741     
   12.2250000000000       0.364253861236399       0.528128436727276     
   12.2500000000000       0.364254323349471       0.528128002110503     
   12.2750000000000       0.364254113177971       0.528127544059856     
   12.3000000000000       0.364255425689548       0.528127194085635     
   12.3250000000000       0.364255545309313       0.528126787335420     
   12.3500000000000       0.364256040067049       0.528126419131406     
   12.3750000000000       0.364256389613414       0.528126057514464     
   12.4000000000000       0.364256765525836       0.528125712684690     
   12.4250000000000       0.364257113411455       0.528125381070904     
   12.4500000000000       0.364257449286195       0.528125063415134     
   12.4750000000000       0.364257772618996       0.528124759468726     
   12.5000000000000       0.364258076355979       0.528124468485742     
