  5.000000000000000E-003  0.158700562070015     
  1.000000000000000E-002  0.157697290858955     
  1.500000000000000E-002  0.156948225837380     
  2.000000000000000E-002  0.156378751082630     
  2.500000000000000E-002  0.155937337579504     
  3.000000000000000E-002  0.155588178614735     
  3.500000000000000E-002  0.155306200022128     
  4.000000000000000E-002  0.155073693623023     
  4.500000000000000E-002  0.154878042937052     
  5.000000000000000E-002  0.154710179531691     
  5.500000000000000E-002  0.154563528350302     
  6.000000000000000E-002  0.154433281615310     
  6.500000000000000E-002  0.154315894947685     
  7.000000000000001E-002  0.154208734737933     
  7.500000000000000E-002  0.154109829722503     
  8.000000000000000E-002  0.154017693919932     
  8.500000000000001E-002  0.153931199958752     
  9.000000000000000E-002  0.153849487842955     
  9.500000000000000E-002  0.153771898257408     
  0.100000000000000       0.153697923890820     
  0.105000000000000       0.153627173415152     
  0.110000000000000       0.153559344759271     
  0.115000000000000       0.153494205046594     
  0.120000000000000       0.153431575488120     
  0.125000000000000       0.153371319851654     
  0.130000000000000       0.153313335653555     
  0.135000000000000       0.153257547331927     
  0.140000000000000       0.153203900918337     
  0.145000000000000       0.153152359847586     
  0.150000000000000       0.153102901636339     
  0.155000000000000       0.153055515206330     
  0.160000000000000       0.153010198717051     
  0.165000000000000       0.152966957811444     
  0.170000000000000       0.152925804142186     
  0.175000000000000       0.152886754165064     
  0.180000000000000       0.152849828111838     
  0.185000000000000       0.152815049142465     
  0.190000000000000       0.152782442583728     
  0.195000000000000       0.152752035332746     
  0.200000000000000       0.152723855289668     
  0.205000000000000       0.152697930953530     
  0.210000000000000       0.152674290754527     
  0.215000000000000       0.152652963256258     
  0.220000000000000       0.152633976237913     
  0.225000000000000       0.152617356834878     
  0.230000000000000       0.152603131146236     
  0.235000000000000       0.152591324095904     
  0.240000000000000       0.152581959254873     
  0.245000000000000       0.152575058705624     
  0.250000000000000       0.152570642928774     
  0.255000000000000       0.152568730762602     
  0.260000000000000       0.152569339058768     
  0.265000000000000       0.152572483175763     
  0.270000000000000       0.152578176338492     
  0.275000000000000       0.152586429926159     
  0.280000000000000       0.152597253513233     
  0.285000000000000       0.152610654681396     
  0.290000000000000       0.152626638995840     
  0.295000000000000       0.152645210171273     
  0.300000000000000       0.152666370092918     
  0.305000000000000       0.152690118854385     
  0.310000000000000       0.152716454553204     
  0.315000000000000       0.152745373572563     
  0.320000000000000       0.152776870414233     
  0.325000000000000       0.152810938177062     
  0.330000000000000       0.152847568114977     
  0.335000000000000       0.152886749792137     
  0.340000000000000       0.152928471523344     
  0.345000000000000       0.152972719941691     
  0.350000000000000       0.153019480117146     
  0.355000000000000       0.153068736177338     
  0.360000000000000       0.153120470624089     
  0.365000000000000       0.153174664744000     
  0.370000000000000       0.153231298706184     
  0.375000000000000       0.153290351524417     
  0.380000000000000       0.153351801166680     
  0.385000000000000       0.153415624630199     
  0.390000000000000       0.153481797777464     
  0.395000000000000       0.153550295888795     
  0.400000000000000       0.153621093162468     
  0.405000000000000       0.153694163135327     
  0.410000000000000       0.153769478576138     
  0.415000000000000       0.153847011600348     
  0.420000000000000       0.153926733698120     
  0.425000000000000       0.154008615785291     
  0.430000000000000       0.154092628264386     
  0.435000000000000       0.154178741048863     
  0.440000000000000       0.154266923637244     
  0.445000000000000       0.154357145129061     
  0.450000000000000       0.154449374282207     
  0.455000000000000       0.154543579551293     
  0.460000000000000       0.154639729125176     
  0.465000000000000       0.154737790961314     
  0.470000000000000       0.154837732828285     
  0.475000000000000       0.154939522335548     
  0.480000000000000       0.155043126960411     
  0.485000000000000       0.155148514097630     
  0.490000000000000       0.155255651067234     
  0.495000000000000       0.155364505156872     
  0.500000000000000       0.155475043645329     
  0.505000000000000       0.155587233827555     
  0.510000000000000       0.155701043042538     
  0.515000000000000       0.155816438685823     
  0.520000000000000       0.155933388248357     
  0.525000000000000       0.156051859321359     
  0.530000000000000       0.156171819628361     
  0.535000000000000       0.156293237031560     
  0.540000000000000       0.156416079561330     
  0.545000000000000       0.156540315424521     
  0.550000000000000       0.156665913020643     
  0.555000000000000       0.156792840959192     
  0.560000000000000       0.156921068031533     
  0.565000000000000       0.157050563374401     
  0.570000000000000       0.157181296273228     
  0.575000000000000       0.157313236300070     
  0.580000000000000       0.157446353333433     
  0.585000000000000       0.157580617372992     
  0.590000000000000       0.157715998920618     
  0.595000000000000       0.157852468671615     
  0.600000000000000       0.157989997561906     
  0.605000000000000       0.158128556916190     
  0.610000000000000       0.158268118343840     
  0.615000000000000       0.158408653782381     
  0.620000000000000       0.158550135485849     
  0.625000000000000       0.158692536045514     
  0.630000000000000       0.158835828369948     
  0.635000000000000       0.158979985716620     
  0.640000000000000       0.159124981675925     
  0.645000000000000       0.159270790228530     
  0.650000000000000       0.159417385542381     
  0.655000000000000       0.159564742265575     
  0.660000000000000       0.159712835433416     
  0.665000000000000       0.159861640308311     
  0.670000000000000       0.160011132565275     
  0.675000000000000       0.160161288207785     
  0.680000000000000       0.160312083595932     
  0.685000000000000       0.160463495435109     
  0.690000000000000       0.160615500781038     
  0.695000000000000       0.160768077033361     
  0.700000000000000       0.160921201942977     
  0.705000000000000       0.161074853566902     
  0.710000000000000       0.161229010400024     
  0.715000000000000       0.161383651239755     
  0.720000000000000       0.161538755144336     
  0.725000000000000       0.161694301596922     
  0.730000000000000       0.161850270389804     
  0.735000000000000       0.162006641658218     
  0.740000000000000       0.162163395833522     
  0.745000000000000       0.162320513335628     
  0.750000000000000       0.162477976349456     
  0.755000000000000       0.162635765603815     
  0.760000000000000       0.162793862858928     
  0.765000000000000       0.162952250249552     
  0.770000000000000       0.163110910191137     
  0.775000000000000       0.163269825408363     
  0.780000000000000       0.163428978938384     
  0.785000000000000       0.163588354122270     
  0.790000000000000       0.163747934599551     
  0.795000000000000       0.163907704316489     
  0.800000000000000       0.164067647552451     
  0.805000000000000       0.164227748711895     
  0.810000000000000       0.164387992773701     
  0.815000000000000       0.164548364768737     
  0.820000000000000       0.164708850124989     
  0.825000000000000       0.164869434508651     
  0.830000000000000       0.165030103881394     
  0.835000000000000       0.165190844470881     
  0.840000000000000       0.165351642778048     
  0.845000000000000       0.165512485570702     
  0.850000000000000       0.165673359878251     
  0.855000000000000       0.165834252993824     
  0.860000000000000       0.165995152465210     
  0.865000000000000       0.166156046092782     
  0.870000000000000       0.166316921925525     
  0.875000000000000       0.166477768260500     
  0.880000000000000       0.166638573634855     
  0.885000000000000       0.166799326828879     
  0.890000000000000       0.166960016854262     
  0.895000000000000       0.167120632997903     
  0.900000000000000       0.167281164605255     
  0.905000000000000       0.167441601524073     
  0.910000000000000       0.167601933601474     
  0.915000000000000       0.167762150998061     
  0.920000000000000       0.167922244067554     
  0.925000000000000       0.168082203374245     
  0.930000000000000       0.168242019741915     
  0.935000000000000       0.168401684017410     
  0.940000000000000       0.168561187580118     
  0.945000000000000       0.168720521602290     
  0.950000000000000       0.168879677840956     
  0.955000000000000       0.169038647985823     
  0.960000000000000       0.169197424020679     
  0.965000000000000       0.169355998088260     
  0.970000000000000       0.169514362565793     
  0.975000000000000       0.169672509834201     
  0.980000000000000       0.169830432735711     
  0.985000000000000       0.169988124059656     
  0.990000000000000       0.170145576865191     
  0.995000000000000       0.170302784352515     
   1.00000000000000       0.170459739899750     
   1.00500000000000       0.170616437036332     
   1.01000000000000       0.170772869461935     
   1.01500000000000       0.170929031069392     
   1.02000000000000       0.171084915741258     
   1.02500000000000       0.171240517786034     
   1.03000000000000       0.171395831438284     
   1.03500000000000       0.171550851179992     
   1.04000000000000       0.171705571605244     
   1.04500000000000       0.171859987463497     
   1.05000000000000       0.172014093633593     
   1.05500000000000       0.172167885139758     
   1.06000000000000       0.172321357178155     
   1.06500000000000       0.172474504905617     
   1.07000000000000       0.172627323891144     
   1.07500000000000       0.172779809600474     
   1.08000000000000       0.172931957713024     
   1.08500000000000       0.173083764079328     
   1.09000000000000       0.173235224509740     
   1.09500000000000       0.173386335130393     
   1.10000000000000       0.173537092027821     
   1.10500000000000       0.173687491489128     
   1.11000000000000       0.173837529881935     
   1.11500000000000       0.173987203692426     
   1.12000000000000       0.174136509511991     
   1.12500000000000       0.174285444037335     
   1.13000000000000       0.174434004073634     
   1.13500000000000       0.174582186522844     
   1.14000000000000       0.174729988381515     
   1.14500000000000       0.174877406761749     
   1.15000000000000       0.175024438851555     
   1.15500000000000       0.175171081951321     
   1.16000000000000       0.175317333438110     
   1.16500000000000       0.175463190792312     
   1.17000000000000       0.175608651574854     
   1.17500000000000       0.175753713437038     
   1.18000000000000       0.175898374116333     
   1.18500000000000       0.176042631435092     
   1.19000000000000       0.176186483294788     
   1.19500000000000       0.176329927678544     
   1.20000000000000       0.176472962651375     
   1.20500000000000       0.176615586351023     
   1.21000000000000       0.176757797000747     
   1.21500000000000       0.176899592875292     
   1.22000000000000       0.177040972356944     
   1.22500000000000       0.177181933906618     
   1.23000000000000       0.177322475909576     
   1.23500000000000       0.177462597085704     
   1.24000000000000       0.177602296036030     
   1.24500000000000       0.177741571365832     
   1.25000000000000       0.177880422029514     
   1.25500000000000       0.178018846649159     
   1.26000000000000       0.178156844309125     
   1.26500000000000       0.178294413868559     
   1.27000000000000       0.178431554373473     
   1.27500000000000       0.178568264890103     
   1.28000000000000       0.178704544595416     
   1.28500000000000       0.178840392541251     
   1.29000000000000       0.178975808132348     
   1.29500000000000       0.179110790566911     
   1.30000000000000       0.179245339240279     
   1.30500000000000       0.179379453522115     
   1.31000000000000       0.179513132879389     
   1.31500000000000       0.179646376800572     
   1.32000000000000       0.179779184837226     
   1.32500000000000       0.179911556580221     
   1.33000000000000       0.180043491670428     
   1.33500000000000       0.180174989795848     
   1.34000000000000       0.180306050672067     
   1.34500000000000       0.180436674086940     
   1.35000000000000       0.180566859880105     
   1.35500000000000       0.180696607784621     
   1.36000000000000       0.180825917845377     
   1.36500000000000       0.180954789916816     
   1.37000000000000       0.181083223994019     
   1.37500000000000       0.181211220081320     
   1.38000000000000       0.181338778224934     
   1.38500000000000       0.181465898512587     
   1.39000000000000       0.181592581054749     
   1.39500000000000       0.181718826011806     
   1.40000000000000       0.181844633561149     
   1.40500000000000       0.181970003961102     
   1.41000000000000       0.182094937343103     
   1.41500000000000       0.182219434128493     
   1.42000000000000       0.182343494561175     
   1.42500000000000       0.182467119032255     
   1.43000000000000       0.182590307788309     
   1.43500000000000       0.182713061376237     
   1.44000000000000       0.182835380141672     
   1.44500000000000       0.182957264569398     
   1.45000000000000       0.183078715126678     
   1.45500000000000       0.183199732321649     
   1.46000000000000       0.183320316693078     
   1.46500000000000       0.183440468778543     
   1.47000000000000       0.183560189213813     
   1.47500000000000       0.183679478530209     
   1.48000000000000       0.183798337375943     
   1.48500000000000       0.183916766401248     
   1.49000000000000       0.184034766272249     
   1.49500000000000       0.184152337691605     
   1.50000000000000       0.184269481343922     
   1.50500000000000       0.184386198026762     
   1.51000000000000       0.184502488412803     
   1.51500000000000       0.184618353293182     
   1.52000000000000       0.184733793460648     
   1.52500000000000       0.184848809715722     
   1.53000000000000       0.184963402889475     
   1.53500000000000       0.185077573814549     
   1.54000000000000       0.185191323347674     
   1.54500000000000       0.185304652369701     
   1.55000000000000       0.185417561758225     
   1.55500000000000       0.185530052420933     
   1.56000000000000       0.185642125111977     
   1.56500000000000       0.185753781372962     
   1.57000000000000       0.185865021606002     
   1.57500000000000       0.185975846746812     
   1.58000000000000       0.186086257906087     
   1.58500000000000       0.186196256014074     
   1.59000000000000       0.186305842108403     
   1.59500000000000       0.186415017168858     
   1.60000000000000       0.186523782277415     
   1.60500000000000       0.186632138403381     
   1.61000000000000       0.186740086618229     
   1.61500000000000       0.186847627957839     
   1.62000000000000       0.186954763512541     
   1.62500000000000       0.187061494326430     
   1.63000000000000       0.187167821526109     
   1.63500000000000       0.187273746154185     
   1.64000000000000       0.187379269379838     
   1.64500000000000       0.187484392240188     
   1.65000000000000       0.187589115885635     
   1.65500000000000       0.187693441427014     
   1.66000000000000       0.187797370012655     
   1.66500000000000       0.187900902777419     
   1.67000000000000       0.188004040874598     
   1.67500000000000       0.188106785456881     
   1.68000000000000       0.188209137686597     
   1.68500000000000       0.188311098732933     
   1.69000000000000       0.188412669768839     
   1.69500000000000       0.188513851968147     
   1.70000000000000       0.188614646529233     
   1.70500000000000       0.188715054634717     
   1.71000000000000       0.188815077479851     
   1.71500000000000       0.188914716265571     
   1.72000000000000       0.189013972206058     
   1.72500000000000       0.189112846516335     
   1.73000000000000       0.189211340385045     
   1.73500000000000       0.189309455090988     
   1.74000000000000       0.189407191782175     
   1.74500000000000       0.189504551718541     
   1.75000000000000       0.189601536156999     
   1.75500000000000       0.189698146208083     
   1.76000000000000       0.189794383251119     
   1.76500000000000       0.189890248461047     
   1.77000000000000       0.189985743083589     
   1.77500000000000       0.190080868373178     
   1.78000000000000       0.190175625559313     
   1.78500000000000       0.190270015905057     
   1.79000000000000       0.190364040655233     
   1.79500000000000       0.190457701065811     
   1.80000000000000       0.190550998391042     
   1.80500000000000       0.190643933884600     
   1.81000000000000       0.190736508799869     
   1.81500000000000       0.190828724402943     
   1.82000000000000       0.190920581942849     
   1.82500000000000       0.191012082685131     
   1.83000000000000       0.191103227879145     
   1.83500000000000       0.191194018794670     
   1.84000000000000       0.191284456686279     
   1.84500000000000       0.191374542824403     
   1.85000000000000       0.191464278465251     
   1.85500000000000       0.191553664879661     
   1.86000000000000       0.191642703338800     
   1.86500000000000       0.191731395081243     
   1.87000000000000       0.191819741402317     
   1.87500000000000       0.191907743541615     
   1.88000000000000       0.191995402767487     
   1.88500000000000       0.192082720334141     
   1.89000000000000       0.192169697507229     
   1.89500000000000       0.192256335565814     
   1.90000000000000       0.192342635660596     
   1.90500000000000       0.192428599187838     
   1.91000000000000       0.192514227331481     
   1.91500000000000       0.192599521366714     
   1.92000000000000       0.192684482558122     
   1.92500000000000       0.192769112156278     
   1.93000000000000       0.192853411443507     
   1.93500000000000       0.192937381557557     
   1.94000000000000       0.193021023902822     
   1.94500000000000       0.193104339626983     
   1.95000000000000       0.193187330043006     
   1.95500000000000       0.193269996259949     
   1.96000000000000       0.193352339687348     
   1.96500000000000       0.193434361377644     
   1.97000000000000       0.193516062730474     
   1.97500000000000       0.193597444895928     
   1.98000000000000       0.193678509152619     
   1.98500000000000       0.193759256710583     
   1.99000000000000       0.193839688823925     
   1.99500000000000       0.193919806719605     
   2.00000000000000       0.193999611658482     
   2.00500000000000       0.194079104739904     
   2.01000000000000       0.194158287252136     
   2.01500000000000       0.194237160746073     
   2.02000000000000       0.194315726050088     
   2.02500000000000       0.194393984360083     
   2.03000000000000       0.194471936814738     
   2.03500000000000       0.194549584771673     
   2.04000000000000       0.194626929372835     
   2.04500000000000       0.194703971862972     
   2.05000000000000       0.194780713442055     
   2.05500000000000       0.194857155319696     
   2.06000000000000       0.194933298705539     
   2.06500000000000       0.195009144792003     
   2.07000000000000       0.195084694764291     
   2.07500000000000       0.195159949792707     
   2.08000000000000       0.195234911041588     
   2.08500000000000       0.195309579673833     
   2.09000000000000       0.195383956847988     
   2.09500000000000       0.195458043709549     
   2.10000000000000       0.195531841443450     
   2.10500000000000       0.195605351210339     
   2.11000000000000       0.195678574183078     
   2.11500000000000       0.195751511549579     
   2.12000000000000       0.195824164513526     
   2.12500000000000       0.195896534189681     
   2.13000000000000       0.195968621805376     
   2.13500000000000       0.196040428423108     
   2.14000000000000       0.196111955204428     
   2.14500000000000       0.196183203244713     
   2.15000000000000       0.196254173647772     
   2.15500000000000       0.196324867536906     
   2.16000000000000       0.196395285907234     
   2.16500000000000       0.196465430029684     
   2.17000000000000       0.196535300949330     
   2.17500000000000       0.196604899839240     
   2.18000000000000       0.196674227843831     
   2.18500000000000       0.196743286110286     
   2.19000000000000       0.196812075799743     
   2.19500000000000       0.196880598006698     
   2.20000000000000       0.196948853839112     
   2.20500000000000       0.197016844343542     
   2.21000000000000       0.197084570564296     
   2.21500000000000       0.197152033518979     
   2.22000000000000       0.197219234238152     
   2.22500000000000       0.197286173764060     
   2.23000000000000       0.197352853148136     
   2.23500000000000       0.197419273489952     
   2.24000000000000       0.197485435964333     
   2.24500000000000       0.197551341563378     
   2.25000000000000       0.197616991596577     
   2.25500000000000       0.197682387102281     
   2.26000000000000       0.197747529185051     
   2.26500000000000       0.197812418882555     
   2.27000000000000       0.197877057175346     
   2.27500000000000       0.197941445002362     
   2.28000000000000       0.198005583301752     
   2.28500000000000       0.198069472985820     
   2.29000000000000       0.198133115016774     
   2.29500000000000       0.198196510395175     
   2.30000000000000       0.198259660185836     
   2.30500000000000       0.198322565515572     
   2.31000000000000       0.198385227532361     
   2.31500000000000       0.198447647399943     
   2.32000000000000       0.198509826246693     
   2.32500000000000       0.198571765140755     
   2.33000000000000       0.198633465062920     
   2.33500000000000       0.198694926940358     
   2.34000000000000       0.198756151466211     
   2.34500000000000       0.198817139576465     
   2.35000000000000       0.198877891957915     
   2.35500000000000       0.198938409487261     
   2.36000000000000       0.198998693093967     
   2.36500000000000       0.199058743820183     
   2.37000000000000       0.199118562817845     
   2.37500000000000       0.199178151322247     
   2.38000000000000       0.199237510599950     
   2.38500000000000       0.199296641716737     
   2.39000000000000       0.199355545909103     
   2.39500000000000       0.199414224007423     
   2.40000000000000       0.199472676805625     
   2.40500000000000       0.199530904917999     
   2.41000000000000       0.199588908902197     
   2.41500000000000       0.199646689316882     
   2.42000000000000       0.199704246844451     
   2.42500000000000       0.199761582320065     
   2.43000000000000       0.199818696807048     
   2.43500000000000       0.199875591558054     
   2.44000000000000       0.199932267964877     
   2.44500000000000       0.199988727459343     
   2.45000000000000       0.200044971356958     
   2.45500000000000       0.200101001137328     
   2.46000000000000       0.200156817286848     
   2.46500000000000       0.200212420355013     
   2.47000000000000       0.200267810710234     
   2.47500000000000       0.200322988542434     
   2.48000000000000       0.200377954082411     
   2.48500000000000       0.200432707748813     
   2.49000000000000       0.200487250211916     
   2.49500000000000       0.200541582647105     
   2.50000000000000       0.200595706504107     
   2.52500000000000       0.200861986366519     
   2.55000000000000       0.201123422008415     
   2.57500000000000       0.201379993317149     
   2.60000000000000       0.201631770147388     
   2.62500000000000       0.201878846090952     
   2.65000000000000       0.202121308895821     
   2.67500000000000       0.202359247394597     
   2.70000000000000       0.202592755146921     
   2.72500000000000       0.202821921458094     
   2.75000000000000       0.203046833003742     
   2.77500000000000       0.203267575837980     
   2.80000000000000       0.203484233383414     
   2.82500000000000       0.203696887940153     
   2.85000000000000       0.203905619355419     
   2.87500000000000       0.204110506094836     
   2.90000000000000       0.204311624891485     
   2.92500000000000       0.204509050629246     
   2.95000000000000       0.204702856563670     
   2.97500000000000       0.204893114411963     
   3.00000000000000       0.205079894315937     
   3.02500000000000       0.205263264850770     
   3.05000000000000       0.205443293129955     
   3.07500000000000       0.205620044820453     
   3.10000000000000       0.205793584151090     
   3.12500000000000       0.205963973985164     
   3.15000000000000       0.206131275810030     
   3.17500000000000       0.206295549814749     
   3.20000000000000       0.206456854873580     
   3.22500000000000       0.206615248628777     
   3.25000000000000       0.206770787457010     
   3.27500000000000       0.206923526554820     
   3.30000000000000       0.207073519935466     
   3.32500000000000       0.207220820451977     
   3.35000000000000       0.207365479853031     
   3.37500000000000       0.207507548787903     
   3.40000000000000       0.207647076818542     
   3.42500000000000       0.207784112480778     
   3.45000000000000       0.207918703270843     
   3.47500000000000       0.208050895694278     
   3.50000000000000       0.208180735293685     
   3.52500000000000       0.208308266626292     
   3.55000000000000       0.208433533363946     
   3.57500000000000       0.208556578226270     
   3.60000000000000       0.208677442996839     
   3.62500000000000       0.208796168722442     
   3.65000000000000       0.208912795616663     
   3.67500000000000       0.209027362897471     
   3.70000000000000       0.209139909095574     
   3.72500000000000       0.209250471895304     
   3.75000000000000       0.209359088242044     
   3.77500000000000       0.209465794306338     
   3.80000000000000       0.209570629792540     
   3.82500000000000       0.209673622278300     
   3.85000000000000       0.209774807970000     
   3.87500000000000       0.209874220624142     
   3.90000000000000       0.209971893082557     
   3.92500000000000       0.210067857409317     
   3.95000000000000       0.210162144914521     
   3.97500000000000       0.210254786417620     
   4.00000000000000       0.210345812134111     
   4.02500000000000       0.210435251497042     
   4.05000000000000       0.210523133482924     
   4.07500000000000       0.210609486434682     
   4.10000000000000       0.210694338171792     
   4.12500000000000       0.210777715961219     
   4.15000000000000       0.210859646489986     
   4.17500000000000       0.210940155998860     
   4.20000000000000       0.211019270142689     
   4.22500000000000       0.211097014123383     
   4.25000000000000       0.211173412632011     
   4.27500000000000       0.211248489897916     
   4.30000000000000       0.211322269650598     
   4.32500000000000       0.211394775860980     
   4.35000000000000       0.211466030182588     
   4.37500000000000       0.211536056142885     
   4.40000000000000       0.211604874546823     
   4.42500000000000       0.211672507441298     
   4.45000000000000       0.211738975961407     
   4.47500000000000       0.211804300907132     
   4.50000000000000       0.211868502621456     
   4.52500000000000       0.211931601059915     
   4.55000000000000       0.211993615820502     
   4.57500000000000       0.212054566111253     
   4.60000000000000       0.212114470766949     
   4.62500000000000       0.212173348302866     
   4.65000000000000       0.212231216850861     
   4.67500000000000       0.212288094150184     
   4.70000000000000       0.212343997761919     
   4.72500000000000       0.212398944803697     
   4.75000000000000       0.212452952119402     
   4.77500000000000       0.212506036304356     
   4.80000000000000       0.212558213479398     
   4.82500000000000       0.212609499579561     
   4.85000000000000       0.212659910190417     
   4.87500000000000       0.212709460668511     
   4.90000000000000       0.212758166038473     
   4.92500000000000       0.212806041057025     
   4.95000000000000       0.212853100250653     
   4.97500000000000       0.212899357828545     
   5.00000000000000       0.212944827757220     
   5.02500000000000       0.212989523769332     
   5.05000000000000       0.213033459314703     
   5.07500000000000       0.213076647628103     
   5.10000000000000       0.213119101665416     
   5.12500000000000       0.213160834194295     
   5.15000000000000       0.213201857715023     
   5.17500000000000       0.213242189037532     
   5.20000000000000       0.213281832569261     
   5.22500000000000       0.213320803245256     
   5.25000000000000       0.213359111904094     
   5.27500000000000       0.213396770652720     
   5.30000000000000       0.213433790739718     
   5.32500000000000       0.213470183178931     
   5.35000000000000       0.213505958815337     
   5.37500000000000       0.213541128436203     
   5.40000000000000       0.213575707020528     
   5.42500000000000       0.213609697047583     
   5.45000000000000       0.213643111014068     
   5.47500000000000       0.213675959241108     
   5.50000000000000       0.213708251622296     
   5.52500000000000       0.213739997749655     
   5.55000000000000       0.213771207015621     
   5.57500000000000       0.213801888631370     
   5.60000000000000       0.213832051664598     
   5.62500000000000       0.213861704967624     
   5.65000000000000       0.213890857291580     
   5.67500000000000       0.213919517188424     
   5.70000000000000       0.213947693091660     
   5.72500000000000       0.213975393260786     
   5.75000000000000       0.214002625825672     
   5.77500000000000       0.214029398749896     
   5.80000000000000       0.214055719891317     
   5.82500000000000       0.214081596938332     
   5.85000000000000       0.214107037391716     
   5.87500000000000       0.214132048750140     
   5.90000000000000       0.214156638423131     
   5.92500000000000       0.214180813458100     
   5.95000000000000       0.214204580956781     
   5.97500000000000       0.214227947836393     
   6.00000000000000       0.214250920896736     
   6.02500000000000       0.214273506831622     
   6.05000000000000       0.214295712216407     
   6.07500000000000       0.214317543498282     
   6.10000000000000       0.214339007043532     
   6.12500000000000       0.214360109058195     
   6.15000000000000       0.214380855715093     
   6.17500000000000       0.214401252999297     
   6.20000000000000       0.214421307527506     
   6.22500000000000       0.214441023898935     
   6.25000000000000       0.214460408300346     
   6.27500000000000       0.214479466346341     
   6.30000000000000       0.214498203600914     
   6.32500000000000       0.214516626187078     
   6.35000000000000       0.214534738205751     
   6.37500000000000       0.214552545370749     
   6.40000000000000       0.214570052853055     
   6.42500000000000       0.214587265728578     
   6.45000000000000       0.214604188987949     
   6.47500000000000       0.214620827515307     
   6.50000000000000       0.214637186132732     
   6.52500000000000       0.214653269538764     
   6.55000000000000       0.214669082388127     
   6.57500000000000       0.214684629227440     
   6.60000000000000       0.214699915258688     
   6.62500000000000       0.214714943619690     
   6.65000000000000       0.214729719147926     
   6.67500000000000       0.214744246079256     
   6.70000000000000       0.214758529357587     
   6.72500000000000       0.214772571837390     
   6.75000000000000       0.214786378057458     
   6.77500000000000       0.214799951998794     
   6.80000000000000       0.214813297589794     
   6.82500000000000       0.214826418693437     
   6.85000000000000       0.214839319076161     
   6.87500000000000       0.214852002444635     
   6.90000000000000       0.214864472442944     
   6.92500000000000       0.214876732665790     
   6.95000000000000       0.214888786621674     
   6.97500000000000       0.214900638475046     
   7.00000000000000       0.214912290399688     
   7.02500000000000       0.214923746200264     
   7.05000000000000       0.214935009190303     
   7.07500000000000       0.214946082635507     
   7.10000000000000       0.214956969707225     
   7.12500000000000       0.214967673540069     
   7.15000000000000       0.214978197203160     
   7.17500000000000       0.214988543643663     
   7.20000000000000       0.214998715904414     
   7.22500000000000       0.215008716979638     
   7.25000000000000       0.215018549654147     
   7.27500000000000       0.215028216750533     
   7.30000000000000       0.215037721044078     
   7.32500000000000       0.215047065262239     
   7.35000000000000       0.215056252070759     
   7.37500000000000       0.215065284110288     
   7.40000000000000       0.215074163970286     
   7.42500000000000       0.215082894191412     
   7.45000000000000       0.215091477276624     
   7.47500000000000       0.215099915681275     
   7.50000000000000       0.215108211835700     
   7.52500000000000       0.215116368097542     
   7.55000000000000       0.215124386821117     
   7.57500000000000       0.215132270295227     
   7.60000000000000       0.215140020777959     
   7.62500000000000       0.215147640505616     
   7.65000000000000       0.215155131632555     
   7.67500000000000       0.215162496333283     
   7.70000000000000       0.215169736702482     
   7.72500000000000       0.215176854828926     
   7.75000000000000       0.215183852651394     
   7.77500000000000       0.215190732280920     
   7.80000000000000       0.215197495751834     
   7.82500000000000       0.215204144911293     
   7.85000000000000       0.215210681695419     
   7.87500000000000       0.215217108677072     
   7.90000000000000       0.215223426438929     
   7.92500000000000       0.215229637278960     
   7.95000000000000       0.215235742991919     
   7.97500000000000       0.215241745363780     
   8.00000000000000       0.215247646038292     
   8.02500000000000       0.215253446813983     
   8.05000000000000       0.215259149400302     
   8.07500000000000       0.215264755372531     
   8.10000000000000       0.215270266358035     
   8.12500000000000       0.215275683840347     
   8.15000000000000       0.215281009364061     
   8.17500000000000       0.215286244665982     
   8.20000000000000       0.215291391185275     
   8.22500000000000       0.215296450376561     
   8.25000000000000       0.215301423659918     
   8.27500000000000       0.215306312416226     
   8.30000000000000       0.215311118109631     
   8.32500000000000       0.215315842214878     
   8.35000000000000       0.215320485988276     
   8.37500000000000       0.215325051493109     
   8.40000000000000       0.215329538783729     
   8.42500000000000       0.215333949649028     
   8.45000000000000       0.215338285360742     
   8.47500000000000       0.215342547201105     
   8.50000000000000       0.215346736401454     
   8.52500000000000       0.215350854189388     
   8.55000000000000       0.215354901739574     
   8.57500000000000       0.215358880227512     
   8.60000000000000       0.215362790803397     
   8.62500000000000       0.215366634601082     
   8.65000000000000       0.215370412712608     
   8.67500000000000       0.215374126250489     
   8.70000000000000       0.215377776282828     
   8.72500000000000       0.215381363856107     
   8.75000000000000       0.215384890013931     
   8.77500000000000       0.215388355788276     
   8.80000000000000       0.215391762167055     
   8.82500000000000       0.215395110142316     
   8.85000000000000       0.215398400682673     
   8.87500000000000       0.215401634748174     
   8.90000000000000       0.215404813270986     
   8.92500000000000       0.215407937173351     
   8.95000000000000       0.215411007377042     
   8.97500000000000       0.215414024752702     
   9.00000000000000       0.215416990898714     
   9.02500000000000       0.215419906121883     
   9.05000000000000       0.215422770517229     
   9.07500000000000       0.215425585398907     
   9.10000000000000       0.215428351638351     
   9.12500000000000       0.215431070011281     
   9.15000000000000       0.215433741389751     
   9.17500000000000       0.215436366658204     
   9.20000000000000       0.215438946467710     
   9.22500000000000       0.215441481615602     
   9.25000000000000       0.215443972826865     
   9.27500000000000       0.215446420834974     
   9.30000000000000       0.215448826366191     
   9.32500000000000       0.215451190108187     
   9.35000000000000       0.215453512769154     
   9.37500000000000       0.215455795016822     
   9.40000000000000       0.215458037538319     
   9.42500000000000       0.215460240975892     
   9.45000000000000       0.215462405997766     
   9.47500000000000       0.215464533219286     
   9.50000000000000       0.215466623279057     
   9.52500000000000       0.215468676796922     
   9.55000000000000       0.215470694366178     
   9.57500000000000       0.215472676609435     
   9.60000000000000       0.215474623991814     
   9.62500000000000       0.215476537122043     
   9.65000000000000       0.215478416729575     
   9.67500000000000       0.215480263339527     
   9.70000000000000       0.215482077445169     
   9.72500000000000       0.215483859577006     
   9.75000000000000       0.215485610285944     
   9.77500000000000       0.215487330070794     
   9.80000000000000       0.215489019448789     
   9.82500000000000       0.215490678938897     
   9.85000000000000       0.215492309015347     
   9.87500000000000       0.215493910179720     
   9.90000000000000       0.215495482916501     
   9.92500000000000       0.215497027674837     
   9.95000000000000       0.215498544926406     
   9.97500000000000       0.215500035155892     
   10.0000000000000       0.215501498766751     
   10.0250000000000       0.215502936243831     
   10.0500000000000       0.215504347977258     
   10.0750000000000       0.215505734426921     
   10.1000000000000       0.215507096001883     
   10.1250000000000       0.215508433111256     
   10.1500000000000       0.215509746164717     
   10.1750000000000       0.215511035473282     
   10.2000000000000       0.215512301528978     
   10.2250000000000       0.215513544767102     
   10.2500000000000       0.215514765497391     
   10.2750000000000       0.215515964109290     
   10.3000000000000       0.215517140961161     
   10.3250000000000       0.215518296412828     
   10.3500000000000       0.215519430819542     
   10.3750000000000       0.215520544513813     
   10.4000000000000       0.215521637875704     
   10.4250000000000       0.215522711216519     
   10.4500000000000       0.215523764856534     
   10.4750000000000       0.215524799144193     
   10.5000000000000       0.215525814405992     
   10.5250000000000       0.215526810934293     
   10.5500000000000       0.215527789051843     
   10.5750000000000       0.215528749772335     
   10.6000000000000       0.215529692130455     
   10.6250000000000       0.215530616925243     
   10.6500000000000       0.215531524448296     
   10.6750000000000       0.215532415016042     
   10.7000000000000       0.215533288917908     
   10.7250000000000       0.215534146440103     
   10.7500000000000       0.215534987854040     
   10.7750000000000       0.215535813418682     
   10.8000000000000       0.215536623399638     
   10.8250000000000       0.215537418072002     
   10.8500000000000       0.215538197668353     
   10.8750000000000       0.215538962452412     
   10.9000000000000       0.215539712659218     
   10.9250000000000       0.215540448459918     
   10.9500000000000       0.215541170074164     
   10.9750000000000       0.215541878644517     
   11.0000000000000       0.215542573075132     
   11.0250000000000       0.215543254058019     
   11.0500000000000       0.215543921818177     
   11.0750000000000       0.215544576577482     
   11.1000000000000       0.215545218604893     
   11.1250000000000       0.215545848067978     
   11.1500000000000       0.215546465125334     
   11.1750000000000       0.215547070073704     
   11.2000000000000       0.215547663148401     
   11.2250000000000       0.215548244503254     
   11.2500000000000       0.215548814238813     
   11.2750000000000       0.215549372644945     
   11.3000000000000       0.215549919963545     
   11.3250000000000       0.215550456318352     
   11.3500000000000       0.215550981870205     
   11.3750000000000       0.215551496837900     
   11.4000000000000       0.215552001349256     
   11.4250000000000       0.215552495608374     
   11.4500000000000       0.215552979695043     
   11.4750000000000       0.215553453856540     
   11.5000000000000       0.215553918348434     
   11.5250000000000       0.215554373216817     
   11.5500000000000       0.215554818674025     
   11.5750000000000       0.215555254818685     
   11.6000000000000       0.215555681861284     
   11.6250000000000       0.215556099917496     
   11.6500000000000       0.215556509133096     
   11.6750000000000       0.215556910385059     
   11.7000000000000       0.215557302557400     
   11.7250000000000       0.215557686264869     
   11.7500000000000       0.215558061658556     
   11.7750000000000       0.215558428922685     
   11.8000000000000       0.215558788188600     
   11.8250000000000       0.215559139589498     
   11.8500000000000       0.215559483268746     
   11.8750000000000       0.215559819343398     
   11.9000000000000       0.215560147954761     
   11.9250000000000       0.215560469224635     
   11.9500000000000       0.215560783167157     
   11.9750000000000       0.215561090018660     
   12.0000000000000       0.215561389961291     
   12.0250000000000       0.215561683017941     
   12.0500000000000       0.215561969322573     
   12.0750000000000       0.215562248982282     
   12.1000000000000       0.215562522105231     
   12.1250000000000       0.215562788799089     
   12.1500000000000       0.215563049171053     
   12.1750000000000       0.215563303323715     
   12.2000000000000       0.215563551366836     
   12.2250000000000       0.215563793394696     
   12.2500000000000       0.215564029502466     
   12.2750000000000       0.215564259722448     
   12.3000000000000       0.215564484212000     
   12.3250000000000       0.215564703170842     
   12.3500000000000       0.215564916570138     
   12.3750000000000       0.215565124545664     
   12.4000000000000       0.215565327174079     
   12.4250000000000       0.215565524543232     
   12.4500000000000       0.215565716727730     
   12.4750000000000       0.215565903828144     
   12.5000000000000       0.215566085924812     
