  5.000000000000000E-003   12.2308723442079     
  1.000000000000000E-002   12.4371152727868     
  1.500000000000000E-002   12.6270333475065     
  2.000000000000000E-002   12.8021018254426     
  2.500000000000000E-002   12.9637291515014     
  3.000000000000000E-002   13.1132302040798     
  3.500000000000000E-002   13.2518125936202     
  4.000000000000000E-002   13.3805731984012     
  4.500000000000000E-002   13.5005011286887     
  5.000000000000000E-002   13.6124842409220     
  5.500000000000000E-002   13.7173173244900     
  6.000000000000000E-002   13.8157108201515     
  6.500000000000000E-002   13.9082994136412     
  7.000000000000001E-002   13.9956502190814     
  7.500000000000000E-002   14.0782699640682     
  8.000000000000000E-002   14.1566121923485     
  8.500000000000001E-002   14.2310830033764     
  9.000000000000000E-002   14.3020465262937     
  9.500000000000000E-002   14.3698296787522     
  0.100000000000000        14.4347263747708     
  0.105000000000000        14.4970012294163     
  0.110000000000000        14.5568928207709     
  0.115000000000000        14.6146165602624     
  0.120000000000000        14.6703672192528     
  0.125000000000000        14.7243211540201     
  0.130000000000000        14.7766382667728     
  0.135000000000000        14.8274637356340     
  0.140000000000000        14.8769295425367     
  0.145000000000000        14.9251558242748     
  0.150000000000000        14.9722520687173     
  0.155000000000000        15.0183181753716     
  0.160000000000000        15.0634453969944     
  0.165000000000000        15.1077171768185     
  0.170000000000000        15.1512098939651     
  0.175000000000000        15.1939935281841     
  0.180000000000000        15.2361322534595     
  0.185000000000000        15.2776849689056     
  0.190000000000000        15.3187057742722     
  0.195000000000000        15.3592443964895     
  0.200000000000000        15.3993465727644     
  0.205000000000000        15.4390543846383     
  0.210000000000000        15.4784066121194     
  0.215000000000000        15.5174389477546     
  0.220000000000000        15.5561842933911     
  0.225000000000000        15.5946729799660     
  0.230000000000000        15.6329329737249     
  0.235000000000000        15.6709900650483     
  0.240000000000000        15.7088680394673     
  0.245000000000000        15.7465888334612     
  0.250000000000000        15.7841726763936     
  0.255000000000000        15.8216382085068     
  0.260000000000000        15.8590026457322     
  0.265000000000000        15.8962818174492     
  0.270000000000000        15.9334903120731     
  0.275000000000000        15.9706416347050     
  0.280000000000000        16.0077479723340     
  0.285000000000000        16.0448207651124     
  0.290000000000000        16.0818704282162     
  0.295000000000000        16.1189065945102     
  0.300000000000000        16.1559379249967     
  0.305000000000000        16.1929723449728     
  0.310000000000000        16.2300172429625     
  0.315000000000000        16.2670792541690     
  0.320000000000000        16.3041644464773     
  0.325000000000000        16.3412782841228     
  0.330000000000000        16.3784257030088     
  0.335000000000000        16.4156111836396     
  0.340000000000000        16.4528387089523     
  0.345000000000000        16.4901118316351     
  0.350000000000000        16.5274338216019     
  0.355000000000000        16.5648072848019     
  0.360000000000000        16.6022347539439     
  0.365000000000000        16.6397183369832     
  0.370000000000000        16.6772598411605     
  0.375000000000000        16.7148607866496     
  0.380000000000000        16.7525224276068     
  0.385000000000000        16.7902457565948     
  0.390000000000000        16.8280315722285     
  0.395000000000000        16.8658804175913     
  0.400000000000000        16.9037926456125     
  0.405000000000000        16.9417684216605     
  0.410000000000000        16.9798077349470     
  0.415000000000000        17.0179104110385     
  0.420000000000000        17.0560761230212     
  0.425000000000000        17.0943044021951     
  0.430000000000000        17.1325946480655     
  0.435000000000000        17.1709461377683     
  0.440000000000000        17.2093580349163     
  0.445000000000000        17.2478293979425     
  0.450000000000000        17.2863591879413     
  0.455000000000000        17.3249462760691     
  0.460000000000000        17.3635894504811     
  0.465000000000000        17.4022874229229     
  0.470000000000000        17.4410388348802     
  0.475000000000000        17.4798422634124     
  0.480000000000000        17.5186962266265     
  0.485000000000000        17.5575991888422     
  0.490000000000000        17.5965495654894     
  0.495000000000000        17.6355457276589     
  0.500000000000000        17.6745860064519     
  0.505000000000000        17.7136686970495     
  0.510000000000000        17.7527920625257     
  0.515000000000000        17.7919543375278     
  0.520000000000000        17.8311537315945     
  0.525000000000000        17.8703884324375     
  0.530000000000000        17.9096566089154     
  0.535000000000000        17.9489564139228     
  0.540000000000000        17.9882859870067     
  0.545000000000000        18.0276434569361     
  0.550000000000000        18.0670269440273     
  0.555000000000000        18.1064345623992     
  0.560000000000000        18.1458645138088     
  0.565000000000000        18.1853147126365     
  0.570000000000000        18.2247834649664     
  0.575000000000000        18.2642686805793     
  0.580000000000000        18.3037685795405     
  0.585000000000000        18.3432813663334     
  0.590000000000000        18.3828049684912     
  0.595000000000000        18.4223376226783     
  0.600000000000000        18.4618774626844     
  0.605000000000000        18.5014226376378     
  0.610000000000000        18.5409713056584     
  0.615000000000000        18.5805216373638     
  0.620000000000000        18.6200718159474     
  0.625000000000000        18.6596200383293     
  0.630000000000000        18.6991645158666     
  0.635000000000000        18.7387034751003     
  0.640000000000000        18.7782351584740     
  0.645000000000000        18.8177578099472     
  0.650000000000000        18.8572697208937     
  0.655000000000000        18.8967692011980     
  0.660000000000000        18.9362545461990     
  0.665000000000000        18.9757240858629     
  0.670000000000000        19.0151761698435     
  0.675000000000000        19.0546091669148     
  0.680000000000000        19.0940214656143     
  0.685000000000000        19.1334114744764     
  0.690000000000000        19.1727776222785     
  0.695000000000000        19.2121183583269     
  0.700000000000000        19.2514321526180     
  0.705000000000000        19.2907175960671     
  0.710000000000000        19.3299729905096     
  0.715000000000000        19.3691969839099     
  0.720000000000000        19.4083881258770     
  0.725000000000000        19.4475449935425     
  0.730000000000000        19.4866661834451     
  0.735000000000000        19.5257503143197     
  0.740000000000000        19.5647961281930     
  0.745000000000000        19.6038027947413     
  0.750000000000000        19.6427676177369     
  0.755000000000000        19.6816900758431     
  0.760000000000000        19.7205689010907     
  0.765000000000000        19.7594028369583     
  0.770000000000000        19.7981906515963     
  0.775000000000000        19.8369311337177     
  0.780000000000000        19.8756230937941     
  0.785000000000000        19.9142653634486     
  0.790000000000000        19.9528567954378     
  0.795000000000000        19.9913962634371     
  0.800000000000000        20.0298826460172     
  0.805000000000000        20.0683148907201     
  0.810000000000000        20.1066919170128     
  0.815000000000000        20.1450126799870     
  0.820000000000000        20.1832761560302     
  0.825000000000000        20.2214813411102     
  0.830000000000000        20.2596272511483     
  0.835000000000000        20.2977129216795     
  0.840000000000000        20.3357374077016     
  0.845000000000000        20.3736997834805     
  0.850000000000000        20.4115991423972     
  0.855000000000000        20.4494345967313     
  0.860000000000000        20.4872052774828     
  0.865000000000000        20.5249103341789     
  0.870000000000000        20.5625489346581     
  0.875000000000000        20.6001202648783     
  0.880000000000000        20.6376235287386     
  0.885000000000000        20.6750579478578     
  0.890000000000000        20.7124227613649     
  0.895000000000000        20.7497172082604     
  0.900000000000000        20.7869405976717     
  0.905000000000000        20.8240922023348     
  0.910000000000000        20.8611713285452     
  0.915000000000000        20.8981773002617     
  0.920000000000000        20.9351094572640     
  0.925000000000000        20.9719671555595     
  0.930000000000000        21.0087497497675     
  0.935000000000000        21.0454566623878     
  0.940000000000000        21.0820872616588     
  0.945000000000000        21.1186409999731     
  0.950000000000000        21.1551172933348     
  0.955000000000000        21.1915155887909     
  0.960000000000000        21.2278353492654     
  0.965000000000000        21.2640760516035     
  0.970000000000000        21.3002371700381     
  0.975000000000000        21.3363182443117     
  0.980000000000000        21.3723187761751     
  0.985000000000000        21.4082382973147     
  0.990000000000000        21.4440763539747     
  0.995000000000000        21.4798325051352     
   1.00000000000000        21.5155063229333     
   1.00500000000000        21.5510973922333     
   1.01000000000000        21.5866053105294     
   1.01500000000000        21.6220296699524     
   1.02000000000000        21.6573701287215     
   1.02500000000000        21.6926263030114     
   1.03000000000000        21.7277978379603     
   1.03500000000000        21.7628843914693     
   1.04000000000000        21.7978856325566     
   1.04500000000000        21.8328012416208     
   1.05000000000000        21.8676309101123     
   1.05500000000000        21.9023743404346     
   1.06000000000000        21.9370312275776     
   1.06500000000000        21.9716013321672     
   1.07000000000000        22.0060843699745     
   1.07500000000000        22.0404800844580     
   1.08000000000000        22.0747883506946     
   1.08500000000000        22.1090086626972     
   1.09000000000000        22.1431409691250     
   1.09500000000000        22.1771850288797     
   1.10000000000000        22.2111406356481     
   1.10500000000000        22.2450075911359     
   1.11000000000000        22.2787857065906     
   1.11500000000000        22.3124748020630     
   1.12000000000000        22.3460747063893     
   1.12500000000000        22.3795852570643     
   1.13000000000000        22.4130063000247     
   1.13500000000000        22.4463376895432     
   1.14000000000000        22.4795792880376     
   1.14500000000000        22.5127309659906     
   1.15000000000000        22.5457926017161     
   1.15500000000000        22.5787640812828     
   1.16000000000000        22.6116452983865     
   1.16500000000000        22.6444361541500     
   1.17000000000000        22.6771365570257     
   1.17500000000000        22.7097464226317     
   1.18000000000000        22.7422656737104     
   1.18500000000000        22.7746942398715     
   1.19000000000000        22.8070320575244     
   1.19500000000000        22.8392790697884     
   1.20000000000000        22.8714352262978     
   1.20500000000000        22.9035004831265     
   1.21000000000000        22.9354748026576     
   1.21500000000000        22.9673581534446     
   1.22000000000000        22.9991505100987     
   1.22500000000000        23.0308518340700     
   1.23000000000000        23.0624621506543     
   1.23500000000000        23.0939814327004     
   1.24000000000000        23.1254096574907     
   1.24500000000000        23.1567468684557     
   1.25000000000000        23.1879930345514     
   1.25500000000000        23.2191482092391     
   1.26000000000000        23.2502123919486     
   1.26500000000000        23.2811856059659     
   1.27000000000000        23.3120678808346     
   1.27500000000000        23.3428592505839     
   1.28000000000000        23.3735597341890     
   1.28500000000000        23.4041694157293     
   1.29000000000000        23.4346883232225     
   1.29500000000000        23.4651165084579     
   1.30000000000000        23.4954540288077     
   1.30500000000000        23.5257009455479     
   1.31000000000000        23.5558573243211     
   1.31500000000000        23.5859232348343     
   1.32000000000000        23.6158987508513     
   1.32500000000000        23.6457839501293     
   1.33000000000000        23.6755789142961     
   1.33500000000000        23.7052837287406     
   1.34000000000000        23.7348984826107     
   1.34500000000000        23.7644232686689     
   1.35000000000000        23.7938581625181     
   1.35500000000000        23.8232033060957     
   1.36000000000000        23.8524587817051     
   1.36500000000000        23.8816246950356     
   1.37000000000000        23.9107011562041     
   1.37500000000000        23.9396882781510     
   1.38000000000000        23.9685861770417     
   1.38500000000000        23.9973949720410     
   1.39000000000000        24.0261147852975     
   1.39500000000000        24.0547457418674     
   1.40000000000000        24.0832879696627     
   1.40500000000000        24.1117415785541     
   1.41000000000000        24.1401067441536     
   1.41500000000000        24.1683835815236     
   1.42000000000000        24.1965722284354     
   1.42500000000000        24.2246728052387     
   1.43000000000000        24.2526854983861     
   1.43500000000000        24.2806104326449     
   1.44000000000000        24.3084477555303     
   1.44500000000000        24.3361976180528     
   1.45000000000000        24.3638601730707     
   1.45500000000000        24.3914355757091     
   1.46000000000000        24.4189241208576     
   1.46500000000000        24.4463256815655     
   1.47000000000000        24.4736405734664     
   1.47500000000000        24.5008689537622     
   1.48000000000000        24.5280109894546     
   1.48500000000000        24.5550668467488     
   1.49000000000000        24.5820366946744     
   1.49500000000000        24.6089208427512     
   1.50000000000000        24.6357191742463     
   1.50500000000000        24.6624320189314     
   1.51000000000000        24.6890595463695     
   1.51500000000000        24.7156019356094     
   1.52000000000000        24.7420593646609     
   1.52500000000000        24.7684320139182     
   1.53000000000000        24.7947200650394     
   1.53500000000000        24.8209237011727     
   1.54000000000000        24.8470431068877     
   1.54500000000000        24.8730784681223     
   1.55000000000000        24.8990299720236     
   1.55500000000000        24.9248978071234     
   1.56000000000000        24.9506831585135     
   1.56500000000000        24.9763841517489     
   1.57000000000000        25.0020020531663     
   1.57500000000000        25.0275370850008     
   1.58000000000000        25.0529894141753     
   1.58500000000000        25.0783592349484     
   1.59000000000000        25.1036468853465     
   1.59500000000000        25.1288522654835     
   1.60000000000000        25.1539757326872     
   1.60500000000000        25.1790174794278     
   1.61000000000000        25.2039777072435     
   1.61500000000000        25.2288566158947     
   1.62000000000000        25.2536544069654     
   1.62500000000000        25.2783712825506     
   1.63000000000000        25.3030075899383     
   1.63500000000000        25.3275632333859     
   1.64000000000000        25.3520385786793     
   1.64500000000000        25.3764338247075     
   1.65000000000000        25.4007491793034     
   1.65500000000000        25.4249848481600     
   1.66000000000000        25.4491410385916     
   1.66500000000000        25.4732179581759     
   1.67000000000000        25.4972158152129     
   1.67500000000000        25.5211348184247     
   1.68000000000000        25.5449751771404     
   1.68500000000000        25.5687371011234     
   1.69000000000000        25.5924208005999     
   1.69500000000000        25.6160264862338     
   1.70000000000000        25.6395543691132     
   1.70500000000000        25.6630046607467     
   1.71000000000000        25.6863775729970     
   1.71500000000000        25.7096733180944     
   1.72000000000000        25.7328921086021     
   1.72500000000000        25.7560343049446     
   1.73000000000000        25.7790998139424     
   1.73500000000000        25.8020890137066     
   1.74000000000000        25.8250021114136     
   1.74500000000000        25.8478393227794     
   1.75000000000000        25.8706008379165     
   1.75500000000000        25.8932869178108     
   1.76000000000000        25.9158977534939     
   1.76500000000000        25.9384335585155     
   1.77000000000000        25.9608945478891     
   1.77500000000000        25.9832809362902     
   1.78000000000000        26.0055929386836     
   1.78500000000000        26.0278307701285     
   1.79000000000000        26.0499946457277     
   1.79500000000000        26.0720847806549     
   1.80000000000000        26.0941013900787     
   1.80500000000000        26.1160446892003     
   1.81000000000000        26.1379148931512     
   1.81500000000000        26.1597122171099     
   1.82000000000000        26.1814368761221     
   1.82500000000000        26.2030890852699     
   1.83000000000000        26.2246690596129     
   1.83500000000000        26.2461770142069     
   1.84000000000000        26.2676131640783     
   1.84500000000000        26.2889777241703     
   1.85000000000000        26.3102709094069     
   1.85500000000000        26.3314929346104     
   1.86000000000000        26.3526440144322     
   1.86500000000000        26.3737243633930     
   1.87000000000000        26.3947341958282     
   1.87500000000000        26.4156737258064     
   1.88000000000000        26.4365431672325     
   1.88500000000000        26.4573427337562     
   1.89000000000000        26.4780726389189     
   1.89500000000000        26.4987330716659     
   1.90000000000000        26.5193242947460     
   1.90500000000000        26.5398464966536     
   1.91000000000000        26.5602998894576     
   1.91500000000000        26.5806846863214     
   1.92000000000000        26.6010010997169     
   1.92500000000000        26.6212493420048     
   1.93000000000000        26.6414296015247     
   1.93500000000000        26.6615421376844     
   1.94000000000000        26.6815871380068     
   1.94500000000000        26.7015648123712     
   1.95000000000000        26.7214753479608     
   1.95500000000000        26.7413190029021     
   1.96000000000000        26.7610959388723     
   1.96500000000000        26.7808064145684     
   1.97000000000000        26.8004506152518     
   1.97500000000000        26.8200287494218     
   1.98000000000000        26.8395410267141     
   1.98500000000000        26.8589876559836     
   1.99000000000000        26.8783688458357     
   1.99500000000000        26.8976848043154     
   2.00000000000000        26.9169357146971     
   2.00500000000000        26.9361218330076     
   2.01000000000000        26.9552444397415     
   2.01500000000000        26.9743014908053     
   2.02000000000000        26.9932943457311     
   2.02500000000000        27.0122231921896     
   2.03000000000000        27.0310882810189     
   2.03500000000000        27.0498897921080     
   2.04000000000000        27.0686279281836     
   2.04500000000000        27.0873028936318     
   2.05000000000000        27.1059148921017     
   2.05500000000000        27.1244641270172     
   2.06000000000000        27.1429508011795     
   2.06500000000000        27.1613751166644     
   2.07000000000000        27.1797372748384     
   2.07500000000000        27.1980374762700     
   2.08000000000000        27.2162759210427     
   2.08500000000000        27.2344528087679     
   2.09000000000000        27.2525683389678     
   2.09500000000000        27.2706227110819     
   2.10000000000000        27.2886161247163     
   2.10500000000000        27.3065487795040     
   2.11000000000000        27.3244208749809     
   2.11500000000000        27.3422326103757     
   2.12000000000000        27.3599843436650     
   2.12500000000000        27.3776759421969     
   2.13000000000000        27.3953077796511     
   2.13500000000000        27.4128800445244     
   2.14000000000000        27.4303929331379     
   2.14500000000000        27.4478466379984     
   2.15000000000000        27.4652413522571     
   2.15500000000000        27.4825772434438     
   2.16000000000000        27.4998545560136     
   2.16500000000000        27.5170734582571     
   2.17000000000000        27.5342341434225     
   2.17500000000000        27.5513368062254     
   2.18000000000000        27.5683816406871     
   2.18500000000000        27.5853688401727     
   2.19000000000000        27.6022985966480     
   2.19500000000000        27.6191711004056     
   2.20000000000000        27.6359865398888     
   2.20500000000000        27.6527451019434     
   2.21000000000000        27.6694469722583     
   2.21500000000000        27.6860923360723     
   2.22000000000000        27.7026813789190     
   2.22500000000000        27.7192142871912     
   2.23000000000000        27.7356912486324     
   2.23500000000000        27.7521124521437     
   2.24000000000000        27.7684780623055     
   2.24500000000000        27.7847883195344     
   2.25000000000000        27.8010433872016     
   2.25500000000000        27.8172434508398     
   2.26000000000000        27.8333886946072     
   2.26500000000000        27.8494792992246     
   2.27000000000000        27.8655154429800     
   2.27500000000000        27.8814973023254     
   2.28000000000000        27.8974250532570     
   2.28500000000000        27.9132988726791     
   2.29000000000000        27.9291189395544     
   2.29500000000000        27.9448854355546     
   2.30000000000000        27.9605985450230     
   2.30500000000000        27.9762584541692     
   2.31000000000000        27.9918653495658     
   2.31500000000000        28.0074194162548     
   2.32000000000000        28.0229208360689     
   2.32500000000000        28.0383697862219     
   2.33000000000000        28.0537664389317     
   2.33500000000000        28.0691109361837     
   2.34000000000000        28.0844034951668     
   2.34500000000000        28.0996442543497     
   2.35000000000000        28.1148333791965     
   2.35500000000000        28.1299710406087     
   2.36000000000000        28.1450574145376     
   2.36500000000000        28.1600926824138     
   2.37000000000000        28.1750770295337     
   2.37500000000000        28.1900106423898     
   2.38000000000000        28.2048936793689     
   2.38500000000000        28.2197263718622     
   2.39000000000000        28.2345088647430     
   2.39500000000000        28.2492413192058     
   2.40000000000000        28.2639238899210     
   2.40500000000000        28.2785567261888     
   2.41000000000000        28.2931399767672     
   2.41500000000000        28.3076737942902     
   2.42000000000000        28.3221583393866     
   2.42500000000000        28.3365937831781     
   2.43000000000000        28.3509803071322     
   2.43500000000000        28.3653181004937     
   2.44000000000000        28.3796073553337     
   2.44500000000000        28.3938482604874     
   2.45000000000000        28.4080421686243     
   2.45500000000000        28.4221868460521     
   2.46000000000000        28.4362836705288     
   2.46500000000000        28.4503327850034     
   2.47000000000000        28.4643343117869     
   2.47500000000000        28.4782883758858     
   2.48000000000000        28.4921951088316     
   2.48500000000000        28.5060548257708     
   2.49000000000000        28.5198673459555     
   2.49500000000000        28.5336330421125     
   2.50000000000000        28.5473522770493     
   2.52500000000000        28.6150423345963     
   2.55000000000000        28.6816031017272     
   2.57500000000000        28.7470507233608     
   2.60000000000000        28.8114031744368     
   2.62500000000000        28.8746786071556     
   2.65000000000000        28.9368945919941     
   2.67500000000000        28.9980687214204     
   2.70000000000000        29.0582193203374     
   2.72500000000000        29.1173621498512     
   2.75000000000000        29.1755148650370     
   2.77500000000000        29.2326948543322     
   2.80000000000000        29.2889170566425     
   2.82500000000000        29.3441983609146     
   2.85000000000000        29.3985545928040     
   2.87500000000000        29.4520013359320     
   2.90000000000000        29.5045539058832     
   2.92500000000000        29.5562273532776     
   2.95000000000000        29.6070364776769     
   2.97500000000000        29.6569958325223     
   3.00000000000000        29.7061197234154     
   3.02500000000000        29.7544222132714     
   3.05000000000000        29.8019171284681     
   3.07500000000000        29.8486180620188     
   3.10000000000000        29.8945383762533     
   3.12500000000000        29.9396912073742     
   3.15000000000000        29.9840894694740     
   3.17500000000000        30.0277458576307     
   3.20000000000000        30.0706728517715     
   3.22500000000000        30.1128827200932     
   3.25000000000000        30.1543875226655     
   3.27500000000000        30.1951991147542     
   3.30000000000000        30.2353291505488     
   3.32500000000000        30.2747890859339     
   3.35000000000000        30.3135901825153     
   3.37500000000000        30.3517435103419     
   3.40000000000000        30.3892599513140     
   3.42500000000000        30.4261502023941     
   3.45000000000000        30.4624247788166     
   3.47500000000000        30.4980940168930     
   3.50000000000000        30.5331680774127     
   3.52500000000000        30.5676569482407     
   3.55000000000000        30.6015704477356     
   3.57500000000000        30.6349182272187     
   3.60000000000000        30.6677096526332     
   3.62500000000000        30.6999542990743     
   3.65000000000000        30.7316612067677     
   3.67500000000000        30.7628393857761     
   3.70000000000000        30.7934976964229     
   3.72500000000000        30.8236448480438     
   3.75000000000000        30.8532894018456     
   3.77500000000000        30.8824397738923     
   3.80000000000000        30.9111097530287     
   3.82500000000000        30.9392961134683     
   3.85000000000000        30.9670127692775     
   3.87500000000000        30.9942675930348     
   3.90000000000000        31.0210682817845     
   3.92500000000000        31.0474224121110     
   3.95000000000000        31.0733373097238     
   3.97500000000000        31.0988205704900     
   4.00000000000000        31.1238792706738     
   4.02500000000000        31.1485204990630     
   4.05000000000000        31.1727512295419     
   4.07500000000000        31.1965783177745     
   4.10000000000000        31.2200085043205     
   4.12500000000000        31.2430484159738     
   4.15000000000000        31.2657045680504     
   4.17500000000000        31.2879833662903     
   4.20000000000000        31.3098911082186     
   4.22500000000000        31.3314339856021     
   4.25000000000000        31.3526180856869     
   4.27500000000000        31.3734493934066     
   4.30000000000000        31.3939337929021     
   4.32500000000000        31.4140778664147     
   4.35000000000000        31.4338856569240     
   4.37500000000000        31.4533644206644     
   4.40000000000000        31.4725180002144     
   4.42500000000000        31.4913526671701     
   4.45000000000000        31.5098737252111     
   4.47500000000000        31.5280863973626     
   4.50000000000000        31.5459958166913     
   4.52500000000000        31.5636070326800     
   4.55000000000000        31.5809250104816     
   4.57500000000000        31.5979546325682     
   4.60000000000000        31.6147006997784     
   4.62500000000000        31.6311679327525     
   4.65000000000000        31.6473609732041     
   4.67500000000000        31.6632842553421     
   4.70000000000000        31.6789425320760     
   4.72500000000000        31.6943399513730     
   4.75000000000000        31.7094811124988     
   4.77500000000000        31.7243701480161     
   4.80000000000000        31.7390112506776     
   4.82500000000000        31.7534085463775     
   4.85000000000000        31.7675660909731     
   4.87500000000000        31.7814878723012     
   4.90000000000000        31.7951778115862     
   4.92500000000000        31.8086397642649     
   4.95000000000000        31.8218775214075     
   4.97500000000000        31.8348948105547     
   5.00000000000000        31.8476952969013     
   5.02500000000000        31.8602825846320     
   5.05000000000000        31.8726602174449     
   5.07500000000000        31.8848316800430     
   5.10000000000000        31.8968003987693     
   5.12500000000000        31.9085697430081     
   5.15000000000000        31.9201430255928     
   5.17500000000000        31.9315292826917     
   5.20000000000000        31.9427198292199     
   5.22500000000000        31.9537248168981     
   5.25000000000000        31.9645456723361     
   5.27500000000000        31.9751862968547     
   5.30000000000000        31.9856496584719     
   5.32500000000000        31.9959385566768     
   5.35000000000000        32.0060560094616     
   5.37500000000000        32.0160049935984     
   5.40000000000000        32.0257939641293     
   5.42500000000000        32.0354137337894     
   5.45000000000000        32.0448732191249     
   5.47500000000000        32.0541750946373     
   5.50000000000000        32.0633219482066     
   5.52500000000000        32.0723163344933     
   5.55000000000000        32.0811607715185     
   5.57500000000000        32.0898577399877     
   5.60000000000000        32.0984096822300     
   5.62500000000000        32.1068190014295     
   5.65000000000000        32.1150880619304     
   5.67500000000000        32.1232191898569     
   5.70000000000000        32.1312146727650     
   5.72500000000000        32.1390767608225     
   5.75000000000000        32.1468076666841     
   5.77500000000000        32.1544095665049     
   5.80000000000000        32.1618846006827     
   5.82500000000000        32.1692348736176     
   5.85000000000000        32.1764623209348     
   5.87500000000000        32.1835692524270     
   5.90000000000000        32.1905575288578     
   5.92500000000000        32.1974291164608     
   5.95000000000000        32.2041859521684     
   5.97500000000000        32.2108299394115     
   6.00000000000000        32.2173629505621     
   6.02500000000000        32.2237868262580     
   6.05000000000000        32.2301033766647     
   6.07500000000000        32.2363143820619     
   6.10000000000000        32.2424215927690     
   6.12500000000000        32.2484267301351     
   6.15000000000000        32.2543314869814     
   6.17500000000000        32.2601375279669     
   6.20000000000000        32.2658473181759     
   6.22500000000000        32.2714607597233     
   6.25000000000000        32.2769803328837     
   6.27500000000000        32.2824075866692     
   6.30000000000000        32.2877440506680     
   6.32500000000000        32.2929920559430     
   6.35000000000000        32.2981513717104     
   6.37500000000000        32.3032243509905     
   6.40000000000000        32.3082124168033     
   6.42500000000000        32.3131169753256     
   6.45000000000000        32.3179394071144     
   6.47500000000000        32.3226810720771     
   6.50000000000000        32.3273433076112     
   6.52500000000000        32.3319274296469     
   6.55000000000000        32.3364347322863     
   6.57500000000000        32.3408664884645     
   6.60000000000000        32.3452247812607     
   6.62500000000000        32.3495091282382     
   6.65000000000000        32.3537216405256     
   6.67500000000000        32.3578635010388     
   6.70000000000000        32.3619367114790     
   6.72500000000000        32.3659407048653     
   6.75000000000000        32.3698775132636     
   6.77500000000000        32.3737482413437     
   6.80000000000000        32.3775539825148     
   6.82500000000000        32.3812958096770     
   6.85000000000000        32.3849747801880     
   6.87500000000000        32.3885919343872     
   6.90000000000000        32.3921482956815     
   6.92500000000000        32.3956448707937     
   6.95000000000000        32.3990826498852     
   6.97500000000000        32.4024634402871     
   7.00000000000000        32.4057864818294     
   7.02500000000000        32.4090536192063     
   7.05000000000000        32.4122657709440     
   7.07500000000000        32.4154238470616     
   7.10000000000000        32.4185287399327     
   7.12500000000000        32.4215813293448     
   7.15000000000000        32.4245824805065     
   7.17500000000000        32.4275329089485     
   7.20000000000000        32.4304337306315     
   7.22500000000000        32.4332856266862     
   7.25000000000000        32.4360894054070     
   7.27500000000000        32.4388458649493     
   7.30000000000000        32.4415557894197     
   7.32500000000000        32.4442199499970     
   7.35000000000000        32.4468391047281     
   7.37500000000000        32.4494139993020     
   7.40000000000000        32.4519453670338     
   7.42500000000000        32.4544339290121     
   7.45000000000000        32.4568803942336     
   7.47500000000000        32.4592854600420     
   7.50000000000000        32.4616498123105     
   7.52500000000000        32.4639741253857     
   7.55000000000000        32.4662590626122     
   7.57500000000000        32.4685052761990     
   7.60000000000000        32.4707134074839     
   7.62500000000000        32.4728840873300     
   7.65000000000000        32.4750179360693     
   7.67500000000000        32.4771155636779     
   7.70000000000000        32.4791775702158     
   7.72500000000000        32.4812045455155     
   7.75000000000000        32.4831969324096     
   7.77500000000000        32.4851555829076     
   7.80000000000000        32.4870809139460     
   7.82500000000000        32.4889734751440     
   7.85000000000000        32.4908338107898     
   7.87500000000000        32.4926632911470     
   7.90000000000000        32.4944607168861     
   7.92500000000000        32.4962275101987     
   7.95000000000000        32.4979641710359     
   7.97500000000000        32.4996711973360     
   8.00000000000000        32.5013489381997     
   8.02500000000000        32.5029981582583     
   8.05000000000000        32.5046191857649     
   8.07500000000000        32.5062124849512     
   8.10000000000000        32.5077785158935     
   8.12500000000000        32.5093175870712     
   8.15000000000000        32.5108302919804     
   8.17500000000000        32.5123172101555     
   8.20000000000000        32.5137786188285     
   8.22500000000000        32.5152149398732     
   8.25000000000000        32.5166265902051     
   8.27500000000000        32.5180138407307     
   8.30000000000000        32.5193773762813     
   8.32500000000000        32.5207174473700     
   8.35000000000000        32.5220344407098     
   8.37500000000000        32.5233295776638     
   8.40000000000000        32.5246015073190     
   8.42500000000000        32.5258515067942     
   8.45000000000000        32.5270799317586     
   8.47500000000000        32.5282871386364     
   8.50000000000000        32.5294734754771     
   8.52500000000000        32.5306392864934     
   8.55000000000000        32.5317849104590     
   8.57500000000000        32.5329106809710     
   8.60000000000000        32.5340169262549     
   8.62500000000000        32.5351039692932     
   8.65000000000000        32.5361721279196     
   8.67500000000000        32.5372217146211     
   8.70000000000000        32.5382530368601     
   8.72500000000000        32.5392663969431     
   8.75000000000000        32.5402620921140     
   8.77500000000000        32.5412404149006     
   8.80000000000000        32.5422016530904     
   8.82500000000000        32.5431460893326     
   8.85000000000000        32.5440740018818     
   8.87500000000000        32.5449856643011     
   8.90000000000000        32.5458813456479     
   8.92500000000000        32.5467613104954     
   8.95000000000000        32.5476258191366     
   8.97500000000000        32.5484751274425     
   9.00000000000000        32.5493103259153     
   9.02500000000000        32.5501307711934     
   9.05000000000000        32.5509358867291     
   9.07500000000000        32.5517268117416     
   9.10000000000000        32.5525037725946     
   9.12500000000000        32.5532668569968     
   9.15000000000000        32.5540165719102     
   9.17500000000000        32.5547529928862     
   9.20000000000000        32.5554763358906     
   9.22500000000000        32.5561868175966     
   9.25000000000000        32.5568846503540     
   9.27500000000000        32.5575700432480     
   9.30000000000000        32.5582432021069     
   9.32500000000000        32.5589043291934     
   9.35000000000000        32.5595536235852     
   9.37500000000000        32.5601912812055     
   9.40000000000000        32.5608174946100     
   9.42500000000000        32.5614324531144     
   9.45000000000000        32.5620363431746     
   9.47500000000000        32.5626293479725     
   9.50000000000000        32.5632116475392     
   9.52500000000000        32.5637834192387     
   9.55000000000000        32.5643448373281     
   9.57500000000000        32.5648960732769     
   9.60000000000000        32.5654371559545     
   9.62500000000000        32.5659683996534     
   9.65000000000000        32.5664901017059     
   9.67500000000000        32.5670022763142     
   9.70000000000000        32.5675050806425     
   9.72500000000000        32.5679986712746     
   9.75000000000000        32.5684832012374     
   9.77500000000000        32.5689588210543     
   9.80000000000000        32.5694256784851     
   9.82500000000000        32.5698839187985     
   9.85000000000000        32.5703336848373     
   9.87500000000000        32.5707751169721     
   9.90000000000000        32.5712083531249     
   9.92500000000000        32.5716335292665     
   9.95000000000000        32.5720507786307     
   9.97500000000000        32.5724602326330     
   10.0000000000000        32.5728620202838     
   10.0250000000000        32.5732562685796     
   10.0500000000000        32.5736431023740     
   10.0750000000000        32.5740226442357     
   10.1000000000000        32.5743950150208     
   10.1250000000000        32.5747603334443     
   10.1500000000000        32.5751187162896     
   10.1750000000000        32.5754701432986     
   10.2000000000000        32.5758150036954     
   10.2250000000000        32.5761532669430     
   10.2500000000000        32.5764850401681     
   10.2750000000000        32.5768104321479     
   10.3000000000000        32.5771295486126     
   10.3250000000000        32.5774424939319     
   10.3500000000000        32.5777493703264     
   10.3750000000000        32.5780502783818     
   10.4000000000000        32.5783453170054     
   10.4250000000000        32.5786345833673     
   10.4500000000000        32.5789181731910     
   10.4750000000000        32.5791961803017     
   10.5000000000000        32.5794686972502     
   10.5250000000000        32.5797358148576     
   10.5500000000000        32.5799976226579     
   10.5750000000000        32.5802550484035     
   10.6000000000000        32.5805064470763     
   10.6250000000000        32.5807528130642     
   10.6500000000000        32.5809942221295     
   10.6750000000000        32.5812307553868     
   10.7000000000000        32.5814624899652     
   10.7250000000000        32.5816895040842     
   10.7500000000000        32.5819118745083     
   10.7750000000000        32.5821296774639     
   10.8000000000000        32.5823429881373     
   10.8250000000000        32.5825518805355     
   10.8500000000000        32.5827564275913     
   10.8750000000000        32.5829567010138     
   10.9000000000000        32.5831527714507     
   10.9250000000000        32.5833445674557     
   10.9500000000000        32.5835323073416     
   10.9750000000000        32.5837170339573     
   11.0000000000000        32.5838969340733     
   11.0250000000000        32.5840729817582     
   11.0500000000000        32.5842452345948     
   11.0750000000000        32.5844137551024     
   11.1000000000000        32.5845786019834     
   11.1250000000000        32.5847398348480     
   11.1500000000000        32.5848973762369     
   11.1750000000000        32.5850515634747     
   11.2000000000000        32.5852023109835     
   11.2250000000000        32.5853496733517     
   11.2500000000000        32.5854935735719     
   11.2750000000000        32.5856343412398     
   11.3000000000000        32.5857718902767     
   11.3250000000000        32.5859062716705     
   11.3500000000000        32.5860375394088     
   11.3750000000000        32.5861657452662     
   11.4000000000000        32.5862909402367     
   11.4250000000000        32.5864131743398     
   11.4500000000000        32.5865323597074     
   11.4750000000000        32.5866488248412     
   11.5000000000000        32.5867624737365     
   11.5250000000000        32.5868733506782     
   11.5500000000000        32.5869815032024     
   11.5750000000000        32.5870869763848     
   11.6000000000000        32.5871898150058     
   11.6250000000000        32.5872900628371     
   11.6500000000000        32.5873877629239     
   11.6750000000000        32.5874837978695     
   11.7000000000000        32.5875764770017     
   11.7250000000000        32.5876667508256     
   11.7500000000000        32.5877546516441     
   11.7750000000000        32.5878402177744     
   11.8000000000000        32.5879234843462     
   11.8250000000000        32.5880044881190     
   11.8500000000000        32.5880832653089     
   11.8750000000000        32.5881598522079     
   11.9000000000000        32.5882342843827     
   11.9250000000000        32.5883065973405     
   11.9500000000000        32.5883766873515     
   11.9750000000000        32.5884448720496     
   12.0000000000000        32.5885110401648     
   12.0250000000000        32.5885752227451     
   12.0500000000000        32.5886374540032     
   12.0750000000000        32.5886977663543     
   12.1000000000000        32.5887561918484     
   12.1250000000000        32.5888127619525     
   12.1500000000000        32.5888675073919     
   12.1750000000000        32.5889204583892     
   12.2000000000000        32.5889716447781     
   12.2250000000000        32.5890210957865     
   12.2500000000000        32.5890688400483     
   12.2750000000000        32.5891147704576     
   12.3000000000000        32.5891591920367     
   12.3250000000000        32.5892019900528     
   12.3500000000000        32.5892431892085     
   12.3750000000000        32.5892828173590     
   12.4000000000000        32.5893209005847     
   12.4250000000000        32.5893574649937     
   12.4500000000000        32.5893925356958     
   12.4750000000000        32.5894261376009     
   12.5000000000000        32.5894582950588     
