  5.000000000000000E-003   12.1136456862304     
  1.000000000000000E-002   12.2346293744409     
  1.500000000000000E-002   12.3472869344702     
  2.000000000000000E-002   12.4514825146354     
  2.500000000000000E-002   12.5605279789024     
  3.000000000000000E-002   12.6525631832635     
  3.500000000000000E-002   12.7374079333040     
  4.000000000000000E-002   12.8148706706690     
  4.500000000000000E-002   12.8814503865076     
  5.000000000000000E-002   12.9430221804269     
  5.500000000000000E-002   12.9973756371955     
  6.000000000000000E-002   13.0468846418790     
  6.500000000000000E-002   13.0969835850248     
  7.000000000000001E-002   13.1406570260196     
  7.500000000000000E-002   13.1903508152167     
  8.000000000000000E-002   13.2277490541888     
  8.500000000000001E-002   13.2589427182172     
  9.000000000000000E-002   13.2905145126988     
  9.500000000000000E-002   13.3198952128462     
  0.100000000000000        13.3424606057337     
  0.105000000000000        13.3632386611910     
  0.110000000000000        13.3860247000667     
  0.115000000000000        13.4112837175436     
  0.120000000000000        13.4271928737219     
  0.125000000000000        13.4421123951699     
  0.130000000000000        13.4637785252490     
  0.135000000000000        13.4765554460558     
  0.140000000000000        13.4908824913793     
  0.145000000000000        13.5018511972601     
  0.150000000000000        13.5119136318312     
  0.155000000000000        13.5213648278930     
  0.160000000000000        13.5299611578371     
  0.165000000000000        13.5392269197030     
  0.170000000000000        13.5468685555723     
  0.175000000000000        13.5555391308935     
  0.180000000000000        13.5622146042455     
  0.185000000000000        13.5685374763165     
  0.190000000000000        13.5794496602734     
  0.195000000000000        13.5849573469015     
  0.200000000000000        13.5901290529595     
  0.205000000000000        13.5949906320205     
  0.210000000000000        13.5995655082215     
  0.215000000000000        13.6046338858998     
  0.220000000000000        13.6096696741467     
  0.225000000000000        13.6135127269634     
  0.230000000000000        13.6171440063897     
  0.235000000000000        13.6205784990475     
  0.240000000000000        13.6238299366388     
  0.245000000000000        13.6283131004451     
  0.250000000000000        13.6361330217729     
  0.255000000000000        13.6389182838891     
  0.260000000000000        13.6414129695342     
  0.265000000000000        13.6439297751511     
  0.270000000000000        13.6463249113751     
  0.275000000000000        13.6507660391998     
  0.280000000000000        13.6526247142666     
  0.285000000000000        13.6547022262412     
  0.290000000000000        13.6566854543482     
  0.295000000000000        13.6584168723669     
  0.300000000000000        13.6602285274237     
  0.305000000000000        13.6619615350912     
  0.310000000000000        13.6636204874348     
  0.315000000000000        13.6652096384229     
  0.320000000000000        13.6667327888051     
  0.325000000000000        13.6681937107688     
  0.330000000000000        13.6702658900083     
  0.335000000000000        13.6716132182318     
  0.340000000000000        13.6729077835204     
  0.345000000000000        13.6741522924188     
  0.350000000000000        13.6753493253475     
  0.355000000000000        13.6765013024229     
  0.360000000000000        13.6776104285151     
  0.365000000000000        13.6786789035608     
  0.370000000000000        13.6797086863279     
  0.375000000000000        13.6807016533712     
  0.380000000000000        13.6816595554091     
  0.385000000000000        13.6825840655627     
  0.390000000000000        13.6834766439054     
  0.395000000000000        13.6843388791899     
  0.400000000000000        13.6851720655786     
  0.405000000000000        13.6859775263794     
  0.410000000000000        13.6867564763962     
  0.415000000000000        13.6875100732361     
  0.420000000000000        13.6882394067920     
  0.425000000000000        13.6889455084330     
  0.430000000000000        13.6896293533086     
  0.435000000000000        13.6902918644619     
  0.440000000000000        13.6909339160405     
  0.445000000000000        13.6915563364317     
  0.450000000000000        13.6921599111381     
  0.455000000000000        13.6927453854740     
  0.460000000000000        13.6933134669866     
  0.465000000000000        13.6938648278472     
  0.470000000000000        13.6944001069448     
  0.475000000000000        13.6949199118929     
  0.480000000000000        13.6954248208884     
  0.485000000000000        13.6959153844411     
  0.490000000000000        13.7003070452618     
  0.495000000000000        13.7007713436692     
  0.500000000000000        13.7012227659513     
  0.505000000000000        13.7016617681660     
  0.510000000000000        13.7020887856682     
  0.515000000000000        13.7025042343574     
  0.520000000000000        13.7029085116222     
  0.525000000000000        13.7033019974417     
  0.530000000000000        13.7036850552969     
  0.535000000000000        13.7040580330837     
  0.540000000000000        13.7044212638640     
  0.545000000000000        13.7047750667336     
  0.550000000000000        13.7051197474693     
  0.555000000000000        13.7054555992890     
  0.560000000000000        13.7057829667804     
  0.565000000000000        13.7061020024063     
  0.570000000000000        13.7062262178013     
  0.575000000000000        13.7065295467082     
  0.580000000000000        13.7068253073058     
  0.585000000000000        13.7071138519301     
  0.590000000000000        13.7073952589766     
  0.595000000000000        13.7076697685244     
  0.600000000000000        13.7079376350851     
  0.605000000000000        13.7081990335769     
  0.610000000000000        13.7084541594938     
  0.615000000000000        13.7087031929306     
  0.620000000000000        13.7089463104464     
  0.625000000000000        13.7091836814273     
  0.630000000000000        13.7094154696033     
  0.635000000000000        13.7096418328541     
  0.640000000000000        13.7098629236425     
  0.645000000000000        13.7100789122535     
  0.650000000000000        13.7102898731931     
  0.655000000000000        13.7104959826190     
  0.660000000000000        13.7106974193656     
  0.665000000000000        13.7108942571666     
  0.670000000000000        13.7110866381101     
  0.675000000000000        13.7112746765655     
  0.680000000000000        13.7114584905538     
  0.685000000000000        13.7114485428828     
  0.690000000000000        13.7116243142477     
  0.695000000000000        13.7117961865145     
  0.700000000000000        13.7119642617119     
  0.705000000000000        13.7121287021188     
  0.710000000000000        13.7122894857092     
  0.715000000000000        13.7124467261617     
  0.720000000000000        13.7126005662729     
  0.725000000000000        13.7127510706632     
  0.730000000000000        13.7128983301633     
  0.735000000000000        13.7130424241968     
  0.740000000000000        13.7131834964118     
  0.745000000000000        13.7133224095578     
  0.750000000000000        13.7134569603155     
  0.755000000000000        13.7135891477261     
  0.760000000000000        13.7137184660675     
  0.765000000000000        13.7138451138924     
  0.770000000000000        13.7139691075682     
  0.775000000000000        13.7140905228348     
  0.780000000000000        13.7142094163505     
  0.785000000000000        13.7143258494727     
  0.790000000000000        13.7144398803208     
  0.795000000000000        13.7145515662081     
  0.800000000000000        13.7146609864494     
  0.805000000000000        13.7147681037275     
  0.810000000000000        13.7148731001984     
  0.815000000000000        13.7149759458615     
  0.820000000000000        13.7150767175724     
  0.825000000000000        13.7151754557533     
  0.830000000000000        13.7152722109374     
  0.835000000000000        13.7153670286771     
  0.840000000000000        13.7154599545623     
  0.845000000000000        13.7155510325333     
  0.850000000000000        13.7156403056356     
  0.855000000000000        13.7157278156776     
  0.860000000000000        13.7158136034614     
  0.865000000000000        13.7158977087406     
  0.870000000000000        13.7159801702475     
  0.875000000000000        13.7160610257382     
  0.880000000000000        13.7161403120361     
  0.885000000000000        13.7162180650298     
  0.890000000000000        13.7162943197230     
  0.895000000000000        13.7163691332055     
  0.900000000000000        13.7164424487372     
  0.905000000000000        13.7165144267371     
  0.910000000000000        13.7165850176038     
  0.915000000000000        13.7166542787957     
  0.920000000000000        13.7167222319463     
  0.925000000000000        13.7167889093229     
  0.930000000000000        13.7168543622478     
  0.935000000000000        13.7169185277302     
  0.940000000000000        13.7169815855119     
  0.945000000000000        13.7170433893792     
  0.950000000000000        13.7171041210090     
  0.955000000000000        13.7171637158187     
  0.960000000000000        13.7172222280874     
  0.965000000000000        13.7172796726530     
  0.970000000000000        13.7173361003908     
  0.975000000000000        13.7173914408910     
  0.980000000000000        13.7174458470217     
  0.985000000000000        13.7174992589982     
  0.990000000000000        13.7175517250592     
  0.995000000000000        13.7176032577313     
   1.00000000000000        13.7176538804567     
   1.00500000000000        13.7177036124394     
   1.01000000000000        13.7177524736574     
   1.01500000000000        13.7178005068506     
   1.02000000000000        13.7178476390701     
   1.02500000000000        13.7178940179417     
   1.03000000000000        13.7179395797695     
   1.03500000000000        13.7179843686250     
   1.04000000000000        13.7180283931575     
   1.04500000000000        13.7180716729081     
   1.05000000000000        13.7181142233366     
   1.05500000000000        13.7181560607492     
   1.06000000000000        13.7181972242805     
   1.06500000000000        13.7182376376140     
   1.07000000000000        13.7182774449154     
   1.07500000000000        13.7183165791462     
   1.08000000000000        13.7183551451137     
   1.08500000000000        13.7183930526239     
   1.09000000000000        13.7184302493267     
   1.09500000000000        13.7184669286990     
   1.10000000000000        13.7185030001660     
   1.10500000000000        13.7185385091751     
   1.11000000000000        13.7185734571545     
   1.11500000000000        13.7186078596663     
   1.12000000000000        13.7186417273633     
   1.12500000000000        13.7186750722309     
   1.13000000000000        13.7187079054902     
   1.13500000000000        13.7187402383106     
   1.14000000000000        13.7187720815623     
   1.14500000000000        13.7188034459275     
   1.15000000000000        13.7188343418145     
   1.15500000000000        13.7188647794459     
   1.16000000000000        13.7188947688357     
   1.16500000000000        13.7189243197553     
   1.17000000000000        13.7189534417722     
   1.17500000000000        13.7189821442462     
   1.18000000000000        13.7190104363766     
   1.18500000000000        13.7190383271080     
   1.19000000000000        13.7190658252111     
   1.19500000000000        13.7190929392951     
   1.20000000000000        13.7191196777627     
   1.20500000000000        13.7191460488374     
   1.21000000000000        13.7191720605708     
   1.21500000000000        13.7191977208428     
   1.22000000000000        13.7192230373587     
   1.22500000000000        13.7192480415203     
   1.23000000000000        13.7192726484351     
   1.23500000000000        13.7192969950889     
   1.24000000000000        13.7193210303513     
   1.24500000000000        13.7193446962095     
   1.25000000000000        13.7193681435975     
   1.25500000000000        13.7193912091066     
   1.26000000000000        13.7194140539227     
   1.26500000000000        13.7194365946244     
   1.27000000000000        13.7194588667934     
   1.27500000000000        13.7194808671933     
   1.28000000000000        13.7195026284446     
   1.28500000000000        13.7195240640033     
   1.29000000000000        13.7195453090371     
   1.29500000000000        13.7195662874446     
   1.30000000000000        13.7195870313478     
   1.30500000000000        13.7196075376061     
   1.31000000000000        13.7196278143121     
   1.31500000000000        13.7196478657194     
   1.32000000000000        13.7196676971307     
   1.32500000000000        13.7196873134216     
   1.33000000000000        13.7197067194198     
   1.33500000000000        13.7197259198123     
   1.34000000000000        13.7197449192235     
   1.34500000000000        13.7197637221412     
   1.35000000000000        13.7197823562737     
   1.35500000000000        13.7198007350534     
   1.36000000000000        13.7198189913927     
   1.36500000000000        13.7198370479118     
   1.37000000000000        13.7198549351999     
   1.37500000000000        13.7198726487601     
   1.38000000000000        13.7198901952771     
   1.38500000000000        13.7199075776676     
   1.39000000000000        13.7199247999324     
   1.39500000000000        13.7199418656217     
   1.40000000000000        13.7199587783299     
   1.40500000000000        13.7199755650347     
   1.41000000000000        13.7199921376636     
   1.41500000000000        13.7200086286998     
   1.42000000000000        13.7200249597504     
   1.42500000000000        13.7200411839876     
   1.43000000000000        13.7200572049501     
   1.43500000000000        13.7200731573541     
   1.44000000000000        13.7200889617594     
   1.44500000000000        13.7201046479684     
   1.45000000000000        13.7201202102793     
   1.45500000000000        13.7201356543397     
   1.46000000000000        13.7201510461921     
   1.46500000000000        13.7201662694115     
   1.47000000000000        13.7201813484205     
   1.47500000000000        13.7201963386239     
   1.48000000000000        13.7202112198945     
   1.48500000000000        13.7202260008770     
   1.49000000000000        13.7202406813452     
   1.49500000000000        13.7202553283478     
   1.50000000000000        13.7202698242948     
   1.50500000000000        13.7202841932952     
   1.51000000000000        13.7202984902329     
   1.51500000000000        13.7203126945347     
   1.52000000000000        13.7203268144637     
   1.52500000000000        13.7203408493325     
   1.53000000000000        13.7203548016319     
   1.53500000000000        13.7203686728394     
   1.54000000000000        13.7203824648277     
   1.54500000000000        13.7203961793161     
   1.55000000000000        13.7204098179945     
   1.55500000000000        13.7204233826048     
   1.56000000000000        13.7204377847281     
   1.56500000000000        13.7204507346426     
   1.57000000000000        13.7204640513055     
   1.57500000000000        13.7204772182138     
   1.58000000000000        13.7204904078381     
   1.58500000000000        13.7205035189840     
   1.59000000000000        13.7205166459131     
   1.59500000000000        13.7205296588605     
   1.60000000000000        13.7205425833721     
   1.60500000000000        13.7205554717351     
   1.61000000000000        13.7205683023911     
   1.61500000000000        13.7205810822778     
   1.62000000000000        13.7205938096878     
   1.62500000000000        13.7206064860683     
   1.63000000000000        13.7206191763306     
   1.63500000000000        13.7206317617510     
   1.64000000000000        13.7206442653125     
   1.64500000000000        13.7206567407352     
   1.65000000000000        13.7206691663797     
   1.65500000000000        13.7206815494209     
   1.66000000000000        13.7206938881650     
   1.66500000000000        13.7207061840913     
   1.67000000000000        13.7207184377409     
   1.67500000000000        13.7207306499679     
   1.68000000000000        13.7207428216077     
   1.68500000000000        13.7207549534866     
   1.69000000000000        13.7207670464364     
   1.69500000000000        13.7207791012620     
   1.70000000000000        13.7207911187859     
   1.70500000000000        13.7208030998256     
   1.71000000000000        13.7208150451583     
   1.71500000000000        13.7208269555596     
   1.72000000000000        13.7208388317937     
   1.72500000000000        13.7208507389658     
   1.73000000000000        13.7208625579987     
   1.73500000000000        13.7208743117425     
   1.74000000000000        13.7208860536938     
   1.74500000000000        13.7208977618989     
   1.75000000000000        13.7209094666607     
   1.75500000000000        13.7209210747681     
   1.76000000000000        13.7209327163892     
   1.76500000000000        13.7209443100468     
   1.77000000000000        13.7209558829833     
   1.77500000000000        13.7209674271280     
   1.78000000000000        13.7209789458432     
   1.78500000000000        13.7209904387422     
   1.79000000000000        13.7210019066458     
   1.79500000000000        13.7210133499492     
   1.80000000000000        13.7210247691892     
   1.80500000000000        13.7210361648418     
   1.81000000000000        13.7210475373701     
   1.81500000000000        13.7210588872602     
   1.82000000000000        13.7210702149229     
   1.82500000000000        13.7210815208050     
   1.83000000000000        13.7210928053325     
   1.83500000000000        13.7211040689209     
   1.84000000000000        13.7211153119877     
   1.84500000000000        13.7211265348883     
   1.85000000000000        13.7211377380101     
   1.85500000000000        13.7211489217233     
   1.86000000000000        13.7211600863807     
   1.86500000000000        13.7211712323204     
   1.87000000000000        13.7211823599078     
   1.87500000000000        13.7211934694313     
   1.88000000000000        13.7212045612309     
   1.88500000000000        13.7212156355785     
   1.89000000000000        13.7212266927884     
   1.89500000000000        13.7212377561248     
   1.90000000000000        13.7212487357317     
   1.90500000000000        13.7212597600282     
   1.91000000000000        13.7212707478585     
   1.91500000000000        13.7212817260594     
   1.92000000000000        13.7212926863791     
   1.92500000000000        13.7213036319049     
   1.93000000000000        13.7213145856215     
   1.93500000000000        13.7213254562396     
   1.94000000000000        13.7213363734087     
   1.94500000000000        13.7213472555476     
   1.95000000000000        13.7213581532130     
   1.95500000000000        13.7213689662316     
   1.96000000000000        13.7213798502583     
   1.96500000000000        13.7213906323625     
   1.97000000000000        13.7214014680962     
   1.97500000000000        13.7214122675331     
   1.98000000000000        13.7214230603225     
   1.98500000000000        13.7214338372442     
   1.99000000000000        13.7214446016048     
   1.99500000000000        13.7214553526017     
   2.00000000000000        13.7214661141675     
   2.00500000000000        13.7214767950499     
   2.01000000000000        13.7214884362770     
   2.01500000000000        13.7214986374394     
   2.02000000000000        13.7215093129697     
   2.02500000000000        13.7215199212446     
   2.03000000000000        13.7215304983658     
   2.03500000000000        13.7215411245114     
   2.04000000000000        13.7215517288584     
   2.04500000000000        13.7215623320695     
   2.05000000000000        13.7215729258913     
   2.05500000000000        13.7215835119002     
   2.06000000000000        13.7215940887453     
   2.06500000000000        13.7216046562306     
   2.07000000000000        13.7216152139624     
   2.07500000000000        13.7216257616738     
   2.08000000000000        13.7216362991924     
   2.08500000000000        13.7216468263294     
   2.09000000000000        13.7216573429884     
   2.09500000000000        13.7216678490471     
   2.10000000000000        13.7216783444392     
   2.10500000000000        13.7216888291231     
   2.11000000000000        13.7216993030151     
   2.11500000000000        13.7217097660991     
   2.12000000000000        13.7217202828640     
   2.12500000000000        13.7217307330737     
   2.13000000000000        13.7217411391036     
   2.13500000000000        13.7217515537018     
   2.14000000000000        13.7217619542223     
   2.14500000000000        13.7217723468646     
   2.15000000000000        13.7217827289644     
   2.15500000000000        13.7217931241994     
   2.16000000000000        13.7218034414912     
   2.16500000000000        13.7218138093824     
   2.17000000000000        13.7218241461831     
   2.17500000000000        13.7218344784100     
   2.18000000000000        13.7218447975135     
   2.18500000000000        13.7218551062544     
   2.19000000000000        13.7218654036996     
   2.19500000000000        13.7218756901180     
   2.20000000000000        13.7218859653807     
   2.20500000000000        13.7218962294885     
   2.21000000000000        13.7219064824008     
   2.21500000000000        13.7219167240902     
   2.22000000000000        13.7219269545267     
   2.22500000000000        13.7219371736523     
   2.23000000000000        13.7219473814486     
   2.23500000000000        13.7219575778946     
   2.24000000000000        13.7219677864890     
   2.24500000000000        13.7219779156194     
   2.25000000000000        13.7219880945928     
   2.25500000000000        13.7219982415829     
   2.26000000000000        13.7220083832304     
   2.26500000000000        13.7220185109585     
   2.27000000000000        13.7220286276025     
   2.27500000000000        13.7220387322160     
   2.28000000000000        13.7220488250772     
   2.28500000000000        13.7220589060699     
   2.29000000000000        13.7220689752035     
   2.29500000000000        13.7220790324172     
   2.30000000000000        13.7220890776810     
   2.30500000000000        13.7220991109616     
   2.31000000000000        13.7221091322315     
   2.31500000000000        13.7221191414086     
   2.32000000000000        13.7221291384882     
   2.32500000000000        13.7221391233878     
   2.33000000000000        13.7221490960547     
   2.33500000000000        13.7221590797770     
   2.34000000000000        13.7221689835013     
   2.34500000000000        13.7221789360662     
   2.35000000000000        13.7221888557647     
   2.35500000000000        13.7221987691780     
   2.36000000000000        13.7222086677845     
   2.36500000000000        13.7222185543545     
   2.37000000000000        13.7222284279830     
   2.37500000000000        13.7222382889123     
   2.38000000000000        13.7222481603440     
   2.38500000000000        13.7222579512444     
   2.39000000000000        13.7222677904549     
   2.39500000000000        13.7222775962961     
   2.40000000000000        13.7222873953294     
   2.40500000000000        13.7222971790042     
   2.41000000000000        13.7223069501375     
   2.41500000000000        13.7223167077882     
   2.42000000000000        13.7223264522135     
   2.42500000000000        13.7223361833138     
   2.43000000000000        13.7223459010758     
   2.43500000000000        13.7223556054534     
   2.44000000000000        13.7223652963865     
   2.44500000000000        13.7223749738490     
   2.45000000000000        13.7223855509024     
   2.45500000000000        13.7223947052834     
   2.46000000000000        13.7224043270528     
   2.46500000000000        13.7224138591207     
   2.47000000000000        13.7224234256660     
   2.47500000000000        13.7224329786700     
   2.48000000000000        13.7224425284926     
   2.48500000000000        13.7224521337735     
   2.49000000000000        13.7224616740821     
   2.49500000000000        13.7224711706074     
   2.50000000000000        13.7224807401864     
   2.52500000000000        13.7225090805129     
   2.55000000000000        13.7225469586652     
   2.57500000000000        13.7225896384564     
   2.60000000000000        13.7226344676867     
   2.62500000000000        13.7226801462692     
   2.65000000000000        13.7227260171735     
   2.67500000000000        13.7227717479972     
   2.70000000000000        13.7228173562955     
   2.72500000000000        13.7228623198855     
   2.75000000000000        13.7229068469196     
   2.77500000000000        13.7229511357357     
   2.80000000000000        13.7229947158571     
   2.82500000000000        13.7230378384405     
   2.85000000000000        13.7230805298340     
   2.87500000000000        13.7231227649253     
   2.90000000000000        13.7231645475130     
   2.92500000000000        13.7232058753934     
   2.95000000000000        13.7232467502334     
   2.97500000000000        13.7232871732300     
   3.00000000000000        13.7233271460037     
   3.02500000000000        13.7233666701090     
   3.05000000000000        13.7234057470629     
   3.07500000000000        13.7234443784004     
   3.10000000000000        13.7234825655942     
   3.12500000000000        13.7235203101371     
   3.15000000000000        13.7235576135595     
   3.17500000000000        13.7235944773915     
   3.20000000000000        13.7236309032777     
   3.22500000000000        13.7236668928806     
   3.25000000000000        13.7237024479648     
   3.27500000000000        13.7237375703676     
   3.30000000000000        13.7237722620825     
   3.32500000000000        13.7238065251039     
   3.35000000000000        13.7238403616280     
   3.37500000000000        13.7238737738922     
   3.40000000000000        13.7239067642394     
   3.42500000000000        13.7239393351357     
   3.45000000000000        13.7239714891539     
   3.47500000000000        13.7240032289088     
   3.50000000000000        13.7240345571847     
   3.52500000000000        13.7240654767538     
   3.55000000000000        13.7240959905894     
   3.57500000000000        13.7241261016496     
   3.60000000000000        13.7241558192690     
   3.62500000000000        13.7241850976000     
   3.65000000000000        13.7242140421012     
   3.67500000000000        13.7242425723296     
   3.70000000000000        13.7242707212413     
   3.72500000000000        13.7242984836515     
   3.75000000000000        13.7243258663609     
   3.77500000000000        13.7243528720814     
   3.80000000000000        13.7243813308001     
   3.82500000000000        13.7244065796590     
   3.85000000000000        13.7244322397470     
   3.87500000000000        13.7244575434060     
   3.90000000000000        13.7244826082262     
   3.92500000000000        13.7245073511784     
   3.95000000000000        13.7245317789359     
   3.97500000000000        13.7245558340149     
   4.00000000000000        13.7245796154957     
   4.02500000000000        13.7246030395851     
   4.05000000000000        13.7246261375848     
   4.07500000000000        13.7246489031000     
   4.10000000000000        13.7246713424260     
   4.12500000000000        13.7246934578535     
   4.15000000000000        13.7247152531930     
   4.17500000000000        13.7247367319375     
   4.20000000000000        13.7247578976712     
   4.22500000000000        13.7247787540716     
   4.25000000000000        13.7247993047622     
   4.27500000000000        13.7248195534373     
   4.30000000000000        13.7248395037679     
   4.32500000000000        13.7248593479428     
   4.35000000000000        13.7248786528897     
   4.37500000000000        13.7248978622026     
   4.40000000000000        13.7249165724227     
   4.42500000000000        13.7249350115761     
   4.45000000000000        13.7249532149329     
   4.47500000000000        13.7249711543453     
   4.50000000000000        13.7249888346750     
   4.52500000000000        13.7250062536674     
   4.55000000000000        13.7250234137620     
   4.57500000000000        13.7250403170237     
   4.60000000000000        13.7250569662936     
   4.62500000000000        13.7250733645280     
   4.65000000000000        13.7250895148972     
   4.67500000000000        13.7251054261659     
   4.70000000000000        13.7251210541075     
   4.72500000000000        13.7251365090595     
   4.75000000000000        13.7251516623526     
   4.77500000000000        13.7251666486438     
   4.80000000000000        13.7251813788511     
   4.82500000000000        13.7251958892329     
   4.85000000000000        13.7252101734824     
   4.87500000000000        13.7252242385967     
   4.90000000000000        13.7252380868655     
   4.92500000000000        13.7252517218673     
   4.95000000000000        13.7252651466468     
   4.97500000000000        13.7252783642819     
   5.00000000000000        13.7252913777556     
   5.02500000000000        13.7253041900780     
   5.05000000000000        13.7253168041274     
   5.07500000000000        13.7253292228115     
   5.10000000000000        13.7253414489481     
   5.12500000000000        13.7253534853916     
   5.15000000000000        13.7253653348695     
   5.17500000000000        13.7253788274566     
   5.20000000000000        13.7253892961177     
   5.22500000000000        13.7254005518754     
   5.25000000000000        13.7254113890204     
   5.27500000000000        13.7254221755328     
   5.30000000000000        13.7254328568898     
   5.32500000000000        13.7254434123471     
   5.35000000000000        13.7254537879042     
   5.37500000000000        13.7254640325493     
   5.40000000000000        13.7254759874252     
   5.42500000000000        13.7254849283925     
   5.45000000000000        13.7254944966598     
   5.47500000000000        13.7255039165514     
   5.50000000000000        13.7255133061135     
   5.52500000000000        13.7255225799402     
   5.55000000000000        13.7255317383030     
   5.57500000000000        13.7255407676752     
   5.60000000000000        13.7255496657932     
   5.62500000000000        13.7255584304687     
   5.65000000000000        13.7255670616376     
   5.67500000000000        13.7255755599115     
   5.70000000000000        13.7255839263276     
   5.72500000000000        13.7255921623348     
   5.75000000000000        13.7256002694493     
   5.77500000000000        13.7256082493703     
   5.80000000000000        13.7256161039347     
   5.82500000000000        13.7256238348435     
   5.85000000000000        13.7256314491680     
   5.87500000000000        13.7256389022868     
   5.90000000000000        13.7256462963237     
   5.92500000000000        13.7256535497025     
   5.95000000000000        13.7256606938620     
   5.97500000000000        13.7256677218510     
   6.00000000000000        13.7256746389666     
   6.02500000000000        13.7256814460427     
   6.05000000000000        13.7256881452419     
   6.07500000000000        13.7256947382748     
   6.10000000000000        13.7257012268047     
   6.12500000000000        13.7257076124960     
   6.15000000000000        13.7257138969937     
   6.17500000000000        13.7257200818921     
   6.20000000000000        13.7257263574083     
   6.22500000000000        13.7257322880078     
   6.25000000000000        13.7257381268319     
   6.27500000000000        13.7257439051093     
   6.30000000000000        13.7257495972282     
   6.32500000000000        13.7257553952967     
   6.35000000000000        13.7257608589067     
   6.37500000000000        13.7257662404938     
   6.40000000000000        13.7257715700130     
   6.42500000000000        13.7257768213985     
   6.45000000000000        13.7257819976076     
   6.47500000000000        13.7257870950762     
   6.50000000000000        13.7257921142925     
   6.52500000000000        13.7257970554051     
   6.55000000000000        13.7258019191791     
   6.57500000000000        13.7258067064753     
   6.60000000000000        13.7258116069987     
   6.62500000000000        13.7258161846532     
   6.65000000000000        13.7258206922069     
   6.67500000000000        13.7258251604439     
   6.70000000000000        13.7258297521614     
   6.72500000000000        13.7258340332106     
   6.75000000000000        13.7258382516893     
   6.77500000000000        13.7258424377059     
   6.80000000000000        13.7258465642464     
   6.82500000000000        13.7258506338760     
   6.85000000000000        13.7258546425753     
   6.87500000000000        13.7258585905772     
   6.90000000000000        13.7258624776449     
   6.92500000000000        13.7258663042832     
   6.95000000000000        13.7258700710606     
   6.97500000000000        13.7258739674394     
   7.00000000000000        13.7258775570097     
   7.02500000000000        13.7258810923449     
   7.05000000000000        13.7258846039601     
   7.07500000000000        13.7258880657036     
   7.10000000000000        13.7258914803733     
   7.12500000000000        13.7258948441430     
   7.15000000000000        13.7258981571602     
   7.17500000000000        13.7259014243446     
   7.20000000000000        13.7259045999750     
   7.22500000000000        13.7259077846164     
   7.25000000000000        13.7259108955845     
   7.27500000000000        13.7259139631473     
   7.30000000000000        13.7259169794129     
   7.32500000000000        13.7259199485452     
   7.35000000000000        13.7259228704240     
   7.37500000000000        13.7259257462710     
   7.40000000000000        13.7259285767855     
   7.42500000000000        13.7259313627812     
   7.45000000000000        13.7259341049401     
   7.47500000000000        13.7259368040183     
   7.50000000000000        13.7259394607224     
   7.52500000000000        13.7259420757409     
   7.55000000000000        13.7259446497700     
   7.57500000000000        13.7259471834672     
   7.60000000000000        13.7259496774688     
   7.62500000000000        13.7259521324351     
   7.65000000000000        13.7259545490017     
   7.67500000000000        13.7259569277686     
   7.70000000000000        13.7259592693950     
   7.72500000000000        13.7259615744225     
   7.75000000000000        13.7259638483347     
   7.77500000000000        13.7259660462704     
   7.80000000000000        13.7259682684114     
   7.82500000000000        13.7259704320005     
   7.85000000000000        13.7259725673372     
   7.87500000000000        13.7259748549471     
   7.90000000000000        13.7259768616636     
   7.92500000000000        13.7259788389148     
   7.95000000000000        13.7259808174144     
   7.97500000000000        13.7259827705439     
   8.00000000000000        13.7259847055204     
   8.02500000000000        13.7259865732756     
   8.05000000000000        13.7259884727819     
   8.07500000000000        13.7259903203335     
   8.10000000000000        13.7259921456168     
   8.12500000000000        13.7259939436152     
   8.15000000000000        13.7259956793436     
   8.17500000000000        13.7259974076347     
   8.20000000000000        13.7259991433697     
   8.22500000000000        13.7260008337687     
   8.25000000000000        13.7260025002877     
   8.27500000000000        13.7260041429326     
   8.30000000000000        13.7260057196383     
   8.32500000000000        13.7260073298737     
   8.35000000000000        13.7260088912957     
   8.37500000000000        13.7260106227090     
   8.40000000000000        13.7260120787287     
   8.42500000000000        13.7260135149987     
   8.45000000000000        13.7260149607905     
   8.47500000000000        13.7260163899418     
   8.50000000000000        13.7260178047770     
   8.52500000000000        13.7260192010054     
   8.55000000000000        13.7260205783749     
   8.57500000000000        13.7260219361783     
   8.60000000000000        13.7260232743278     
   8.62500000000000        13.7260245928565     
   8.65000000000000        13.7260258919200     
   8.67500000000000        13.7260271717024     
   8.70000000000000        13.7260284324564     
   8.72500000000000        13.7260296744274     
   8.75000000000000        13.7260308978644     
   8.77500000000000        13.7260321030709     
   8.80000000000000        13.7260332903764     
   8.82500000000000        13.7260344599822     
   8.85000000000000        13.7260356122116     
   8.87500000000000        13.7260367473308     
   8.90000000000000        13.7260378656212     
   8.92500000000000        13.7260389673488     
   8.95000000000000        13.7260400528033     
   8.97500000000000        13.7260411222354     
   9.00000000000000        13.7260423646692     
   9.02500000000000        13.7260435316565     
   9.05000000000000        13.7260444382086     
   9.07500000000000        13.7260453659016     
   9.10000000000000        13.7260463176163     
   9.12500000000000        13.7260472730504     
   9.15000000000000        13.7260481849738     
   9.17500000000000        13.7260491473300     
   9.20000000000000        13.7260500754176     
   9.22500000000000        13.7260509976057     
   9.25000000000000        13.7260519047488     
   9.27500000000000        13.7260527999549     
   9.30000000000000        13.7260536823644     
   9.32500000000000        13.7260545523853     
   9.35000000000000        13.7260554100711     
   9.37500000000000        13.7260562556417     
   9.40000000000000        13.7260570892214     
   9.42500000000000        13.7260579109765     
   9.45000000000000        13.7260587211250     
   9.47500000000000        13.7260595198259     
   9.50000000000000        13.7260603072052     
   9.52500000000000        13.7260610835101     
   9.55000000000000        13.7260618488838     
   9.57500000000000        13.7260626035344     
   9.60000000000000        13.7260633519944     
   9.62500000000000        13.7260640550319     
   9.65000000000000        13.7260647659403     
   9.67500000000000        13.7260655014838     
   9.70000000000000        13.7260662082453     
   9.72500000000000        13.7260669073657     
   9.75000000000000        13.7260675938239     
   9.77500000000000        13.7260682704577     
   9.80000000000000        13.7260689370658     
   9.82500000000000        13.7260695942459     
   9.85000000000000        13.7260702422018     
   9.87500000000000        13.7260708811844     
   9.90000000000000        13.7260715113547     
   9.92500000000000        13.7260721329663     
   9.95000000000000        13.7260727460958     
   9.97500000000000        13.7260733509574     
   10.0000000000000        13.7260739476664     
   10.0250000000000        13.7260745363961     
   10.0500000000000        13.7260751172621     
   10.0750000000000        13.7260756903568     
   10.1000000000000        13.7260762558689     
   10.1250000000000        13.7260768139079     
   10.1500000000000        13.7260773646069     
   10.1750000000000        13.7260779137152     
   10.2000000000000        13.7260784138713     
   10.2250000000000        13.7260789663386     
   10.2500000000000        13.7260794876679     
   10.2750000000000        13.7260800076767     
   10.3000000000000        13.7260805177683     
   10.3250000000000        13.7260810215550     
   10.3500000000000        13.7260815182976     
   10.3750000000000        13.7260820085875     
   10.4000000000000        13.7260824924830     
   10.4250000000000        13.7260829701651     
   10.4500000000000        13.7260834417934     
   10.4750000000000        13.7260839074282     
   10.5000000000000        13.7260843672326     
   10.5250000000000        13.7260848212654     
   10.5500000000000        13.7260852696921     
   10.5750000000000        13.7260859013034     
   10.6000000000000        13.7260862788972     
   10.6250000000000        13.7260866543412     
   10.6500000000000        13.7260870574315     
   10.6750000000000        13.7260874612248     
   10.7000000000000        13.7260878677311     
   10.7250000000000        13.7260882723618     
   10.7500000000000        13.7260886744919     
   10.7750000000000        13.7260890731492     
   10.8000000000000        13.7260894680077     
   10.8250000000000        13.7260898587945     
   10.8500000000000        13.7260902454041     
   10.8750000000000        13.7260906277602     
   10.9000000000000        13.7260910058570     
   10.9250000000000        13.7260913837882     
   10.9500000000000        13.7260917227266     
   10.9750000000000        13.7260922646249     
   11.0000000000000        13.7260925884411     
   11.0250000000000        13.7260928924616     
   11.0500000000000        13.7260932274550     
   11.0750000000000        13.7260935613227     
   11.1000000000000        13.7260938987084     
   11.1250000000000        13.7260942346102     
   11.1500000000000        13.7260945741479     
   11.1750000000000        13.7260948698605     
   11.2000000000000        13.7260952218543     
   11.2250000000000        13.7260955465123     
   11.2500000000000        13.7260958792156     
   11.2750000000000        13.7260961632971     
   11.3000000000000        13.7260965037184     
   11.3250000000000        13.7260968159931     
   11.3500000000000        13.7260971303761     
   11.3750000000000        13.7260974381482     
   11.4000000000000        13.7260977428983     
   11.4250000000000        13.7260980438779     
   11.4500000000000        13.7260983467265     
   11.4750000000000        13.7260986052999     
   11.5000000000000        13.7260989199135     
   11.5250000000000        13.7260992072016     
   11.5500000000000        13.7260994969986     
   11.5750000000000        13.7260997806228     
   11.6000000000000        13.7261000616356     
   11.6250000000000        13.7261003392786     
   11.6500000000000        13.7261006140743     
   11.6750000000000        13.7261010748075     
   11.7000000000000        13.7261012842566     
   11.7250000000000        13.7261014942616     
   11.7500000000000        13.7261017346053     
   11.7750000000000        13.7261019783069     
   11.8000000000000        13.7261022273501     
   11.8250000000000        13.7261024770919     
   11.8500000000000        13.7261027268939     
   11.8750000000000        13.7261029757694     
   11.9000000000000        13.7261032232555     
   11.9250000000000        13.7261034691445     
   11.9500000000000        13.7261037179498     
   11.9750000000000        13.7261039243887     
   12.0000000000000        13.7261041878603     
   12.0250000000000        13.7261044250757     
   12.0500000000000        13.7261046656919     
   12.0750000000000        13.7261049010811     
   12.1000000000000        13.7261051347044     
   12.1250000000000        13.7261053658169     
   12.1500000000000        13.7261055948689     
   12.1750000000000        13.7261058218524     
   12.2000000000000        13.7261060468969     
   12.2250000000000        13.7261062700527     
   12.2500000000000        13.7261064913255     
   12.2750000000000        13.7261067163515     
   12.3000000000000        13.7261068979453     
   12.3250000000000        13.7261071370555     
   12.3500000000000        13.7261073501981     
   12.3750000000000        13.7261075670897     
   12.4000000000000        13.7261077790615     
   12.4250000000000        13.7261079896645     
   12.4500000000000        13.7261081980496     
   12.4750000000000        13.7261084047552     
   12.5000000000000        13.7261086097266     
