   55.5555555555556       5.726582168015570E-025
   500.000000000000       4.174677558619462E-022
   1388.88888888889       8.947768787265407E-021
   2722.22222222222       6.737219863383053E-020
   4500.00000000000       3.043282441833242E-019
   6722.22222222222       1.014455650329655E-018
   9388.88888888889       2.763881446696644E-018
   12500.0000000000       6.521970987728331E-018
   16055.5555555556       1.381920653738473E-017
   20055.5555555556       2.693095904731666E-017
   24500.0000000000       4.908678591631253E-017
   29388.8888888889       8.470471168799934E-017
   34722.2222222222       1.396497245313638E-016
   40500.0000000000       2.215154423613054E-016
   46722.2222222222       3.399275662376323E-016
   53388.8888888889       5.068673390947908E-016
   60500.0000000000       7.370127595983527E-016
   68055.5555555556       1.048094766213995E-015
   76055.5555555556       1.461265004639306E-015
   84500.0000000000       2.001471112656797E-015
   93388.8888888889       2.697834719806087E-015
   102722.222222222       3.584026557159753E-015
   112500.000000000       4.698632214653731E-015
   122722.222222222       6.085501186569939E-015
   133388.888888889       7.794070921966663E-015
   144500.000000000       9.879656658589938E-015
   156055.555555556       1.240369687977745E-014
   168055.555555556       1.543394337511954E-014
   180500.000000000       1.904458405170560E-014
   193388.888888889       2.331628592952370E-014
   206722.222222222       2.833614519756221E-014
   220500.000000000       3.419753087389379E-014
   234722.222222222       4.099980842929396E-014
   249388.888888889       4.884792993232920E-014
   264500.000000000       5.785187782520001E-014
   280055.555555556       6.812595030874570E-014
   296055.555555556       7.978787772851744E-014
   312500.000000000       9.295776120775650E-014
   329388.888888889       1.077568273430445E-013
   346722.222222222       1.243059955652580E-013
   364500.000000000       1.427242586814274E-013
   382722.222222222       1.631268812991652E-013
   401388.888888889       1.856234255777224E-013
   420500.000000000       2.103156194623728E-013
   440055.555555556       2.372950884838572E-013
   460055.555555556       2.666409785372397E-013
   480500.000000000       2.984175040182319E-013
   501388.888888889       3.326714625754948E-013
   522722.222222222       3.694297646509240E-013
   544500.000000000       4.086970327823784E-013
   566722.222222222       4.504533319059991E-013
   589388.888888889       4.946520973209286E-013
   612500.000000000       5.412183316521155E-013
   636055.555555556       5.900471448999686E-013
   660055.555555556       6.410027134610816E-013
   684500.000000000       6.939177334721112E-013
   709388.888888889       7.485934406970259E-013
   734722.222222222       8.048002640278644E-013
   760500.000000000       8.622791722847801E-013
   786722.222222222       9.207437620367655E-013
   813388.888888889       9.798831221346559E-013
   840500.000000000       1.039365493217901E-012
   868055.555555556       1.098842722423230E-012
   896055.555555556       1.157955492620336E-012
   924500.000000000       1.216339283127632E-012
   953388.888888889       1.273630995661599E-012
   982722.222222222       1.329476155815027E-012
   1012500.00000000       1.383536576958313E-012
   1042722.22222222       1.435498353428771E-012
   1073388.88888889       1.485080030962247E-012
   1104500.00000000       1.532040786770091E-012
   1136055.55555556       1.576188443332337E-012
   1168055.55555556       1.617387134232995E-012
   1200500.00000000       1.655564443415893E-012
   1233388.88888889       1.690717847255528E-012
   1266722.22222222       1.722920306203312E-012
   1300500.00000000       1.752324875297470E-012
   1334722.22222222       1.779168233633322E-012
   1369388.88888889       1.803773069703434E-012
   1404500.00000000       1.826549301674328E-012
   1440055.55555556       1.847994156655514E-012
   1476055.55555556       1.868691182740204E-012
   1512500.00000000       1.889308315767620E-012
   1549388.88888889       1.910595171279875E-012
   1586722.22222222       1.933379776938729E-012
   1624500.00000000       1.958565001950578E-012
   1662722.22222222       1.987124973702975E-012
   1701388.88888889       2.020101800858020E-012
   1740500.00000000       2.058602941755890E-012
   1780055.55555556       2.103799571065827E-012
   1820055.55555556       2.156926303834989E-012
   1860500.00000000       2.219282636427687E-012
   1901388.88888889       2.292236464126751E-012
   1942722.22222222       2.377230031997057E-012
   1984500.00000000       2.475788671573298E-012
   2026722.22222222       2.589532686393646E-012
   2069388.88888889       2.720192758757219E-012
   2112500.00000000       2.869629276231336E-012
   2156055.55555556       3.039856019879400E-012
   2200055.55555556       3.233068707508215E-012
   2244500.00000000       3.451678968811971E-012
   2289388.88888889       3.698354408643196E-012
   2334722.22222222       3.976065514279143E-012
   2380500.00000000       4.288140244759678E-012
   2426722.22222222       4.638327160729121E-012
   2473388.88888889       5.030867857624921E-012
   2520500.00000000       5.470579078277877E-012
   2568055.55555556       5.962943935320415E-012
   2616055.55555556       6.514209618439769E-012
   2664500.00000000       7.131484699705312E-012
   2713388.88888889       7.822820570668854E-012
   2762722.22222222       8.597244396644395E-012
   2812500.00000000       9.464676645067484E-012
   2862722.22222222       1.043559730786275E-011
   2913388.88888889       1.152018649365497E-011
   2964500.00000000       1.272638977346950E-011
   3016055.55555556       1.405583308767775E-011
   3068055.55555556       1.549562053864041E-011
   3120500.00000000       1.700300439306591E-011
   3173388.88888889       1.848037464087749E-011
   3226722.22222222       1.974483283582342E-011
   3280500.00000000       2.051590756762283E-011
   3334722.22222222       2.046832032759490E-011
   3389388.88888889       1.937918508990013E-011
   3444500.00000000       1.729863664090478E-011
   3500055.55555556       1.457986044244942E-011
   3556055.55555556       1.170388545462182E-011
   3612500.00000000       9.054647267772431E-012
   3669388.88888889       6.823797753143718E-012
   3726722.22222222       5.047941230214422E-012
   3784500.00000000       3.682849152847768E-012
   3842722.22222222       2.656989965105641E-012
   3901388.88888889       1.898215186775369E-012
   3960500.00000000       1.343871193407701E-012
   4020055.55555556       9.431150639281686E-013
   4080055.55555556       6.561611099856840E-013
   4140500.00000000       4.525683892368176E-013
   4201388.88888889       3.094140048521627E-013
   4262722.22222222       2.096545675086153E-013
   4324500.00000000       1.407584289016459E-013
   4386722.22222222       9.360633062277785E-014
   4449388.88888889       6.162840206018522E-014
   4512500.00000000       4.013813807139873E-014
   4576055.55555556       2.582547746863872E-014
   4640055.55555556       1.637571079552160E-014
   4704500.00000000       1.018630100797242E-014
   4769388.88888889       6.158846265378079E-015
   4834722.22222222       3.547996161386184E-015
   4900500.00000000       1.853065408263096E-015
   4966722.22222222       7.415890075423995E-016
   5033388.88888889       0.000000000000000E+000
