  -4000000.00000000       0.000000000000000E+000
  -3940000.00000000       1.631640905926062E-005
  -3880000.00000000       3.522494583391997E-005
  -3820000.00000000       5.785131377710869E-005
  -3760000.00000000       8.539830050294987E-005
  -3700000.00000000       1.191896040780949E-004
  -3640000.00000000       1.606970606388187E-004
  -3580000.00000000       2.115560162076877E-004
  -3520000.00000000       2.735720299036385E-004
  -3460000.00000000       3.487206216857241E-004
  -3400000.00000000       4.391415930414859E-004
  -3340000.00000000       5.471298515053291E-004
  -3280000.00000000       6.751253157393076E-004
  -3220000.00000000       8.257054104231969E-004
  -3160000.00000000       1.001584525841188E-003
  -3100000.00000000       1.205625747284206E-003
  -3040000.00000000       1.440870877505249E-003
  -2980000.00000000       1.710595423806443E-003
  -2920000.00000000       2.018395507985304E-003
  -2860000.00000000       2.368313737031549E-003
  -2800000.00000000       2.765010900636930E-003
  -2740000.00000000       3.213989750799054E-003
  -2680000.00000000       3.721876405439532E-003
  -2620000.00000000       4.296763593445903E-003
  -2560000.00000000       4.948618530291768E-003
  -2500000.00000000       5.689756271016390E-003
  -2440000.00000000       6.535376663275819E-003
  -2380000.00000000       7.504160009683516E-003
  -2320000.00000000       8.618912640976695E-003
  -2260000.00000000       9.907248405145083E-003
  -2200000.00000000       1.140228661617858E-002
  -2140000.00000000       1.314333950878146E-002
  -2080000.00000000       1.517655539562720E-002
  -2020000.00000000       1.755547350244173E-002
  -1960000.00000000       2.034143983127027E-002
  -1900000.00000000       2.360382286343771E-002
  -1840000.00000000       2.741996222509319E-002
  -1780000.00000000       3.187477754061977E-002
  -1720000.00000000       3.705996380189702E-002
  -1660000.00000000       4.307270174469091E-002
  -1600000.00000000       5.001382203609160E-002
  -1540000.00000000       5.798537576206728E-002
  -1480000.00000000       6.708758827834797E-002
  -1420000.00000000       7.741520282088601E-002
  -1360000.00000000       8.905325667080007E-002
  -1300000.00000000       0.102072376976930     
  -1240000.00000000       0.116523727044253     
  -1180000.00000000       0.132433782011245     
  -1120000.00000000       0.149799155452751     
  -1060000.00000000       0.168581737022884     
  -1000000.00000000       0.188704427120942     
  -940000.000000000       0.210047767566002     
  -880000.000000000       0.232447763505476     
  -820000.000000000       0.255695166238561     
  -760000.000000000       0.279536443782177     
  -700000.000000000       0.303676598308981     
  -640000.000000000       0.327783910961207     
  -580000.000000000       0.351496591676619     
  -520000.000000000       0.374431211984419     
  -460000.000000000       0.396192682526175     
  -400000.000000000       0.416385441763392     
  -340000.000000000       0.434625425997718     
  -280000.000000000       0.450552319230577     
  -220000.000000000       0.463841542091492     
  -160000.000000000       0.474215418744317     
  -100000.000000000       0.481452982577176     
  -40000.0000000000       0.485397936797069     
   20000.0000000000       0.485964361023936     
   80000.0000000000       0.483139878157638     
   140000.000000000       0.476986111267818     
   200000.000000000       0.467636408805545     
   260000.000000000       0.455290958769125     
   320000.000000000       0.440209539605388     
   380000.000000000       0.422702278128689     
   440000.000000000       0.403118879324680     
   500000.000000000       0.381836849751964     
   560000.000000000       0.359249271828484     
   620000.000000000       0.335752683389160     
   680000.000000000       0.311735575921672     
   740000.000000000       0.287567971872913     
   800000.000000000       0.263592445007222     
   860000.000000000       0.240116857085292     
   920000.000000000       0.217408970761110     
   980000.000000000       0.195692993897194     
   1040000.00000000       0.175148007021679     
   1100000.00000000       0.155908140360021     
   1160000.00000000       0.138064293660193     
   1220000.00000000       0.121667139421941     
   1280000.00000000       0.106731123566010     
   1340000.00000000       9.323916168149586E-002
   1400000.00000000       8.114773847035604E-002
   1460000.00000000       7.039214233651889E-002
   1520000.00000000       6.089159777927786E-002
   1580000.00000000       5.255410308672260E-002
   1640000.00000000       4.528082602460438E-002
   1700000.00000000       3.896995625829322E-002
   1760000.00000000       3.351995732750217E-002
   1820000.00000000       2.883220030194980E-002
   1880000.00000000       2.481299354610604E-002
   1940000.00000000       2.137504795632169E-002
   2000000.00000000       1.843843568104221E-002
   2060000.00000000       1.593111111295152E-002
   2120000.00000000       1.378906712999071E-002
   2180000.00000000       1.195620065611597E-002
   2240000.00000000       1.038395655975633E-002
   2300000.00000000       9.030812857093399E-003
   2360000.00000000       7.861661820956239E-003
   2420000.00000000       6.847133201311530E-003
   2480000.00000000       5.962896333452763E-003
   2540000.00000000       5.188970782851750E-003
   2600000.00000000       4.509067007321012E-003
   2660000.00000000       3.909972893712476E-003
   2720000.00000000       3.380996571118361E-003
   2780000.00000000       2.913471580105331E-003
   2840000.00000000       2.500327218954325E-003
   2900000.00000000       2.135724035197398E-003
   2960000.00000000       1.814752351313274E-003
   3020000.00000000       1.533189911550022E-003
   3080000.00000000       1.287313674850187E-003
   3140000.00000000       1.073759554900810E-003
   3200000.00000000       8.894235353874651E-004
   3260000.00000000       7.313971193736662E-004
   3320000.00000000       5.969301151152326E-004
   3380000.00000000       4.834139980478059E-004
   3440000.00000000       3.883796545946194E-004
   3500000.00000000       3.095039772827996E-004
   3560000.00000000       2.446207595971689E-004
   3620000.00000000       1.917322304091202E-004
   3680000.00000000       1.490186323690275E-004
   3740000.00000000       1.148441474095829E-004
   3800000.00000000       8.775833341668690E-005
   3860000.00000000       6.649291650384546E-005
   3920000.00000000       4.995430358025362E-005
   3980000.00000000       3.721252982620150E-005
   4040000.00000000       2.748755287703372E-005
   4100000.00000000       2.013384893032929E-005
   4160000.00000000       1.462423137589679E-005
   4220000.00000000       1.053368787465390E-005
   4280000.00000000       7.523875056963048E-006
   4340000.00000000       5.328738437699553E-006
   4400000.00000000       3.741559040497296E-006
   4460000.00000000       2.603580803071283E-006
   4520000.00000000       1.794253264003276E-006
   4580000.00000000       1.223033041022299E-006
   4640000.00000000       8.226254258656689E-007
   4700000.00000000       5.435093701985178E-007
   4760000.00000000       3.495712986150867E-007
   4820000.00000000       2.146692915816641E-007
   4880000.00000000       1.199532576219177E-007
   4940000.00000000       5.177058659094872E-008
   5000000.00000000       0.000000000000000E+000
