   55.5555555555556       0.381836849751964     
   500.000000000000       0.381836772750906     
   1388.88888888889       0.381836173359630     
   2722.22222222222       0.381834197829942     
   4500.00000000000       0.381829558636131     
   6722.22222222222       0.381820547659637     
   9388.88888888889       0.381805023738446     
   12500.0000000000       0.381780418759279     
   16055.5555555556       0.381743737492946     
   20055.5555555556       0.381691558797177     
   24500.0000000000       0.381620037457883     
   29388.8888888889       0.381524906173565     
   34722.2222222222       0.381401479227656     
   40500.0000000000       0.381244655397797     
   46722.2222222222       0.381048923674005     
   53388.8888888889       0.380808370796897     
   60500.0000000000       0.380516689014352     
   68055.5555555556       0.380167185798089     
   76055.5555555556       0.379752796758877     
   84500.0000000000       0.379266100047977     
   93388.8888888889       0.378699333659667     
   102722.222222222       0.378044415782380     
   112500.000000000       0.377292968156372     
   122722.222222222       0.376436342905253     
   133388.888888889       0.375465653274514     
   144500.000000000       0.374371808364261     
   156055.555555556       0.373145551591228     
   168055.555555556       0.371777503972445     
   180500.000000000       0.370258211935885     
   193388.888888889       0.368578199654401     
   206722.222222222       0.366728026114275     
   220500.000000000       0.364698347391055     
   234722.222222222       0.362479983487342     
   249388.888888889       0.360063989830787     
   264500.000000000       0.357441733529161     
   280055.555555556       0.354604973805250     
   296055.555555556       0.351545946355857     
   312500.000000000       0.348257451056794     
   329388.888888889       0.344732942858854     
   346722.222222222       0.340966624500462     
   364500.000000000       0.336953540795805     
   382722.222222222       0.332689673490209     
   401388.888888889       0.328172035311399     
   420500.000000000       0.323398762386130     
   440055.555555556       0.318369203710670     
   460055.555555556       0.313084006127661     
   480500.000000000       0.307545193509206     
   501388.888888889       0.301756238582505     
   522722.222222222       0.295722125766175     
   544500.000000000       0.289449403448829     
   566722.222222222       0.282946224117883     
   589388.888888889       0.276222370719008     
   612500.000000000       0.269289267836897     
   636055.555555556       0.262159976168715     
   660055.555555556       0.254849169154751     
   684500.000000000       0.247373090756982     
   709388.888888889       0.239749493466812     
   734722.222222222       0.231997556010480     
   760500.000000000       0.224137780693388     
   786722.222222222       0.216191870275505     
   813388.888888889       0.208182585132300     
   840500.000000000       0.200133581476233     
   868055.555555556       0.192069232039945     
   896055.555555556       0.184014431000881     
   924500.000000000       0.175994385350077     
   953388.888888889       0.168034395333121     
   982722.222222222       0.160159626966125     
   1012500.00000000       0.152394879891727     
   1042722.22222222       0.144764354272620     
   1073388.88888889       0.137291420538154     
   1104500.00000000       0.129998395859364     
   1136055.55555556       0.122906331445271     
   1168055.55555556       0.116034814543111     
   1200500.00000000       0.109401788963878     
   1233388.88888889       0.103023397609448     
   1266722.22222222       9.691385019779390E-002
   1300500.00000000       9.108531884500840E-002
   1334722.22222222       8.554786364523431E-002
   1369388.88888889       8.030938976785403E-002
   1404500.00000000       7.537563691192140E-002
   1440055.55555556       7.075020119379050E-002
   1476055.55555556       6.643458887370647E-002
   1512500.00000000       6.242830055620396E-002
   1549388.88888889       5.872894383307100E-002
   1586722.22222222       5.533237169518979E-002
   1624500.00000000       5.223284351477474E-002
   1662722.22222222       4.942320492375847E-002
   1701388.88888889       4.689508263040664E-002
   1740500.00000000       4.463909000164032E-002
   1780055.55555556       4.264503921401469E-002
   1820055.55555556       4.090215585716155E-002
   1860500.00000000       3.939929208648876E-002
   1901388.88888889       3.812513482534235E-002
   1942722.22222222       3.706840596541916E-002
   1984500.00000000       3.621805201589513E-002
   2026722.22222222       3.556342137318182E-002
   2069388.88888889       3.509442796663518E-002
   2112500.00000000       3.480170072254674E-002
   2156055.55555556       3.467671897628935E-002
   2200055.55555556       3.471193448231515E-002
   2244500.00000000       3.490088129373627E-002
   2289388.88888889       3.523827504073564E-002
   2334722.22222222       3.572010338016074E-002
   2380500.00000000       3.634370926519954E-002
   2426722.22222222       3.710786800230475E-002
   2473388.88888889       3.801285772208728E-002
   2520500.00000000       3.906052006589458E-002
   2568055.55555556       4.025430272539463E-002
   2616055.55555556       4.159926603396233E-002
   2664500.00000000       4.310201835305750E-002
   2713388.88888889       4.477051279293423E-002
   2762722.22222222       4.661357758050689E-002
   2812500.00000000       4.863993817327156E-002
   2862722.22222222       5.085627076327578E-002
   2913388.88888889       5.326340880414444E-002
   2964500.00000000       5.584903619033146E-002
   3016055.55555556       5.857380093163422E-002
   3068055.55555556       6.134570203143323E-002
   3120500.00000000       6.397612517095833E-002
   3173388.88888889       6.611586849948321E-002
   3226722.22222222       6.719447228819378E-002
   3280500.00000000       6.644088885830125E-002
   3334722.22222222       6.310562038390687E-002
   3389388.88888889       5.690312700133201E-002
   3444500.00000000       4.839473716978756E-002
   3500055.55555556       3.887705686531952E-002
   3556055.55555556       2.975700907405743E-002
   3612500.00000000       2.195901198676861E-002
   3669388.88888889       1.579100417254893E-002
   3726722.22222222       1.115059513373806E-002
   3784500.00000000       7.768250622540753E-003
   3842722.22222222       5.353499481966419E-003
   3901388.88888889       3.654706804390599E-003
   3960500.00000000       2.473275060506192E-003
   4020055.55555556       1.659714328894095E-003
   4080055.55555556       1.104528898588634E-003
   4140500.00000000       7.289381425710608E-004
   4201388.88888889       4.770085306016943E-004
   4262722.22222222       3.094625185407193E-004
   4324500.00000000       1.989901286750274E-004
   4386722.22222222       1.267796777408223E-004
   4449388.88888889       7.999164644205329E-005
   4512500.00000000       4.994251448673306E-005
   4576055.55555556       3.081337866233965E-005
   4640055.55555556       1.874111583863320E-005
   4704500.00000000       1.118512684000264E-005
   4769388.88888889       6.490467553369548E-006
   4834722.22222222       3.589495284790159E-006
   4900500.00000000       1.800256529909575E-006
   4966722.22222222       6.920197599819349E-007
   5033388.88888889       0.000000000000000E+000
