  5.000000000000000E-003  0.560246094082047     
  1.000000000000000E-002  0.892158915942674     
  1.500000000000000E-002   1.22212830118255     
  2.000000000000000E-002   1.58364069954241     
  2.500000000000000E-002   1.93457065106840     
  3.000000000000000E-002   2.27833270573787     
  3.500000000000000E-002   2.61635733108021     
  4.000000000000000E-002   2.94926287053204     
  4.500000000000000E-002   3.27725553399634     
  5.000000000000000E-002   3.60035507115963     
  5.500000000000000E-002   3.91845217718749     
  6.000000000000000E-002   4.23136505714210     
  6.500000000000000E-002   4.53887303868602     
  7.000000000000001E-002   4.84073658409637     
  7.500000000000000E-002   5.13671262893341     
  8.000000000000000E-002   5.42657102117642     
  8.500000000000001E-002   5.71009395203138     
  9.000000000000000E-002   5.98709375912514     
  9.500000000000000E-002   6.25740932947132     
  0.100000000000000        6.52091156163407     
  0.105000000000000        6.77750358072092     
  0.110000000000000        7.02712084681339     
  0.115000000000000        7.26973032113390     
  0.120000000000000        7.50532843970087     
  0.125000000000000        7.73393970355324     
  0.130000000000000        7.95561235855180     
  0.135000000000000        8.17041846985305     
  0.140000000000000        8.37844934957501     
  0.145000000000000        8.57981347289385     
  0.150000000000000        8.77463404456353     
  0.155000000000000        8.96304639630267     
  0.160000000000000        9.14519590715466     
  0.165000000000000        9.32123597117433     
  0.170000000000000        9.49132614806844     
  0.175000000000000        9.65563040935848     
  0.180000000000000        9.81431573518795     
  0.185000000000000        9.96755091293227     
  0.190000000000000        10.1155053311874     
  0.195000000000000        10.2583480118484     
  0.200000000000000        10.3962468177807     
  0.205000000000000        10.5293676651760     
  0.210000000000000        10.6578740472880     
  0.215000000000000        10.7819264783242     
  0.220000000000000        10.9016820950379     
  0.225000000000000        11.0172943589265     
  0.230000000000000        11.1289128743561     
  0.235000000000000        11.2366832051132     
  0.240000000000000        11.3407463429559     
  0.245000000000000        11.4412392542992     
  0.250000000000000        11.5382945964954     
  0.255000000000000        11.6320402685300     
  0.260000000000000        11.7226001476828     
  0.265000000000000        11.8100936000424     
  0.270000000000000        11.8946357580835     
  0.275000000000000        11.9763374696859     
  0.280000000000000        12.0553054507952     
  0.285000000000000        12.1316423994235     
  0.290000000000000        12.2054471130454     
  0.295000000000000        12.2768144601153     
  0.300000000000000        12.3458356697694     
  0.305000000000000        12.4125983453682     
  0.310000000000000        12.4771865922594     
  0.315000000000000        12.5396811664250     
  0.320000000000000        12.6001596616428     
  0.325000000000000        12.6586963419992     
  0.330000000000000        12.7153625095097     
  0.335000000000000        12.7702267429980     
  0.340000000000000        12.8233547205039     
  0.345000000000000        12.8748095091906     
  0.350000000000000        12.9246515156060     
  0.355000000000000        12.9729387603304     
  0.360000000000000        13.0197269172148     
  0.365000000000000        13.0650694021060     
  0.370000000000000        13.1090174029351     
  0.375000000000000        13.1516201602064     
  0.380000000000000        13.1929248047232     
  0.385000000000000        13.2329766312648     
  0.390000000000000        13.2718191737283     
  0.395000000000000        13.3094941244340     
  0.400000000000000        13.3460416046281     
  0.405000000000000        13.3815001094382     
  0.410000000000000        13.4159066468873     
  0.415000000000000        13.4492967174228     
  0.420000000000000        13.4817044619986     
  0.425000000000000        13.5131627123695     
  0.430000000000000        13.5437030178721     
  0.435000000000000        13.5733557368023     
  0.440000000000000        13.6021499884547     
  0.445000000000000        13.6301138692021     
  0.450000000000000        13.6572743733253     
  0.455000000000000        13.6836574955842     
  0.460000000000000        13.7092882032981     
  0.465000000000000        13.7341905950802     
  0.470000000000000        13.7583878538765     
  0.475000000000000        13.7819023123557     
  0.480000000000000        13.8047554768455     
  0.485000000000000        13.8269680816336     
  0.490000000000000        13.8485600929833     
  0.495000000000000        13.8695507745087     
  0.500000000000000        13.8899587050571     
  0.505000000000000        13.9098017824469     
  0.510000000000000        13.9290972926750     
  0.515000000000000        13.9478619061834     
  0.520000000000000        13.9661117076279     
  0.525000000000000        13.9838622432224     
  0.530000000000000        14.0011285586158     
  0.535000000000000        14.0179249327775     
  0.540000000000000        14.0342655006123     
  0.545000000000000        14.0501637356416     
  0.550000000000000        14.0656327070118     
  0.555000000000000        14.0806850170240     
  0.560000000000000        14.0953328739281     
  0.565000000000000        14.1095880577814     
  0.570000000000000        14.1234620623620     
  0.575000000000000        14.1369657155564     
  0.580000000000000        14.1501098103730     
  0.585000000000000        14.1629046502494     
  0.590000000000000        14.1753602201906     
  0.595000000000000        14.1874861952976     
  0.600000000000000        14.1992919530370     
  0.605000000000000        14.2107865054666     
  0.610000000000000        14.2219786644687     
  0.615000000000000        14.2328769477041     
  0.620000000000000        14.2434895433704     
  0.625000000000000        14.2538244321222     
  0.630000000000000        14.2638893868220     
  0.635000000000000        14.2736918400825     
  0.640000000000000        14.2832390971154     
  0.645000000000000        14.2925381773618     
  0.650000000000000        14.3015959179204     
  0.655000000000000        14.3104189358862     
  0.660000000000000        14.3190136500716     
  0.665000000000000        14.3273862930407     
  0.670000000000000        14.3355428958022     
  0.675000000000000        14.3434893289176     
  0.680000000000000        14.3512312787004     
  0.685000000000000        14.3587742705932     
  0.690000000000000        14.3661236510690     
  0.695000000000000        14.3732846311817     
  0.700000000000000        14.3802622815419     
  0.705000000000000        14.3870614530944     
  0.710000000000000        14.3936869457988     
  0.715000000000000        14.4001433748220     
  0.720000000000000        14.4064352407948     
  0.725000000000000        14.4125668976640     
  0.730000000000000        14.4185425826387     
  0.735000000000000        14.4243664227048     
  0.740000000000000        14.4300424162705     
  0.745000000000000        14.4355744604143     
  0.750000000000000        14.4409663527699     
  0.755000000000000        14.4462217282809     
  0.760000000000000        14.4513441586394     
  0.765000000000000        14.4563371381058     
  0.770000000000000        14.4612040373430     
  0.775000000000000        14.4659481397268     
  0.780000000000000        14.4705726372725     
  0.785000000000000        14.4750806336374     
  0.790000000000000        14.4794751530421     
  0.795000000000000        14.4837591213713     
  0.800000000000000        14.4879354090041     
  0.805000000000000        14.4920067806241     
  0.810000000000000        14.4959759540187     
  0.815000000000000        14.4998455439652     
  0.820000000000000        14.5036181193455     
  0.825000000000000        14.5072961729676     
  0.830000000000000        14.5108821223581     
  0.835000000000000        14.5143783456996     
  0.840000000000000        14.5177870930619     
  0.845000000000000        14.5211106539890     
  0.850000000000000        14.5243511438395     
  0.855000000000000        14.5275107189305     
  0.860000000000000        14.5305914261971     
  0.865000000000000        14.5335952777825     
  0.870000000000000        14.5365242260859     
  0.875000000000000        14.5393801754285     
  0.880000000000000        14.5421649771457     
  0.885000000000000        14.5448804200263     
  0.890000000000000        14.5475282752665     
  0.895000000000000        14.5501102463026     
  0.900000000000000        14.5526279995796     
  0.905000000000000        14.5550832448368     
  0.910000000000000        14.5574773667499     
  0.915000000000000        14.5598120325636     
  0.920000000000000        14.5620887139415     
  0.925000000000000        14.5643088701477     
  0.930000000000000        14.5664739301405     
  0.935000000000000        14.5685852808310     
  0.940000000000000        14.5706442705157     
  0.945000000000000        14.5726521998756     
  0.950000000000000        14.5746103630563     
  0.955000000000000        14.5765200104253     
  0.960000000000000        14.5783823501582     
  0.965000000000000        14.5801985654834     
  0.970000000000000        14.5819698207054     
  0.975000000000000        14.5836972268643     
  0.980000000000000        14.5853818950978     
  0.985000000000000        14.5870248997732     
  0.990000000000000        14.5886272462708     
  0.995000000000000        14.5901899758973     
   1.00000000000000        14.5917140687157     
   1.00500000000000        14.5932004869714     
   1.01000000000000        14.5946501734772     
   1.01500000000000        14.5960640492946     
   1.02000000000000        14.5974430023917     
   1.02500000000000        14.5987878894640     
   1.03000000000000        14.6000995728502     
   1.03500000000000        14.6013788764688     
   1.04000000000000        14.6026266016527     
   1.04500000000000        14.6038435349850     
   1.05000000000000        14.6050304353002     
   1.05500000000000        14.6061880552260     
   1.06000000000000        14.6073171196915     
   1.06500000000000        14.6084183381542     
   1.07000000000000        14.6094924073813     
   1.07500000000000        14.6105399909713     
   1.08000000000000        14.6115617455207     
   1.08500000000000        14.6125583211666     
   1.09000000000000        14.6135303321269     
   1.09500000000000        14.6144783871778     
   1.10000000000000        14.6154030883953     
   1.10500000000000        14.6163050058023     
   1.11000000000000        14.6171847017915     
   1.11500000000000        14.6180427323926     
   1.12000000000000        14.6188796345881     
   1.12500000000000        14.6196959212896     
   1.13000000000000        14.6204921325724     
   1.13500000000000        14.6212687167198     
   1.14000000000000        14.6220261846434     
   1.14500000000000        14.6227650059458     
   1.15000000000000        14.6234856425071     
   1.15500000000000        14.6241885444829     
   1.16000000000000        14.6248741470421     
   1.16500000000000        14.6255428848701     
   1.17000000000000        14.6261951612497     
   1.17500000000000        14.6268313912068     
   1.18000000000000        14.6274519917227     
   1.18500000000000        14.6280572980969     
   1.19000000000000        14.6286477230125     
   1.19500000000000        14.6292236222825     
   1.20000000000000        14.6297853818009     
   1.20500000000000        14.6303333199005     
   1.21000000000000        14.6308677676801     
   1.21500000000000        14.6313890718273     
   1.22000000000000        14.6318975594253     
   1.22500000000000        14.6323935493177     
   1.23000000000000        14.6328773436497     
   1.23500000000000        14.6333492444685     
   1.24000000000000        14.6338095627453     
   1.24500000000000        14.6342585398254     
   1.25000000000000        14.6346964930044     
   1.25500000000000        14.6351236717716     
   1.26000000000000        14.6355403549910     
   1.26500000000000        14.6359467974238     
   1.27000000000000        14.6363432517010     
   1.27500000000000        14.6367299628902     
   1.28000000000000        14.6371071719299     
   1.28500000000000        14.6374751173304     
   1.29000000000000        14.6378340162346     
   1.29500000000000        14.6381841002964     
   1.30000000000000        14.6385255802282     
   1.30500000000000        14.6388586726052     
   1.31000000000000        14.6391835817801     
   1.31500000000000        14.6395005091442     
   1.32000000000000        14.6398096501240     
   1.32500000000000        14.6401112206027     
   1.33000000000000        14.6404053552771     
   1.33500000000000        14.6406922772374     
   1.34000000000000        14.6409721518857     
   1.34500000000000        14.6412451418813     
   1.35000000000000        14.6415114309286     
   1.35500000000000        14.6417711795378     
   1.36000000000000        14.6420245480629     
   1.36500000000000        14.6422716933460     
   1.37000000000000        14.6425127739180     
   1.37500000000000        14.6427479333636     
   1.38000000000000        14.6429773177152     
   1.38500000000000        14.6432010695802     
   1.39000000000000        14.6434193268324     
   1.39500000000000        14.6436322230963     
   1.40000000000000        14.6438399168855     
   1.40500000000000        14.6440424992749     
   1.41000000000000        14.6442400898160     
   1.41500000000000        14.6444328282644     
   1.42000000000000        14.6446208572876     
   1.42500000000000        14.6448042404949     
   1.43000000000000        14.6449831285190     
   1.43500000000000        14.6451576228703     
   1.44000000000000        14.6453278624096     
   1.44500000000000        14.6454939033878     
   1.45000000000000        14.6456558515975     
   1.45500000000000        14.6458138287864     
   1.46000000000000        14.6459679307658     
   1.46500000000000        14.6461182444548     
   1.47000000000000        14.6462648709497     
   1.47500000000000        14.6464079011151     
   1.48000000000000        14.6465474139212     
   1.48500000000000        14.6466835052675     
   1.49000000000000        14.6468162589787     
   1.49500000000000        14.6469457471146     
   1.50000000000000        14.6470720590649     
   1.50500000000000        14.6471952708233     
   1.51000000000000        14.6473154579768     
   1.51500000000000        14.6474327184790     
   1.52000000000000        14.6475470766994     
   1.52500000000000        14.6476586383590     
   1.53000000000000        14.6477674534030     
   1.53500000000000        14.6478736224801     
   1.54000000000000        14.6479771556287     
   1.54500000000000        14.6480781504582     
   1.55000000000000        14.6481766649839     
   1.55500000000000        14.6482727669026     
   1.56000000000000        14.6483665328421     
   1.56500000000000        14.6484579857976     
   1.57000000000000        14.6485471721594     
   1.57500000000000        14.6486341772415     
   1.58000000000000        14.6487190730108     
   1.58500000000000        14.6488018721070     
   1.59000000000000        14.6488826219914     
   1.59500000000000        14.6489613947619     
   1.60000000000000        14.6490382270472     
   1.60500000000000        14.6491131811555     
   1.61000000000000        14.6491862928936     
   1.61500000000000        14.6492576166003     
   1.62000000000000        14.6493271819126     
   1.62500000000000        14.6493950420819     
   1.63000000000000        14.6494612540155     
   1.63500000000000        14.6495258152283     
   1.64000000000000        14.6495887997876     
   1.64500000000000        14.6496502351996     
   1.65000000000000        14.6497101859927     
   1.65500000000000        14.6497686376849     
   1.66000000000000        14.6498256626476     
   1.66500000000000        14.6498812902260     
   1.67000000000000        14.6499355565523     
   1.67500000000000        14.6499884797102     
   1.68000000000000        14.6500401128949     
   1.68500000000000        14.6500904770959     
   1.69000000000000        14.6501396057695     
   1.69500000000000        14.6501875243173     
   1.70000000000000        14.6502342695063     
   1.70500000000000        14.6502798706444     
   1.71000000000000        14.6503243523419     
   1.71500000000000        14.6503677425384     
   1.72000000000000        14.6504100677130     
   1.72500000000000        14.6504513597553     
   1.73000000000000        14.6504916357081     
   1.73500000000000        14.6505309146566     
   1.74000000000000        14.6505692316159     
   1.74500000000000        14.6506066086236     
   1.75000000000000        14.6506430683006     
   1.75500000000000        14.6506786566449     
   1.76000000000000        14.6507133426448     
   1.76500000000000        14.6507471862385     
   1.77000000000000        14.6507801954654     
   1.77500000000000        14.6508123947098     
   1.78000000000000        14.6508438046985     
   1.78500000000000        14.6508744440975     
   1.79000000000000        14.6509043314974     
   1.79500000000000        14.6509334858433     
   1.80000000000000        14.6509619245818     
   1.80500000000000        14.6509896666269     
   1.81000000000000        14.6510167263897     
   1.81500000000000        14.6510431289843     
   1.82000000000000        14.6510688807409     
   1.82500000000000        14.6510940013951     
   1.83000000000000        14.6511185050174     
   1.83500000000000        14.6511424119690     
   1.84000000000000        14.6511657261190     
   1.84500000000000        14.6511884704372     
   1.85000000000000        14.6512106721850     
   1.85500000000000        14.6512323077551     
   1.86000000000000        14.6512534124264     
   1.86500000000000        14.6512739996671     
   1.87000000000000        14.6512940875137     
   1.87500000000000        14.6513137016164     
   1.88000000000000        14.6513328063806     
   1.88500000000000        14.6513514453007     
   1.89000000000000        14.6513696294667     
   1.89500000000000        14.6513873616772     
   1.90000000000000        14.6514046613521     
   1.90500000000000        14.6514215368112     
   1.91000000000000        14.6514379981870     
   1.91500000000000        14.6514540544798     
   1.92000000000000        14.6514697185519     
   1.92500000000000        14.6514850028007     
   1.93000000000000        14.6514999098984     
   1.93500000000000        14.6515144464971     
   1.94000000000000        14.6515286292772     
   1.94500000000000        14.6515424839625     
   1.95000000000000        14.6515560009946     
   1.95500000000000        14.6515691755874     
   1.96000000000000        14.6515820134901     
   1.96500000000000        14.6515945398491     
   1.97000000000000        14.6516067522079     
   1.97500000000000        14.6516186677127     
   1.98000000000000        14.6516302896000     
   1.98500000000000        14.6516416280239     
   1.99000000000000        14.6516526877713     
   1.99500000000000        14.6516634751982     
   2.00000000000000        14.6516740033551     
   2.00500000000000        14.6516842712197     
   2.01000000000000        14.6516942874459     
   2.01500000000000        14.6517040537995     
   2.02000000000000        14.6517135872876     
   2.02500000000000        14.6517228787931     
   2.03000000000000        14.6517319511087     
   2.03500000000000        14.6517407982334     
   2.04000000000000        14.6517494469938     
   2.04500000000000        14.6517578600945     
   2.05000000000000        14.6517660725438     
   2.05500000000000        14.6517740822166     
   2.06000000000000        14.6517819180498     
   2.06500000000000        14.6517895333545     
   2.07000000000000        14.6517969693371     
   2.07500000000000        14.6518042197919     
   2.08000000000000        14.6518112879120     
   2.08500000000000        14.6518182071296     
   2.09000000000000        14.6518249489929     
   2.09500000000000        14.6518315106323     
   2.10000000000000        14.6518379141996     
   2.10500000000000        14.6518441537720     
   2.11000000000000        14.6518502464334     
   2.11500000000000        14.6518561885737     
   2.12000000000000        14.6518619848772     
   2.12500000000000        14.6518676633762     
   2.13000000000000        14.6518731856269     
   2.13500000000000        14.6518785614428     
   2.14000000000000        14.6518838036353     
   2.14500000000000        14.6518889237413     
   2.15000000000000        14.6518939163547     
   2.15500000000000        14.6518987817339     
   2.16000000000000        14.6519035344195     
   2.16500000000000        14.6519081730798     
   2.17000000000000        14.6519127097444     
   2.17500000000000        14.6519171151944     
   2.18000000000000        14.6519214124364     
   2.18500000000000        14.6519256051620     
   2.19000000000000        14.6519296951298     
   2.19500000000000        14.6519336845573     
   2.20000000000000        14.6519375817309     
   2.20500000000000        14.6519413805748     
   2.21000000000000        14.6519450833247     
   2.21500000000000        14.6519486955898     
   2.22000000000000        14.6519522196030     
   2.22500000000000        14.6519556620888     
   2.23000000000000        14.6519590435659     
   2.23500000000000        14.6519623314886     
   2.24000000000000        14.6519655261372     
   2.24500000000000        14.6519686450558     
   2.25000000000000        14.6519716817569     
   2.25500000000000        14.6519746460541     
   2.26000000000000        14.6519775544962     
   2.26500000000000        14.6519803864585     
   2.27000000000000        14.6519831333164     
   2.27500000000000        14.6519858209073     
   2.28000000000000        14.6519884344077     
   2.28500000000000        14.6519909807247     
   2.29000000000000        14.6519934886892     
   2.29500000000000        14.6519959050516     
   2.30000000000000        14.6519982711044     
   2.30500000000000        14.6520005769842     
   2.31000000000000        14.6520028259405     
   2.31500000000000        14.6520050200577     
   2.32000000000000        14.6520071618241     
   2.32500000000000        14.6520092537425     
   2.33000000000000        14.6520112947670     
   2.33500000000000        14.6520132863467     
   2.34000000000000        14.6520152455813     
   2.34500000000000        14.6520171305779     
   2.35000000000000        14.6520190059803     
   2.35500000000000        14.6520208191806     
   2.36000000000000        14.6520225677184     
   2.36500000000000        14.6520242856813     
   2.37000000000000        14.6520259615442     
   2.37500000000000        14.6520275952888     
   2.38000000000000        14.6520291846860     
   2.38500000000000        14.6520307408658     
   2.39000000000000        14.6520322466851     
   2.39500000000000        14.6520337205949     
   2.40000000000000        14.6520351565199     
   2.40500000000000        14.6520365621338     
   2.41000000000000        14.6520380156011     
   2.41500000000000        14.6520393361465     
   2.42000000000000        14.6520406470602     
   2.42500000000000        14.6520419067084     
   2.43000000000000        14.6520431416406     
   2.43500000000000        14.6520443498963     
   2.44000000000000        14.6520455268691     
   2.44500000000000        14.6520466702173     
   2.45000000000000        14.6520477879512     
   2.45500000000000        14.6520488789509     
   2.46000000000000        14.6520499420763     
   2.46500000000000        14.6520509791286     
   2.47000000000000        14.6520519922619     
   2.47500000000000        14.6520529842918     
   2.48000000000000        14.6520539465233     
   2.48500000000000        14.6520548874456     
   2.49000000000000        14.6520558049901     
   2.49500000000000        14.6520567013810     
   2.50000000000000        14.6520575797893     
