# time[s]   eps[1/s]   eps_tail[1/s]   eps_shape[1/s]   eps_tail_shape[1/s]
   5.0000000E-01   1.0727394E+00   1.9302716E-01   1.0603771E+00   1.8489775E-01
   7.5000000E-01   3.4694712E-01   6.0690558E-02   3.1433509E-01   5.6817227E-02
   1.0000000E+00   1.0145313E-01   1.7959650E-02   8.8340646E-02   1.6837753E-02
   1.2500000E+00   2.9326785E-02   5.2108278E-03   2.5217945E-02   4.8900975E-03
   1.5000000E+00   8.4664698E-03   1.5058661E-03   7.2531601E-03   1.4137590E-03
   1.7500000E+00   2.4442239E-03   4.3489317E-04   2.0917040E-03   4.0831499E-04
   2.0000000E+00   7.0569838E-04   1.2565568E-04   6.0379238E-04   1.1792476E-04
   2.2500000E+00   2.0375424E-04   3.6287169E-05   1.7433110E-04   3.4041887E-05
   2.5000000E+00   5.8834303E-05   1.0519219E-05   5.0243312E-05   9.9675748E-06
