  5.000000000000000E-003  1.840491452012643E+017
  1.000000000000000E-002  3.635816942724497E+017
  1.500000000000000E-002  5.387085336288768E+017
  2.000000000000000E-002  7.095379570224950E+017
  2.500000000000000E-002  8.761752087547843E+017
  3.000000000000000E-002  1.038723229772770E+018
  3.500000000000000E-002  1.197282300676971E+018
  4.000000000000000E-002  1.351950316558507E+018
  4.500000000000000E-002  1.502822899713741E+018
  5.000000000000000E-002  1.649992995030437E+018
  5.500000000000000E-002  1.793551586936337E+018
  6.000000000000000E-002  1.933587238931519E+018
  6.500000000000000E-002  2.070186449691815E+018
  7.000000000000001E-002  2.203433496428616E+018
  7.500000000000000E-002  2.333410711791956E+018
  8.000000000000000E-002  2.460198245960148E+018
  8.500000000000001E-002  2.583874484050027E+018
  9.000000000000000E-002  2.704515666757481E+018
  9.500000000000000E-002  2.822196338289936E+018
  0.100000000000000       2.936989110131185E+018
  0.105000000000000       3.048964860354577E+018
  0.110000000000000       3.158192713356838E+018
  0.115000000000000       3.264740093183759E+018
  0.120000000000000       3.368672765724164E+018
  0.125000000000000       3.470054887829055E+018
  0.130000000000000       3.568949068562242E+018
  0.135000000000000       3.665416314328052E+018
  0.140000000000000       3.759516194637717E+018
  0.145000000000000       3.851306794320035E+018
  0.150000000000000       3.940844769523906E+018
  0.155000000000000       4.028185397208745E+018
  0.160000000000000       4.113382590583461E+018
  0.165000000000000       4.196488941749591E+018
  0.170000000000000       4.277555756473476E+018
  0.175000000000000       4.356633074168781E+018
  0.180000000000000       4.433769714666628E+018
  0.185000000000000       4.509013299597094E+018
  0.190000000000000       4.582410279912972E+018
  0.195000000000000       4.654005968800816E+018
  0.200000000000000       4.723844566520369E+018
  0.205000000000000       4.791969193671611E+018
  0.210000000000000       4.858421911610141E+018
  0.215000000000000       4.923243742005215E+018
  0.220000000000000       4.986474712960645E+018
  0.225000000000000       5.048153861959873E+018
  0.230000000000000       5.108319274314398E+018
  0.235000000000000       5.167008107342177E+018
  0.240000000000000       5.224256575229603E+018
  0.245000000000000       5.280100052286838E+018
  0.250000000000000       5.334573003627529E+018
  0.255000000000000       5.387709080140685E+018
  0.260000000000000       5.439541076913124E+018
  0.265000000000000       5.490101007706676E+018
  0.270000000000000       5.539420093331011E+018
  0.275000000000000       5.587528779396597E+018
  0.280000000000000       5.634456784423554E+018
  0.285000000000000       5.680233080384005E+018
  0.290000000000000       5.724885932810050E+018
  0.295000000000000       5.768442919407833E+018
  0.300000000000000       5.810930932896276E+018
  0.305000000000000       5.852376211257384E+018
  0.310000000000000       5.892804345588372E+018
  0.315000000000000       5.932240302627443E+018
  0.320000000000000       5.970708427874195E+018
  0.325000000000000       6.008232485893183E+018
  0.330000000000000       6.044835643616544E+018
  0.335000000000000       6.080540497947222E+018
  0.340000000000000       6.115369101866411E+018
  0.345000000000000       6.149342961202696E+018
  0.350000000000000       6.182483049354805E+018
  0.355000000000000       6.214809837422806E+018
  0.360000000000000       6.246343281978071E+018
  0.365000000000000       6.277102854754575E+018
  0.370000000000000       6.307107552756030E+018
  0.375000000000000       6.336375900253266E+018
  0.380000000000000       6.364925965709844E+018
  0.385000000000000       6.392775386072013E+018
  0.390000000000000       6.419941350580164E+018
  0.395000000000000       6.446440639902954E+018
  0.400000000000000       6.472289609042993E+018
  0.405000000000000       6.497504224127605E+018
  0.410000000000000       6.522100049120918E+018
  0.415000000000000       6.546092276269957E+018
  0.420000000000000       6.569495716775441E+018
  0.425000000000000       6.592324820535368E+018
  0.430000000000000       6.614593683727307E+018
  0.435000000000000       6.636316054711359E+018
  0.440000000000000       6.657505349511398E+018
  0.445000000000000       6.678174646679566E+018
  0.450000000000000       6.698336709994795E+018
  0.455000000000000       6.718003987374192E+018
  0.460000000000000       6.737188624121057E+018
  0.465000000000000       6.755902462554374E+018
  0.470000000000000       6.774157057669281E+018
  0.475000000000000       6.791963679865979E+018
  0.480000000000000       6.809333325072606E+018
  0.485000000000000       6.826276713658596E+018
  0.490000000000000       6.842804310565303E+018
  0.495000000000000       6.858926318066510E+018
  0.500000000000000       6.874652689610810E+018
  0.505000000000000       6.889993136135131E+018
  0.510000000000000       6.904957127041948E+018
  0.515000000000000       6.919553902472423E+018
  0.520000000000000       6.933792472084877E+018
  0.525000000000000       6.947681631792562E+018
  0.530000000000000       6.961229944427563E+018
  0.535000000000000       6.974445794275636E+018
  0.540000000000000       6.987337322418573E+018
  0.545000000000000       6.999912496973988E+018
  0.550000000000000       7.012179078487135E+018
  0.555000000000000       7.024144641926073E+018
  0.560000000000000       7.035816572285330E+018
  0.565000000000000       7.047202078498870E+018
  0.570000000000000       7.058308182562171E+018
  0.575000000000000       7.069141754819744E+018
  0.580000000000000       7.079709469763963E+018
  0.585000000000000       7.090017857966325E+018
  0.590000000000000       7.100073282657958E+018
  0.595000000000000       7.109881950828759E+018
  0.600000000000000       7.119449917741216E+018
  0.605000000000000       7.128783093376996E+018
  0.610000000000000       7.137887235352371E+018
  0.615000000000000       7.146767968718563E+018
  0.620000000000000       7.155430768719142E+018
  0.625000000000000       7.163880991651902E+018
  0.630000000000000       7.172123848076924E+018
  0.635000000000000       7.180164432431074E+018
  0.640000000000000       7.188007703167950E+018
  0.645000000000000       7.195658505829932E+018
  0.650000000000000       7.203121561942434E+018
  0.655000000000000       7.210401479154638E+018
  0.660000000000000       7.217502751627952E+018
  0.665000000000000       7.224429763283473E+018
  0.670000000000000       7.231186791241682E+018
  0.675000000000000       7.237778005726731E+018
  0.680000000000000       7.244207476526910E+018
  0.685000000000000       7.250479171876623E+018
  0.690000000000000       7.256596965119251E+018
  0.695000000000000       7.262564631745603E+018
  0.700000000000000       7.268385854794179E+018
  0.705000000000000       7.274064232011475E+018
  0.710000000000000       7.279603264168416E+018
  0.715000000000000       7.285006373358431E+018
  0.720000000000000       7.290276894435053E+018
  0.725000000000000       7.295418079894869E+018
  0.730000000000000       7.300433105737333E+018
  0.735000000000000       7.305325066337581E+018
  0.740000000000000       7.310096982424354E+018
  0.745000000000000       7.314751799013481E+018
  0.750000000000000       7.319292392822925E+018
  0.755000000000000       7.323721559281819E+018
  0.760000000000000       7.328042041204528E+018
  0.765000000000000       7.332256501150674E+018
  0.770000000000000       7.336367541909538E+018
  0.775000000000000       7.340377701185253E+018
  0.780000000000000       7.344289454597926E+018
  0.785000000000000       7.348105216839782E+018
  0.790000000000000       7.351827343404988E+018
  0.795000000000000       7.355458132970726E+018
  0.800000000000000       7.358999825253542E+018
  0.805000000000000       7.362454608627229E+018
  0.810000000000000       7.365824613439826E+018
  0.815000000000000       7.369111922459502E+018
  0.820000000000000       7.372318563346323E+018
  0.825000000000000       7.375446515999417E+018
  0.830000000000000       7.378497711887612E+018
  0.835000000000000       7.381474033335965E+018
  0.840000000000000       7.384377320652842E+018
  0.845000000000000       7.387209361314180E+018
  0.850000000000000       7.389971909424953E+018
  0.855000000000000       7.392666664757744E+018
  0.860000000000000       7.395295294346774E+018
  0.865000000000000       7.397859419710313E+018
  0.870000000000000       7.400360623480650E+018
  0.875000000000000       7.402800451065895E+018
  0.880000000000000       7.405180405761750E+018
  0.885000000000000       7.407501960576412E+018
  0.890000000000000       7.409766545579461E+018
  0.895000000000000       7.411975560209463E+018
  0.900000000000000       7.414130367512813E+018
  0.905000000000000       7.416232294899048E+018
  0.910000000000000       7.418282650440166E+018
  0.915000000000000       7.420282686616840E+018
  0.920000000000000       7.422233645282954E+018
  0.925000000000000       7.424136729596661E+018
  0.930000000000000       7.425993113655185E+018
  0.935000000000000       7.427803944722122E+018
  0.940000000000000       7.429570337981051E+018
  0.945000000000000       7.431293387400848E+018
  0.950000000000000       7.432974154196953E+018
  0.955000000000000       7.434613677326141E+018
  0.960000000000000       7.436212966881960E+018
  0.965000000000000       7.437773012560309E+018
  0.970000000000000       7.439294775341530E+018
  0.975000000000000       7.440779196790259E+018
  0.980000000000000       7.442227190739756E+018
  0.985000000000000       7.443639652456443E+018
  0.990000000000000       7.445017455271506E+018
  0.995000000000000       7.446361447842346E+018
   1.00000000000000       7.447672458896391E+018
   1.00500000000000       7.448951299946690E+018
   1.01000000000000       7.450198759430500E+018
   1.01500000000000       7.451415608005357E+018
   1.02000000000000       7.452602594773369E+018
   1.02500000000000       7.453760455934022E+018
   1.03000000000000       7.454889903309615E+018
   1.03500000000000       7.455991635100545E+018
   1.04000000000000       7.457066332858460E+018
   1.04500000000000       7.458114656898260E+018
   1.05000000000000       7.459137256996815E+018
   1.05500000000000       7.460134763323749E+018
   1.06000000000000       7.461107792010668E+018
   1.06500000000000       7.462056943731408E+018
   1.07000000000000       7.462982804409452E+018
   1.07500000000000       7.463885944355711E+018
   1.08000000000000       7.464766923268810E+018
   1.08500000000000       7.465626282891599E+018
   1.09000000000000       7.466464555481601E+018
   1.09500000000000       7.467282257708596E+018
   1.10000000000000       7.468079894783733E+018
   1.10500000000000       7.468857957328642E+018
   1.11000000000000       7.469616928179059E+018
   1.11500000000000       7.470357274143360E+018
   1.12000000000000       7.471079452507435E+018
   1.12500000000000       7.471783910130329E+018
   1.13000000000000       7.472471079596307E+018
   1.13500000000000       7.473141388874322E+018
   1.14000000000000       7.473795248218058E+018
   1.14500000000000       7.474433062715142E+018
   1.15000000000000       7.475055226060157E+018
   1.15500000000000       7.475662121690493E+018
   1.16000000000000       7.476254125315023E+018
   1.16500000000000       7.476831600930122E+018
   1.17000000000000       7.477394906857494E+018
   1.17500000000000       7.477944389390749E+018
   1.18000000000000       7.478480387143037E+018
   1.18500000000000       7.479003234703232E+018
   1.19000000000000       7.479513249965540E+018
   1.19500000000000       7.480010750817321E+018
   1.20000000000000       7.480496042131272E+018
   1.20500000000000       7.480969426424527E+018
   1.21000000000000       7.481431194631088E+018
   1.21500000000000       7.481881631029482E+018
   1.22000000000000       7.482321013946423E+018
   1.22500000000000       7.482749615675722E+018
   1.23000000000000       7.483167698484114E+018
   1.23500000000000       7.483575522753615E+018
   1.24000000000000       7.483973338688729E+018
   1.24500000000000       7.484361394856967E+018
   1.25000000000000       7.484739926165129E+018
   1.25500000000000       7.485109170237724E+018
   1.26000000000000       7.485469352654458E+018
   1.26500000000000       7.485820696776188E+018
   1.27000000000000       7.486163419268158E+018
   1.27500000000000       7.486497731777449E+018
   1.28000000000000       7.486823840563199E+018
   1.28500000000000       7.487141946630667E+018
   1.29000000000000       7.487452247591891E+018
   1.29500000000000       7.487754933149374E+018
   1.30000000000000       7.488050191703455E+018
   1.30500000000000       7.488338204827120E+018
   1.31000000000000       7.488619150170798E+018
   1.31500000000000       7.488893201514292E+018
   1.32000000000000       7.489160528078388E+018
   1.32500000000000       7.489421293478204E+018
   1.33000000000000       7.489675662453348E+018
   1.33500000000000       7.489923788331239E+018
   1.34000000000000       7.490165824334252E+018
   1.34500000000000       7.490401922558725E+018
   1.35000000000000       7.490632226542755E+018
   1.35500000000000       7.490856879165979E+018
   1.36000000000000       7.491076018915182E+018
   1.36500000000000       7.491289781331895E+018
   1.37000000000000       7.491498297944556E+018
   1.37500000000000       7.491701699031442E+018
   1.38000000000000       7.491900107052361E+018
   1.38500000000000       7.492093648036068E+018
   1.39000000000000       7.492282437987117E+018
   1.39500000000000       7.492466596209208E+018
   1.40000000000000       7.492646237409247E+018
   1.40500000000000       7.492821466354327E+018
   1.41000000000000       7.492992397340200E+018
   1.41500000000000       7.493159134046374E+018
   1.42000000000000       7.493321777711619E+018
   1.42500000000000       7.493480432957538E+018
   1.43000000000000       7.493635193324103E+018
   1.43500000000000       7.493786156376339E+018
   1.44000000000000       7.493933416512434E+018
   1.44500000000000       7.494077058955005E+018
   1.45000000000000       7.494217179883106E+018
   1.45500000000000       7.494353861216551E+018
   1.46000000000000       7.494487188620812E+018
   1.46500000000000       7.494617245023075E+018
   1.47000000000000       7.494744109305975E+018
   1.47500000000000       7.494867860248925E+018
   1.48000000000000       7.494988575429933E+018
   1.48500000000000       7.495106327636410E+018
   1.49000000000000       7.495221190128455E+018
   1.49500000000000       7.495333234809869E+018
   1.50000000000000       7.495442529525345E+018
   1.50500000000000       7.495549142304919E+018
   1.51000000000000       7.495653139207974E+018
   1.51500000000000       7.495754582601271E+018
   1.52000000000000       7.495853540019329E+018
   1.52500000000000       7.495950065545133E+018
   1.53000000000000       7.496044225362651E+018
   1.53500000000000       7.496136071105107E+018
   1.54000000000000       7.496225666596209E+018
   1.54500000000000       7.496313061878659E+018
   1.55000000000000       7.496398312874308E+018
   1.55500000000000       7.496481471428238E+018
   1.56000000000000       7.496562591957890E+018
   1.56500000000000       7.496641716776579E+018
   1.57000000000000       7.496718904211853E+018
   1.57500000000000       7.496794195701782E+018
   1.58000000000000       7.496867641897753E+018
   1.58500000000000       7.496939282119541E+018
   1.59000000000000       7.497009166426784E+018
   1.59500000000000       7.497077335128291E+018
   1.60000000000000       7.497143832168199E+018
   1.60500000000000       7.497208696180554E+018
   1.61000000000000       7.497271970229347E+018
   1.61500000000000       7.497333690161893E+018
   1.62000000000000       7.497393895466186E+018
   1.62500000000000       7.497452623678197E+018
   1.63000000000000       7.497509910185842E+018
   1.63500000000000       7.497565793104140E+018
   1.64000000000000       7.497620302820178E+018
   1.64500000000000       7.497673475438132E+018
   1.65000000000000       7.497725342091586E+018
   1.65500000000000       7.497775938664678E+018
   1.66000000000000       7.497825291445370E+018
   1.66500000000000       7.497873434602448E+018
   1.67000000000000       7.497920394460890E+018
   1.67500000000000       7.497966203771363E+018
   1.68000000000000       7.498010887777533E+018
   1.68500000000000       7.498054476846027E+018
   1.69000000000000       7.498096994365771E+018
   1.69500000000000       7.498138469847669E+018
   1.70000000000000       7.498178926801604E+018
   1.70500000000000       7.498218392083343E+018
   1.71000000000000       7.498256887507395E+018
   1.71500000000000       7.498294438743474E+018
   1.72000000000000       7.498331069670440E+018
   1.72500000000000       7.498366800467486E+018
   1.73000000000000       7.498401654011911E+018
   1.73500000000000       7.498435653533849E+018
   1.74000000000000       7.498468818169053E+018
   1.74500000000000       7.498501169035373E+018
   1.75000000000000       7.498532726305264E+018
   1.75500000000000       7.498563507668695E+018
   1.76000000000000       7.498593536604141E+018
   1.76500000000000       7.498622826516015E+018
   1.77000000000000       7.498651398244522E+018
   1.77500000000000       7.498679268827641E+018
   1.78000000000000       7.498706455637616E+018
   1.78500000000000       7.498732975008128E+018
   1.79000000000000       7.498758843951458E+018
   1.79500000000000       7.498784077754808E+018
   1.80000000000000       7.498808692697594E+018
   1.80500000000000       7.498832703168242E+018
   1.81000000000000       7.498856125022131E+018
   1.81500000000000       7.498878972150132E+018
   1.82000000000000       7.498901257775551E+018
   1.82500000000000       7.498922996796118E+018
   1.83000000000000       7.498944203587491E+018
   1.83500000000000       7.498964887850089E+018
   1.84000000000000       7.498985066981234E+018
   1.84500000000000       7.499004748633003E+018
   1.85000000000000       7.499023947704296E+018
   1.85500000000000       7.499042677262025E+018
   1.86000000000000       7.499060946248340E+018
   1.86500000000000       7.499078767103369E+018
   1.87000000000000       7.499096150881458E+018
   1.87500000000000       7.499113105926634E+018
   1.88000000000000       7.499129648006175E+018
   1.88500000000000       7.499145782631113E+018
   1.89000000000000       7.499161521372741E+018
   1.89500000000000       7.499176874410565E+018
   1.90000000000000       7.499191850401152E+018
   1.90500000000000       7.499206458848974E+018
   1.91000000000000       7.499220708621152E+018
   1.91500000000000       7.499234609208491E+018
   1.92000000000000       7.499248168313328E+018
   1.92500000000000       7.499261395244890E+018
   1.93000000000000       7.499274296358356E+018
   1.93500000000000       7.499286882149047E+018
   1.94000000000000       7.499299158259359E+018
   1.94500000000000       7.499311132599457E+018
   1.95000000000000       7.499322817138743E+018
   1.95500000000000       7.499334208875799E+018
   1.96000000000000       7.499345325616310E+018
   1.96500000000000       7.499356166876531E+018
   1.97000000000000       7.499366743538932E+018
   1.97500000000000       7.499377060087561E+018
   1.98000000000000       7.499387123976648E+018
   1.98500000000000       7.499396940533224E+018
   1.99000000000000       7.499406516113267E+018
   1.99500000000000       7.499415856955100E+018
   2.00000000000000       7.499424969144180E+018
   2.00500000000000       7.499433856341551E+018
   2.01000000000000       7.499442526178270E+018
   2.01500000000000       7.499450983765987E+018
   2.02000000000000       7.499459232765022E+018
   2.02500000000000       7.499467280456370E+018
   2.03000000000000       7.499475130519263E+018
   2.03500000000000       7.499482787037468E+018
   2.04000000000000       7.499490255170301E+018
   2.04500000000000       7.499497542161283E+018
   2.05000000000000       7.499504648894968E+018
   2.05500000000000       7.499511582589378E+018
   2.06000000000000       7.499518343178065E+018
   2.06500000000000       7.499524942101177E+018
   2.07000000000000       7.499531375665439E+018
   2.07500000000000       7.499537652470887E+018
   2.08000000000000       7.499543775766931E+018
   2.08500000000000       7.499549746966578E+018
   2.09000000000000       7.499555573426703E+018
   2.09500000000000       7.499561257966472E+018
   2.10000000000000       7.499566800427103E+018
   2.10500000000000       7.499572208376365E+018
   2.11000000000000       7.499577482888031E+018
   2.11500000000000       7.499582629307283E+018
   2.12000000000000       7.499587647574317E+018
   2.12500000000000       7.499592545694279E+018
   2.13000000000000       7.499597318986533E+018
   2.13500000000000       7.499601978205797E+018
   2.14000000000000       7.499606522701715E+018
   2.14500000000000       7.499610956029950E+018
   2.15000000000000       7.499615279274967E+018
   2.15500000000000       7.499619497499293E+018
   2.16000000000000       7.499623612494933E+018
   2.16500000000000       7.499627624906320E+018
   2.17000000000000       7.499631539478885E+018
   2.17500000000000       7.499635359298445E+018
   2.18000000000000       7.499639084540614E+018
   2.18500000000000       7.499642718453107E+018
   2.19000000000000       7.499646262892636E+018
   2.19500000000000       7.499649720765063E+018
   2.20000000000000       7.499653093040607E+018
   2.20500000000000       7.499656383251099E+018
   2.21000000000000       7.499659592732522E+018
   2.21500000000000       7.499662723319729E+018
   2.22000000000000       7.499665777014357E+018
   2.22500000000000       7.499668755514696E+018
   2.23000000000000       7.499671663431721E+018
   2.23500000000000       7.499674495792887E+018
   2.24000000000000       7.499677261303276E+018
   2.24500000000000       7.499679957192678E+018
   2.25000000000000       7.499682589250842E+018
   2.25500000000000       7.499685154661787E+018
   2.26000000000000       7.499687657003322E+018
   2.26500000000000       7.499690099153148E+018
   2.27000000000000       7.499692482619075E+018
   2.27500000000000       7.499694805588302E+018
   2.28000000000000       7.499697071585780E+018
   2.28500000000000       7.499699282813165E+018
   2.29000000000000       7.499701438065008E+018
   2.29500000000000       7.499703543284244E+018
   2.30000000000000       7.499705594952457E+018
   2.30500000000000       7.499707596574465E+018
   2.31000000000000       7.499709549188111E+018
   2.31500000000000       7.499711454065859E+018
   2.32000000000000       7.499713311716575E+018
   2.32500000000000       7.499715123913517E+018
   2.33000000000000       7.499716892706118E+018
   2.33500000000000       7.499718616235709E+018
   2.34000000000000       7.499720297709960E+018
   2.34500000000000       7.499721939890369E+018
   2.35000000000000       7.499723541902017E+018
   2.35500000000000       7.499725100621581E+018
   2.36000000000000       7.499726624978073E+018
   2.36500000000000       7.499728110625229E+018
   2.37000000000000       7.499729559823493E+018
   2.37500000000000       7.499730972584195E+018
   2.38000000000000       7.499732352698514E+018
   2.38500000000000       7.499733696547642E+018
   2.39000000000000       7.499735009407868E+018
   2.39500000000000       7.499736288972177E+018
   2.40000000000000       7.499737537591839E+018
   2.40500000000000       7.499738755182917E+018
   2.41000000000000       7.499739940373513E+018
   2.41500000000000       7.499741103790129E+018
   2.42000000000000       7.499742231772040E+018
   2.42500000000000       7.499743335563578E+018
   2.43000000000000       7.499744410785386E+018
   2.43500000000000       7.499745460655728E+018
   2.44000000000000       7.499746483303160E+018
   2.44500000000000       7.499747481917413E+018
   2.45000000000000       7.499748455831368E+018
   2.45500000000000       7.499749405541302E+018
   2.46000000000000       7.499750332258143E+018
   2.46500000000000       7.499751236223988E+018
   2.47000000000000       7.499752117823279E+018
   2.47500000000000       7.499752977710989E+018
   2.48000000000000       7.499753817042799E+018
   2.48500000000000       7.499754635313796E+018
   2.49000000000000       7.499755433659415E+018
   2.49500000000000       7.499756212302658E+018
   2.50000000000000       7.499756971702052E+018
