  5.000000000000000E-003   118.865045741731        1.32445335381111     
  1.000000000000000E-002   117.871875765506        2.08461085644320     
  1.500000000000000E-002   116.883952603563        2.82244977117764     
  2.000000000000000E-002   115.803289185197        3.61063652831620     
  2.500000000000000E-002   114.744317149233        4.35536220765870     
  3.000000000000000E-002   113.698325134212        5.06544457438854     
  3.500000000000000E-002   112.661487308045        5.74494585298494     
  4.000000000000000E-002   111.631921035083        6.39600266568152     
  4.500000000000000E-002   110.608658359497        7.01979997129664     
  5.000000000000000E-002   109.591272077980        7.61710694736086     
  5.500000000000000E-002   108.579672065484        8.18842551037720     
  6.000000000000000E-002   107.574014338829        8.73412576109471     
  6.500000000000000E-002   106.574650754669        9.25452503660976     
  7.000000000000001E-002   105.582086854296        9.74993284315323     
  7.500000000000000E-002   104.596950871783        10.2206824820041     
  8.000000000000000E-002   103.619964760994        10.6671608976903     
  8.500000000000001E-002   102.651911985221        11.0898030618958     
  9.000000000000000E-002   101.693615845367        11.4891198763198     
  9.500000000000000E-002   100.745912676644        11.8656838683924     
  0.100000000000000        99.8096301644560        12.2201314607646     
  0.105000000000000        98.8855696998494        12.5531554915162     
  0.110000000000000        97.9744909311506        12.8654976837811     
  0.115000000000000        97.0771002384381        13.1579400261080     
  0.120000000000000        96.1940418181288        13.4312947695858     
  0.125000000000000        95.3258924724964        13.6863964429098     
  0.130000000000000        94.4731570814802        13.9240897181441     
  0.135000000000000        93.6362683987169        14.1452257945403     
  0.140000000000000        92.8155872598554        14.3506518385301     
  0.145000000000000        92.0114039863258        14.5412053738485     
  0.150000000000000        91.2239414779708        14.7177089512236     
  0.155000000000000        90.4533587869013        14.8809652138345     
  0.160000000000000        89.6997551633240        15.0317533808858     
  0.165000000000000        88.9631745914297        15.1708263402758     
  0.170000000000000        88.2436104151215        15.2989084413932     
  0.175000000000000        87.5410097981992        15.4166937551307     
  0.180000000000000        86.8552785061254        15.5248452047433     
  0.185000000000000        86.1862853204256        15.6239941654793     
  0.190000000000000        85.5338662070032        15.7147402086881     
  0.195000000000000        84.8978283744633        15.7976513274411     
  0.200000000000000        84.2779540288179        15.8732644747855     
  0.205000000000000        83.6740038662988        15.9420861502532     
  0.210000000000000        83.0857203083673        16.0045934335655     
  0.215000000000000        82.5128303399716        16.0612348697165     
  0.220000000000000        81.9550484017084        16.1124316039358     
  0.225000000000000        81.4120786205737        16.1585785298470     
  0.230000000000000        80.8836171886308        16.2000456114021     
  0.235000000000000        80.3693543352497        16.2371791039376     
  0.240000000000000        79.8689754617127        16.2703021334715     
  0.245000000000000        79.3821639087607        16.2997169787680     
  0.250000000000000        78.9086012782924        16.3257057325483     
  0.255000000000000        78.4479691170183        16.3485310052296     
  0.260000000000000        77.9999498195688        16.3684379358421     
  0.265000000000000        77.5642277671962        16.3856546480030     
  0.270000000000000        77.1404899609494        16.4003935321681     
  0.275000000000000        76.7284266255487        16.4128520641135     
  0.280000000000000        76.3277321402293        16.4232139052263     
  0.285000000000000        75.9381051728884        16.4316497419293     
  0.290000000000000        75.5592493339833        16.4383181989054     
  0.295000000000000        75.1908734542054        16.4433664586950     
  0.300000000000000        74.8326918353004        16.4469312212116     
  0.305000000000000        74.4844245519777        16.4491393057044     
  0.310000000000000        74.1457975516470        16.4501083128525     
  0.315000000000000        73.8165428730018        16.4499473046550     
  0.320000000000000        73.4963986544756        16.4487574508761     
  0.325000000000000        73.1851092816189        16.4466322660023     
  0.330000000000000        72.8824252496659        16.4436583796385     
  0.335000000000000        72.5881033682330        16.4399162018013     
  0.340000000000000        72.3019066944552        16.4354800264289     
  0.345000000000000        72.0236044297264        16.4304186422130     
  0.350000000000000        71.7529717882415        16.4247955273781     
  0.355000000000000        71.4897901969457        16.4186694688252     
  0.360000000000000        71.2338469258753        16.4120947649594     
  0.365000000000000        70.9849351648440        16.4051215700294     
  0.370000000000000        70.7428538668066        16.3977961044368     
  0.375000000000000        70.5074076485834        16.3901611406376     
  0.380000000000000        70.2784065910468        16.3822559608029     
  0.385000000000000        70.0556663596224        16.3741168589681     
  0.390000000000000        69.8390078059355        16.3657772892545     
  0.395000000000000        69.6282570423926        16.3572679440719     
  0.400000000000000        69.4232451503602        16.3486171195443     
  0.405000000000000        69.2238082506122        16.3398508008307     
  0.410000000000000        69.0297871829456        16.3309928577168     
  0.415000000000000        68.8410275416917        16.3220651432791     
  0.420000000000000        68.6573794090418        16.3130876949063     
  0.425000000000000        68.4786973306405        16.3040788794657     
  0.430000000000000        68.3048401617113        16.2950554763539     
  0.435000000000000        68.1356709370185        16.2860328286341     
  0.440000000000000        67.9710567670596        16.2770248470346     
  0.445000000000000        67.8108686756012        16.2680442735782     
  0.450000000000000        67.6549815613812        16.2591026575400     
  0.455000000000000        67.5032740259895        16.2502104867286     
  0.460000000000000        67.3556282806300        16.2413771962489     
  0.465000000000000        67.2119300221610        16.2326113608880     
  0.470000000000000        67.0720683640010        16.2239206817698     
  0.475000000000000        66.9359357041571        16.2153120718327     
  0.480000000000000        66.8034276501983        16.2067917085197     
  0.485000000000000        66.6744428533504        16.1983650927575     
  0.490000000000000        66.5488830335516        16.1900370994303     
  0.495000000000000        66.4266527679851        16.1818120310435     
  0.500000000000000        66.3076594702411        16.1736936661079     
  0.505000000000000        66.1918132924064        16.1656852722219     
  0.510000000000000        66.0790270120343        16.1577896802155     
  0.515000000000000        65.9692159990435        16.1500093011208     
  0.520000000000000        65.8622980695062        16.1423461479425     
  0.525000000000000        65.7581935323704        16.1348019206027     
  0.530000000000000        65.6568248751542        16.1273779909099     
  0.535000000000000        65.5581170365956        16.1200752231731     
  0.540000000000000        65.4619969482748        16.1128945118242     
  0.545000000000000        65.3683938395209        16.1058363530285     
  0.550000000000000        65.2772389015947        16.0989010401772     
  0.555000000000000        65.1884653542689        16.0920886346303     
  0.560000000000000        65.1020083221945        16.0853990246302     
  0.565000000000000        65.0178048425129        16.0788319082276     
  0.570000000000000        64.9357937179820        16.0723869131157     
  0.575000000000000        64.8559155709194        16.0660632447870     
  0.580000000000000        64.7781126187375        16.0598602732233     
  0.585000000000000        64.7023288585602        16.0537771368078     
  0.590000000000000        64.6285098246901        16.0478128642173     
  0.595000000000000        64.5566026092075        16.0419663984365     
  0.600000000000000        64.4865558213588        16.0362366087146     
  0.605000000000000        64.4183195284141        16.0306222182509     
  0.610000000000000        64.3518451829450        16.0251219583492     
  0.615000000000000        64.2870856877540        16.0197344997131     
  0.620000000000000        64.2239951266373        16.0144583586526     
  0.625000000000000        64.1625290532944        16.0092920966499     
  0.630000000000000        64.1026441484759        16.0042342413407     
  0.635000000000000        64.0442983734735        15.9992832011858     
  0.640000000000000        63.9874508086036        15.9944374404289     
  0.645000000000000        63.9320617323780        15.9896953491309     
  0.650000000000000        63.8780924956012        15.9850553186616     
  0.655000000000000        63.8255055375636        15.9805157139621     
  0.660000000000000        63.7742643369870        15.9760748874169     
  0.665000000000000        63.7243333882444        15.9717311892306     
  0.670000000000000        63.6756781679007        15.9674829484498     
  0.675000000000000        63.6282650957820        15.9633285073815     
  0.680000000000000        63.5820615306081        15.9592662011376     
  0.685000000000000        63.5370357155914        15.9552943704013     
  0.690000000000000        63.4931567820491        15.9514113481821     
  0.695000000000000        63.4503946898631        15.9476154904374     
  0.700000000000000        63.4087202279838        15.9439051743190     
  0.705000000000000        63.3681049974308        15.9402787200372     
  0.710000000000000        63.3285213316217        15.9367345371008     
  0.715000000000000        63.2899423648839        15.9332710143987     
  0.720000000000000        63.2523419377499        15.9298865669031     
  0.725000000000000        63.2156945859654        15.9265796040998     
  0.730000000000000        63.1799755710401        15.9233485688419     
  0.735000000000000        63.1451607913143        15.9201919232790     
  0.740000000000000        63.1112268121327        15.9171081406932     
  0.745000000000000        63.0781508198079        15.9140957220356     
  0.750000000000000        63.0459106582672        15.9111532087082     
  0.755000000000000        63.0144846332258        15.9082790739256     
  0.760000000000000        62.9838518086693        15.9054718948902     
  0.765000000000000        62.9539916915282        15.9027302609573     
  0.770000000000000        62.9248843779848        15.9000527675626     
  0.775000000000000        62.8965104865484        15.8974380355901     
  0.780000000000000        62.8688511534588        15.8948847075441     
  0.785000000000000        62.8418880148884        15.8923914471257     
  0.790000000000000        62.8156031981071        15.8899569466828     
  0.795000000000000        62.7899793066425        15.8875799064066     
  0.800000000000000        62.7649993915420        15.8852590691285     
  0.805000000000000        62.7406469744697        15.8829931790248     
  0.810000000000000        62.7169059834318        15.8807810225818     
  0.815000000000000        62.6937608024985        15.8786213883140     
  0.820000000000000        62.6711961998173        15.8765131040197     
  0.825000000000000        62.6491973605047        15.8744550169914     
  0.830000000000000        62.6277498566894        15.8724459879348     
  0.835000000000000        62.6068396343007        15.8704849226457     
  0.840000000000000        62.5864530174668        15.8685706890079     
  0.845000000000000        62.5665766613959        15.8667022656886     
  0.850000000000000        62.5471976183714        15.8648785555021     
  0.855000000000000        62.5283032150901        15.8630985601891     
  0.860000000000000        62.5098811717730        15.8613612677007     
  0.865000000000000        62.4919194926906        15.8596656960914     
  0.870000000000000        62.4744065000113        15.8580108787851     
  0.875000000000000        62.4573308372672        15.8563958770287     
  0.880000000000000        62.4406814000934        15.8548197580643     
  0.885000000000000        62.4244474308234        15.8532816104595     
  0.890000000000000        62.4086183977017        15.8517805566115     
  0.895000000000000        62.3931840752846        15.8503157257772     
  0.900000000000000        62.3781344860188        15.8488862688705     
  0.905000000000000        62.3634599298458        15.8474914426088     
  0.910000000000000        62.3491509535094        15.8461302519084     
  0.915000000000000        62.3351982696599        15.8448020071969     
  0.920000000000000        62.3215929541103        15.8435059203222     
  0.925000000000000        62.3083262437007        15.8422412275670     
  0.930000000000000        62.2953896089867        15.8410071913459     
  0.935000000000000        62.2827747567236        15.8398030899301     
  0.940000000000000        62.2704735664983        15.8386282048253     
  0.945000000000000        62.2584781806919        15.8374818353336     
  0.950000000000000        62.2467808978033        15.8363633106021     
  0.955000000000000        62.2353742455153        15.8352719730625     
  0.960000000000000        62.2242509047276        15.8342071608073     
  0.965000000000000        62.2134037896712        15.8331682445043     
  0.970000000000000        62.2028259572470        15.8321546101970     
  0.975000000000000        62.1925106713594        15.8311656432916     
  0.980000000000000        62.1824513358017        15.8302007621934     
  0.985000000000000        62.1726415564656        15.8292593993447     
  0.990000000000000        62.1630750822209        15.8283409558164     
  0.995000000000000        62.1537458189938        15.8274449043761     
   1.00000000000000        62.1446478195836        15.8265706949917     
   1.00500000000000        62.1357753219151        15.8257178058171     
   1.01000000000000        62.1271226816203        15.8248857246009     
   1.01500000000000        62.1186844138596        15.8240739572451     
   1.02000000000000        62.1104551422597        15.8232820041686     
   1.02500000000000        62.1024296765049        15.8225093818990     
   1.03000000000000        62.0946029086299        15.8217556316568     
   1.03500000000000        62.0869698897032        15.8210202972979     
   1.04000000000000        62.0795258000042        15.8203029327785     
   1.04500000000000        62.0722658997149        15.8196030970759     
   1.05000000000000        62.0651856209060        15.8189203654132     
   1.05500000000000        62.0582804809350        15.8182543276233     
   1.06000000000000        62.0515461200887        15.8176045774927     
   1.06500000000000        62.0449782866596        15.8169707205789     
   1.07000000000000        62.0385728384022        15.8163523772667     
   1.07500000000000        62.0323257178093        15.8157491571789     
   1.08000000000000        62.0262330074280        15.8151606980525     
   1.08500000000000        62.0202908516486        15.8145866463581     
   1.09000000000000        62.0144955198049        15.8140266456166     
   1.09500000000000        62.0088433550057        15.8134803521822     
   1.10000000000000        62.0033308083653        15.8129474428228     
   1.10500000000000        61.9979543902354        15.8124275783908     
   1.11000000000000        61.9927107437721        15.8119204456832     
   1.11500000000000        61.9875965587904        15.8114257367025     
   1.12000000000000        61.9826086246928        15.8109431502196     
   1.12500000000000        61.9777438140926        15.8104723828938     
   1.13000000000000        61.9729990644790        15.8100131729700     
   1.13500000000000        61.9683714115275        15.8095651965729     
   1.14000000000000        61.9638579297300        15.8091281982838     
   1.14500000000000        61.9594558011998        15.8087019106586     
   1.15000000000000        61.9551622659527        15.8082860732578     
   1.15500000000000        61.9509746271031        15.8078804302225     
   1.16000000000000        61.9468902700005        15.8074847321045     
   1.16500000000000        61.9429066256065        15.8070987402214     
   1.17000000000000        61.9390212113378        15.8067222079455     
   1.17500000000000        61.9352315851588        15.8063549096928     
   1.18000000000000        61.9315353797931        15.8059966404385     
   1.18500000000000        61.9279302950306        15.8056471349323     
   1.19000000000000        61.9244140458778        15.8053062044324     
   1.19500000000000        61.9209844583958        15.8049736346232     
   1.20000000000000        61.9176393800494        15.8046492447099     
   1.20500000000000        61.9143767346665        15.8043328094346     
   1.21000000000000        61.9111944668957        15.8040241206247     
   1.21500000000000        61.9080905889085        15.8037230017806     
   1.22000000000000        61.9050631666824        15.8034292714223     
   1.22500000000000        61.9021103222359        15.8031427543830     
   1.23000000000000        61.8992301870962        15.8028632619731     
   1.23500000000000        61.8964209877456        15.8025906294462     
   1.24000000000000        61.8936809652273        15.8023247039817     
   1.24500000000000        61.8910084188938        15.8020652818711     
   1.25000000000000        61.8884016554295        15.8018122326452     
   1.25500000000000        61.8858590782129        15.8015653864820     
   1.26000000000000        61.8833790859445        15.8013245998734     
   1.26500000000000        61.8809601415570        15.8010897228562     
   1.27000000000000        61.8786007362119        15.8008606105240     
   1.27500000000000        61.8762994008469        15.8006371208655     
   1.28000000000000        61.8740547018068        15.8004191168906     
   1.28500000000000        61.8718652407431        15.8002064682125     
   1.29000000000000        61.8697296618408        15.7999990350669     
   1.29500000000000        61.8676466222031        15.7997966945387     
   1.30000000000000        61.8656148380605        15.7995993189865     
   1.30500000000000        61.8636330408216        15.7994067900627     
   1.31000000000000        61.8616999954672        15.7992189863882     
   1.31500000000000        61.8598145032768        15.7990357929735     
   1.32000000000000        61.8579753919586        15.7988570958753     
   1.32500000000000        61.8561815158428        15.7986828071217     
   1.33000000000000        61.8544317720539        15.7985127731671     
   1.33500000000000        61.8527250564978        15.7983469232863     
   1.34000000000000        61.8510603032514        15.7981851421278     
   1.34500000000000        61.8494364993863        15.7980273252268     
   1.35000000000000        61.8478526214420        15.7978733851711     
   1.35500000000000        61.8463076905177        15.7977232240368     
   1.36000000000000        61.8448007450673        15.7975767481269     
   1.36500000000000        61.8433308519480        15.7974338676380     
   1.37000000000000        61.8418970969763        15.7972944991451     
   1.37500000000000        61.8404986027360        15.7971585544987     
   1.38000000000000        61.8391344709181        15.7970259424669     
   1.38500000000000        61.8378038902108        15.7968965907721     
   1.39000000000000        61.8365060004509        15.7967704101592     
   1.39500000000000        61.8352400228705        15.7966473281257     
   1.40000000000000        61.8340051947553        15.7965272996494     
   1.40500000000000        61.8328006720934        15.7964101954458     
   1.41000000000000        61.8316257654933        15.7962959524902     
   1.41500000000000        61.8304797367082        15.7961845142532     
   1.42000000000000        61.8293618693743        15.7960758325010     
   1.42500000000000        61.8282714865928        15.7959697946694     
   1.43000000000000        61.8272078870228        15.7958663637963     
   1.43500000000000        61.8261704268292        15.7957654713665     
   1.44000000000000        61.8251584894153        15.7956670909361     
   1.44500000000000        61.8241713682994        15.7955710953534     
   1.45000000000000        61.8232085274355        15.7954774475958     
   1.45500000000000        61.8222693352773        15.7953861012274     
   1.46000000000000        61.8213532214508        15.7952970010197     
   1.46500000000000        61.8204596204192        15.7952100845943     
   1.47000000000000        61.8195879686716        15.7951253034073     
   1.47500000000000        61.8187377308266        15.7950426064580     
   1.48000000000000        61.8179083874087        15.7949619356034     
   1.48500000000000        61.8170994122125        15.7948832468884     
   1.49000000000000        61.8163103096825        15.7948064928148     
   1.49500000000000        61.8155405961478        15.7947316178394     
   1.50000000000000        61.8147897864137        15.7946585823160     
   1.50500000000000        61.8140574199957        15.7945873402972     
   1.51000000000000        61.8133430456487        15.7945178478012     
   1.51500000000000        61.8126462143201        15.7944500824303     
   1.52000000000000        61.8119665198945        15.7943839635368     
   1.52500000000000        61.8113034896464        15.7943194699559     
   1.53000000000000        61.8106567690748        15.7942565582623     
   1.53500000000000        61.8100259098923        15.7941952087421     
   1.54000000000000        61.8094105651619        15.7941353423507     
   1.54500000000000        61.8088103186226        15.7940769446804     
   1.55000000000000        61.8082248159981        15.7940199799148     
   1.55500000000000        61.8076536904829        15.7939644181333     
   1.56000000000000        61.8070966270990        15.7939102510490     
   1.56500000000000        61.8065531882352        15.7938573885918     
   1.57000000000000        61.8060231265164        15.7938058112996     
   1.57500000000000        61.8055060672810        15.7937555037808     
   1.58000000000000        61.8050017401142        15.7937064647242     
   1.58500000000000        61.8045097548757        15.7936586064254     
   1.59000000000000        61.8040298631478        15.7936119101372     
   1.59500000000000        61.8035617509165        15.7935663635121     
   1.60000000000000        61.8031051410223        15.7935219302602     
   1.60500000000000        61.8026597343076        15.7934785926128     
   1.61000000000000        61.8022252800327        15.7934363202488     
   1.61500000000000        61.8018014822093        15.7933950887055     
   1.62000000000000        61.8013880856040        15.7933548607025     
   1.62500000000000        61.8009848430980        15.7933156232346     
   1.63000000000000        61.8005915039391        15.7932773658016     
   1.63500000000000        61.8002078311210        15.7932400255637     
   1.64000000000000        61.7998335635096        15.7932036054962     
   1.64500000000000        61.7994684883612        15.7931680771543     
   1.65000000000000        61.7991123759053        15.7931334425513     
   1.65500000000000        61.7987650192778        15.7930996352573     
   1.66000000000000        61.7984261726610        15.7930666605529     
   1.66500000000000        61.7980956600884        15.7930345011095     
   1.67000000000000        61.7977732446116        15.7930031303930     
   1.67500000000000        61.7974587566991        15.7929725221250     
   1.68000000000000        61.7971519817624        15.7929426715248     
   1.68500000000000        61.7968527523781        15.7929135555802     
   1.69000000000000        61.7965608500803        15.7928851499549     
   1.69500000000000        61.7962761242500        15.7928574400759     
   1.70000000000000        61.7959983817517        15.7928304111889     
   1.70500000000000        61.7957274696106        15.7928040517879     
   1.71000000000000        61.7954631935749        15.7927783353992     
   1.71500000000000        61.7952054093831        15.7927532514536     
   1.72000000000000        61.7949539644727        15.7927287858855     
   1.72500000000000        61.7947086821992        15.7927049235603     
   1.73000000000000        61.7944694150812        15.7926816428357     
   1.73500000000000        61.7942360294816        15.7926589275266     
   1.74000000000000        61.7940083680851        15.7926367703726     
   1.74500000000000        61.7937862956810        15.7926151575596     
   1.75000000000000        61.7935696768408        15.7925940757653     
   1.75500000000000        61.7933583713171        15.7925735324131     
   1.76000000000000        61.7931522672004        15.7925534697640     
   1.76500000000000        61.7929512053245        15.7925339035112     
   1.77000000000000        61.7927550824502        15.7925148148448     
   1.77500000000000        61.7925637733729        15.7924961947082     
   1.78000000000000        61.7923771618469        15.7924780328942     
   1.78500000000000        61.7921951278278        15.7924603162865     
   1.79000000000000        61.7920175650505        15.7924430352191     
   1.79500000000000        61.7918443573316        15.7924261778231     
   1.80000000000000        61.7916754042808        15.7924097348569     
   1.80500000000000        61.7915105942842        15.7923936955887     
   1.81000000000000        61.7913498343671        15.7923780498168     
   1.81500000000000        61.7911930236317        15.7923627953762     
   1.82000000000000        61.7910400518116        15.7923479100470     
   1.82500000000000        61.7908908375060        15.7923333915894     
   1.83000000000000        61.7907452972879        15.7923192319191     
   1.83500000000000        61.7906033103275        15.7923054193062     
   1.84000000000000        61.7904648294193        15.7922919453319     
   1.84500000000000        61.7903297257244        15.7922787986708     
   1.85000000000000        61.7901979493110        15.7922659921985     
   1.85500000000000        61.7900694127583        15.7922534813854     
   1.86000000000000        61.7899440216407        15.7922412752720     
   1.86500000000000        61.7898217100686        15.7922293696871     
   1.87000000000000        61.7897024055150        15.7922177630570     
   1.87500000000000        61.7895860171056        15.7922064562765     
   1.88000000000000        61.7894725023188        15.7921954050201     
   1.88500000000000        61.7893617601590        15.7921846243710     
   1.89000000000000        61.7892537378432        15.7921741112698     
   1.89500000000000        61.7891483691266        15.7921638514218     
   1.90000000000000        61.7890455848246        15.7921538454062     
   1.90500000000000        61.7889453228618        15.7921440851836     
   1.91000000000000        61.7888475197154        15.7921345640489     
   1.91500000000000        61.7887521212214        15.7921252766239     
   1.92000000000000        61.7886590611956        15.7921162180889     
   1.92500000000000        61.7885682927115        15.7921073881089     
   1.93000000000000        61.7884797385790        15.7920987694709     
   1.93500000000000        61.7883933679458        15.7920903605467     
   1.94000000000000        61.7883091101157        15.7920821589520     
   1.94500000000000        61.7882269244569        15.7920741784879     
   1.95000000000000        61.7881467962636        15.7920664064128     
   1.95500000000000        61.7880685697365        15.7920587984101     
   1.96000000000000        61.7879923017023        15.7920513744114     
   1.96500000000000        61.7879178808511        15.7920441296100     
   1.97000000000000        61.7878452975204        15.7920370592293     
   1.97500000000000        61.7877744912757        15.7920301639447     
   1.98000000000000        61.7877054270992        15.7920234378505     
   1.98500000000000        61.7876380550075        15.7920168777198     
   1.99000000000000        61.7875723352952        15.7920104779065     
   1.99500000000000        61.7875082303656        15.7920042347783     
   2.00000000000000        61.7874457067857        15.7919981520607     
   2.00500000000000        61.7873847030280        15.7919922130687     
   2.01000000000000        61.7873252036129        15.7919864219829     
   2.01500000000000        61.7872671673450        15.7919807699358     
   2.02000000000000        61.7872105482099        15.7919752611562     
   2.02500000000000        61.7871553256381        15.7919698818175     
   2.03000000000000        61.7871014609537        15.7919646434630     
   2.03500000000000        61.7870489078103        15.7919595286068     
   2.04000000000000        61.7869976483090        15.7919545578946     
   2.04500000000000        61.7869476562629        15.7919496895736     
   2.05000000000000        61.7868988796442        15.7919449432582     
   2.05500000000000        61.7868513128216        15.7919403155121     
   2.06000000000000        61.7868048949494        15.7919358179879     
   2.06500000000000        61.7867596443018        15.7919314114658     
   2.07000000000000        61.7867154741335        15.7919271125130     
   2.07500000000000        61.7866723975754        15.7919229186525     
   2.08000000000000        61.7866303812269        15.7919188243501     
   2.08500000000000        61.7865893896648        15.7919148519816     
   2.09000000000000        61.7865494179793        15.7919109735459     
   2.09500000000000        61.7865104306616        15.7919071772704     
   2.10000000000000        61.7864723763264        15.7919034708468     
   2.10500000000000        61.7864352675632        15.7918998519253     
   2.11000000000000        61.7863990653572        15.7918963265950     
   2.11500000000000        61.7863637643186        15.7918928900851     
   2.12000000000000        61.7863293112936        15.7918895332141     
   2.12500000000000        61.7862957448370        15.7918862921891     
   2.13000000000000        61.7862629485103        15.7918831011103     
   2.13500000000000        61.7862309821420        15.7918799844950     
   2.14000000000000        61.7861997958809        15.7918769416459     
   2.14500000000000        61.7861693815245        15.7918739813122     
   2.15000000000000        61.7861396999498        15.7918710884129     
   2.15500000000000        61.7861107550488        15.7918682641862     
   2.16000000000000        61.7860825264257        15.7918655170884     
   2.16500000000000        61.7860549759037        15.7918628361104     
   2.17000000000000        61.7860281132079        15.7918602350468     
   2.17500000000000        61.7860019129781        15.7918576799485     
   2.18000000000000        61.7859763474568        15.7918551853488     
   2.18500000000000        61.7859514105848        15.7918527531697     
   2.19000000000000        61.7859270827254        15.7918503800458     
   2.19500000000000        61.7859033556942        15.7918480659700     
   2.20000000000000        61.7858802061419        15.7918458127644     
   2.20500000000000        61.7858576299837        15.7918436136737     
   2.21000000000000        61.7858356064256        15.7918414654850     
   2.21500000000000        61.7858141220485        15.7918393700416     
   2.22000000000000        61.7857931642371        15.7918373262185     
   2.22500000000000        61.7857727203116        15.7918353370965     
   2.23000000000000        61.7857528135682        15.7918334279189     
   2.23500000000000        61.7857333487839        15.7918315437528     
   2.24000000000000        61.7857143818225        15.7918296991401     
   2.24500000000000        61.7856958644076        15.7918278982346     
   2.25000000000000        61.7856778216039        15.7918261413440     
   2.25500000000000        61.7856602022741        15.7918244246235     
   2.26000000000000        61.7856430223006        15.7918227676896     
   2.26500000000000        61.7856262733321        15.7918211490194     
   2.27000000000000        61.7856099402419        15.7918195566393     
   2.27500000000000        61.7855939923260        15.7918180069902     
   2.28000000000000        61.7855784323957        15.7918164868560     
   2.28500000000000        61.7855632612960        15.7918150029457     
   2.29000000000000        61.7855484572445        15.7918135767948     
   2.29500000000000        61.7855340302610        15.7918121609067     
   2.30000000000000        61.7855199431598        15.7918107845944     
   2.30500000000000        61.7855062038607        15.7918094406101     
   2.31000000000000        61.7854928026772        15.7918081295328     
   2.31500000000000        61.7854797323065        15.7918068514555     
   2.32000000000000        61.7854669785742        15.7918056050946     
   2.32500000000000        61.7854545403648        15.7918043925176     
   2.33000000000000        61.7854424179283        15.7918032128056     
   2.33500000000000        61.7854305748578        15.7918020580154     
   2.34000000000000        61.7854190326021        15.7918009497039     
   2.34500000000000        61.7854077802604        15.7917998457033     
   2.35000000000000        61.7853968226280        15.7917988080081     
   2.35500000000000        61.7853860869032        15.7917977685565     
   2.36000000000000        61.7853756433839        15.7917967430034     
   2.36500000000000        61.7853654493508        15.7917957524740     
   2.37000000000000        61.7853555055036        15.7917947863132     
   2.37500000000000        61.7853457965764        15.7917938406018     
   2.38000000000000        61.7853363438056        15.7917929186726     
   2.38500000000000        61.7853271021517        15.7917920194762     
   2.39000000000000        61.7853181011211        15.7917911344392     
   2.39500000000000        61.7853093127990        15.7917902737717     
   2.40000000000000        61.7853007437488        15.7917894334400     
   2.40500000000000        61.7852923834714        15.7917886179744     
   2.41000000000000        61.7852842421677        15.7917879034610     
   2.41500000000000        61.7852763262408        15.7917871215981     
   2.42000000000000        61.7852685483240        15.7917863659548     
   2.42500000000000        61.7852609869899        15.7917856174758     
   2.43000000000000        61.7852535997981        15.7917848902713     
   2.43500000000000        61.7852464058391        15.7917841873780     
   2.44000000000000        61.7852393733136        15.7917834963379     
   2.44500000000000        61.7852325216449        15.7917828199142     
   2.45000000000000        61.7852258373735        15.7917821621968     
   2.45500000000000        61.7852193144655        15.7917815205909     
   2.46000000000000        61.7852129541743        15.7917808943450     
   2.46500000000000        61.7852067498282        15.7917802834470     
   2.47000000000000        61.7852006965019        15.7917796886633     
   2.47500000000000        61.7851947926324        15.7917791122409     
   2.48000000000000        61.7851890362232        15.7917785454961     
   2.48500000000000        61.7851834174191        15.7917779938901     
   2.49000000000000        61.7851779376571        15.7917774558456     
   2.49500000000000        61.7851725916242        15.7917769320955     
   2.50000000000000        61.7851673770527        15.7917764250413     
