  5.000000000000000E-003 -9.790296322570171E-003
  1.000000000000000E-002 -1.943575972321633E-002
  1.500000000000000E-002 -2.894294318509444E-002
  2.000000000000000E-002 -4.122386560565500E-002
  2.500000000000000E-002 -5.096969483415326E-002
  3.000000000000000E-002 -6.104383168244305E-002
  3.500000000000000E-002 -7.054704504174776E-002
  4.000000000000000E-002 -7.985927677799384E-002
  4.500000000000000E-002 -8.983942611145189E-002
  5.000000000000000E-002 -9.895834591039691E-002
  5.500000000000000E-002 -0.108283526912319     
  6.000000000000000E-002 -0.117192219787031     
  6.500000000000000E-002 -0.126175754299033     
  7.000000000000001E-002 -0.134611101107482     
  7.500000000000000E-002 -0.143330989983993     
  8.000000000000000E-002 -0.151299845974370     
  8.500000000000001E-002 -0.159655024499444     
  9.000000000000000E-002 -0.167334117071456     
  9.500000000000000E-002 -0.175010826509326     
  0.100000000000000      -0.182264982358395     
  0.105000000000000      -0.189259681571634     
  0.110000000000000      -0.196033271188282     
  0.115000000000000      -0.202524863851815     
  0.120000000000000      -0.208648948563113     
  0.125000000000000      -0.214463215520319     
  0.130000000000000      -0.220238125454448     
  0.135000000000000      -0.225533963350812     
  0.140000000000000      -0.230593332606547     
  0.145000000000000      -0.235441347420852     
  0.150000000000000      -0.239975737215391     
  0.155000000000000      -0.244308562264769     
  0.160000000000000      -0.248406274097779     
  0.165000000000000      -0.252269953940415     
  0.170000000000000      -0.255951614472565     
  0.175000000000000      -0.259378883854566     
  0.180000000000000      -0.262605522890569     
  0.185000000000000      -0.265658439185578     
  0.190000000000000      -0.268534393906479     
  0.195000000000000      -0.271245951707215     
  0.200000000000000      -0.273777055417481     
  0.205000000000000      -0.276185990286086     
  0.210000000000000      -0.278497731670248     
  0.215000000000000      -0.280606191071075     
  0.220000000000000      -0.282611512287035     
  0.225000000000000      -0.284470580679627     
  0.230000000000000      -0.286212616801713     
  0.235000000000000      -0.287976135035355     
  0.240000000000000      -0.289437776638434     
  0.245000000000000      -0.290934276869680     
  0.250000000000000      -0.292268961898211     
  0.255000000000000      -0.293638820095599     
  0.260000000000000      -0.294840053088963     
  0.265000000000000      -0.295987385810800     
  0.270000000000000      -0.297111332694765     
  0.275000000000000      -0.298065349512386     
  0.280000000000000      -0.299046555684148     
  0.285000000000000      -0.299960362054042     
  0.290000000000000      -0.300789006804031     
  0.295000000000000      -0.301609450865923     
  0.300000000000000      -0.302368230451851     
  0.305000000000000      -0.303084925421005     
  0.310000000000000      -0.303743506243922     
  0.315000000000000      -0.304385625421921     
  0.320000000000000      -0.304917275368280     
  0.325000000000000      -0.305498454255323     
  0.330000000000000      -0.306065405573615     
  0.335000000000000      -0.306548998260717     
  0.340000000000000      -0.307030174551659     
  0.345000000000000      -0.307496452598676     
  0.350000000000000      -0.307877928185077     
  0.355000000000000      -0.308288462429842     
  0.360000000000000      -0.308656483467537     
  0.365000000000000      -0.308986996677162     
  0.370000000000000      -0.309347901717104     
  0.375000000000000      -0.309682481718589     
  0.380000000000000      -0.309935808684753     
  0.385000000000000      -0.310239863629800     
  0.390000000000000      -0.310477670204543     
  0.395000000000000      -0.310769949501957     
  0.400000000000000      -0.310986393979236     
  0.405000000000000      -0.311226731888757     
  0.410000000000000      -0.311403612456967     
  0.415000000000000      -0.311617612623827     
  0.420000000000000      -0.311816964894165     
  0.425000000000000      -0.312000308264135     
  0.430000000000000      -0.312174385594634     
  0.435000000000000      -0.312315988529178     
  0.440000000000000      -0.312494308639909     
  0.445000000000000      -0.312635712565714     
  0.450000000000000      -0.312767971548078     
  0.455000000000000      -0.312889670733629     
  0.460000000000000      -0.313030002069576     
  0.465000000000000      -0.313154425069999     
  0.470000000000000      -0.313265066548142     
  0.475000000000000      -0.313361688414904     
  0.480000000000000      -0.313485507227417     
  0.485000000000000      -0.313555875946887     
  0.490000000000000      -0.313656350182646     
  0.495000000000000      -0.313747802647469     
  0.500000000000000      -0.313822256007071     
  0.505000000000000      -0.313914929673923     
  0.510000000000000      -0.313985446738029     
  0.515000000000000      -0.314066218416138     
  0.520000000000000      -0.314112492419734     
  0.525000000000000      -0.314220834276894     
  0.530000000000000      -0.314194706048470     
  0.535000000000000      -0.314327757631191     
  0.540000000000000      -0.314359065890200     
  0.545000000000000      -0.314417587632022     
  0.550000000000000      -0.314461982204470     
  0.555000000000000      -0.314523571217716     
  0.560000000000000      -0.314554748160381     
  0.565000000000000      -0.314622585701334     
  0.570000000000000      -0.314601509383718     
  0.575000000000000      -0.314699785205790     
  0.580000000000000      -0.314726891945729     
  0.585000000000000      -0.314759529192741     
  0.590000000000000      -0.314803979267845     
  0.595000000000000      -0.314831348124812     
  0.600000000000000      -0.314848884557277     
  0.605000000000000      -0.314903217268795     
  0.610000000000000      -0.314922618908101     
  0.615000000000000      -0.314985212029651     
  0.620000000000000      -0.314971703656540     
  0.625000000000000      -0.315014690192940     
  0.630000000000000      -0.315011047671687     
  0.635000000000000      -0.315060722675891     
  0.640000000000000      -0.315069904141403     
  0.645000000000000      -0.315100896041633     
  0.650000000000000      -0.315124574477378     
  0.655000000000000      -0.315143569814942     
  0.660000000000000      -0.315159188574589     
  0.665000000000000      -0.315171851111258     
  0.670000000000000      -0.315198376019904     
  0.675000000000000      -0.315213233305642     
  0.680000000000000      -0.315233026924194     
  0.685000000000000      -0.315236744913668     
  0.690000000000000      -0.315260490860236     
  0.695000000000000      -0.315277939403692     
  0.700000000000000      -0.315268320296790     
  0.705000000000000      -0.315307631293669     
  0.710000000000000      -0.315313258464101     
  0.715000000000000      -0.315330835435860     
  0.720000000000000      -0.315348599506877     
  0.725000000000000      -0.315344499267637     
  0.730000000000000      -0.315362294572711     
  0.735000000000000      -0.315369001663984     
  0.740000000000000      -0.315383593977549     
  0.745000000000000      -0.315384128088755     
  0.750000000000000      -0.315432350834658     
  0.755000000000000      -0.315397714251247     
  0.760000000000000      -0.315421097522888     
  0.765000000000000      -0.315430670495929     
  0.770000000000000      -0.315438515706609     
  0.775000000000000      -0.315446547318520     
  0.780000000000000      -0.315454147961274     
  0.785000000000000      -0.315458699921927     
  0.790000000000000      -0.315458935995272     
  0.795000000000000      -0.315475936697946     
  0.800000000000000      -0.315471383282788     
  0.805000000000000      -0.315492195797460     
  0.810000000000000      -0.315482958379225     
  0.815000000000000      -0.315498853006210     
  0.820000000000000      -0.315502978840909     
  0.825000000000000      -0.315502784926131     
  0.830000000000000      -0.315510154757199     
  0.835000000000000      -0.315503064454528     
  0.840000000000000      -0.315528696145896     
  0.845000000000000      -0.315510331030546     
  0.850000000000000      -0.315545173875236     
  0.855000000000000      -0.315533874739644     
  0.860000000000000      -0.315543645581993     
  0.865000000000000      -0.315552105055363     
  0.870000000000000      -0.315549018346360     
  0.875000000000000      -0.315568997098131     
  0.880000000000000      -0.315549404890790     
  0.885000000000000      -0.315571682243045     
  0.890000000000000      -0.315569231729907     
  0.895000000000000      -0.315574861297435     
  0.900000000000000      -0.315574836944904     
  0.905000000000000      -0.315535350550541     
  0.910000000000000      -0.315599731181562     
  0.915000000000000      -0.315582574449529     
  0.920000000000000      -0.315581793587691     
  0.925000000000000      -0.315592426955362     
  0.930000000000000      -0.315591158417291     
  0.935000000000000      -0.315608840102475     
  0.940000000000000      -0.315588429305999     
  0.945000000000000      -0.315603514385380     
  0.950000000000000      -0.315605012152271     
  0.955000000000000      -0.315618290104650     
  0.960000000000000      -0.315606721488117     
  0.965000000000000      -0.315616575635170     
  0.970000000000000      -0.315605757419886     
  0.975000000000000      -0.315622974623739     
  0.980000000000000      -0.315609537567525     
  0.985000000000000      -0.315605186236205     
  0.990000000000000      -0.315621058809954     
  0.995000000000000      -0.315636632072466     
   1.00000000000000      -0.315623628124006     
   1.00500000000000      -0.315627426532642     
   1.01000000000000      -0.315631682670358     
   1.01500000000000      -0.315643060347416     
   1.02000000000000      -0.315623419650961     
   1.02500000000000      -0.315642815358792     
   1.03000000000000      -0.315638555289090     
   1.03500000000000      -0.315631504942627     
   1.04000000000000      -0.315654118253833     
   1.04500000000000      -0.315641025268830     
   1.05000000000000      -0.315643563033654     
   1.05500000000000      -0.315642552861186     
   1.06000000000000      -0.315644762363751     
   1.06500000000000      -0.315651724171493     
   1.07000000000000      -0.315658740536245     
   1.07500000000000      -0.315646289768356     
   1.08000000000000      -0.315656381680592     
   1.08500000000000      -0.315644040207272     
   1.09000000000000      -0.315649737670381     
   1.09500000000000      -0.315654110980987     
   1.10000000000000      -0.315667616364161     
   1.10500000000000      -0.315653299805208     
   1.11000000000000      -0.315663203276549     
   1.11500000000000      -0.315661290282846     
   1.12000000000000      -0.315652679701824     
   1.12500000000000      -0.315661596142439     
   1.13000000000000      -0.315643540058449     
   1.13500000000000      -0.315662460473424     
   1.14000000000000      -0.315662083536307     
   1.14500000000000      -0.315663400419357     
   1.15000000000000      -0.315669992319934     
   1.15500000000000      -0.315663048999536     
   1.16000000000000      -0.315672333639217     
   1.16500000000000      -0.315659706232062     
   1.17000000000000      -0.315669682720249     
   1.17500000000000      -0.315670423444130     
   1.18000000000000      -0.315651750407060     
   1.18500000000000      -0.315681160895144     
   1.19000000000000      -0.315669492974308     
   1.19500000000000      -0.315674292087253     
   1.20000000000000      -0.315654174969978     
   1.20500000000000      -0.315661764851832     
   1.21000000000000      -0.315671707282723     
   1.21500000000000      -0.315676986864072     
   1.22000000000000      -0.315672972767717     
   1.22500000000000      -0.315688542994157     
   1.23000000000000      -0.315672285057826     
   1.23500000000000      -0.315672112170828     
   1.24000000000000      -0.315661273056132     
   1.24500000000000      -0.315687800958819     
   1.25000000000000      -0.315669064468527     
   1.25500000000000      -0.315682318193042     
   1.26000000000000      -0.315678552961216     
   1.26500000000000      -0.315678840569808     
   1.27000000000000      -0.315679367482867     
   1.27500000000000      -0.315681403704330     
   1.28000000000000      -0.315682766115798     
   1.28500000000000      -0.315675114736113     
   1.29000000000000      -0.315688814577409     
   1.29500000000000      -0.315678931507835     
   1.30000000000000      -0.315684369621307     
   1.30500000000000      -0.315687341640230     
   1.31000000000000      -0.315684037091082     
   1.31500000000000      -0.315682576869802     
   1.32000000000000      -0.315686604038131     
   1.32500000000000      -0.315666334387342     
   1.33000000000000      -0.315689898729043     
   1.33500000000000      -0.315695938616945     
   1.34000000000000      -0.315676216109272     
   1.34500000000000      -0.315689534526129     
   1.35000000000000      -0.315689767074162     
   1.35500000000000      -0.315690091904134     
   1.36000000000000      -0.315687558206993     
   1.36500000000000      -0.315687339496027     
   1.37000000000000      -0.315681465895252     
   1.37500000000000      -0.315701940292234     
   1.38000000000000      -0.315685100727310     
   1.38500000000000      -0.315701440397250     
   1.39000000000000      -0.315682900428515     
   1.39500000000000      -0.315684687145641     
   1.40000000000000      -0.315719750961790     
   1.40500000000000      -0.315691174595977     
   1.41000000000000      -0.315687600694775     
   1.41500000000000      -0.315694952087657     
   1.42000000000000      -0.315670581149503     
   1.42500000000000      -0.315695334745755     
   1.43000000000000      -0.315693233835758     
   1.43500000000000      -0.315694203841747     
   1.44000000000000      -0.315718889133723     
   1.44500000000000      -0.315680318191443     
   1.45000000000000      -0.315695579815912     
   1.45500000000000      -0.315690644694278     
   1.46000000000000      -0.315685735426971     
   1.46500000000000      -0.315698191124131     
   1.47000000000000      -0.315694273715724     
   1.47500000000000      -0.315685208695499     
   1.48000000000000      -0.315699029816613     
   1.48500000000000      -0.315694642899891     
   1.49000000000000      -0.315685721352817     
   1.49500000000000      -0.315695216327843     
   1.50000000000000      -0.315693701914273     
   1.50500000000000      -0.315691337846615     
   1.51000000000000      -0.315698184629034     
   1.51500000000000      -0.315673871665448     
   1.52000000000000      -0.315711904293438     
   1.52500000000000      -0.315681286431065     
   1.53000000000000      -0.315709792198840     
   1.53500000000000      -0.315670694569249     
   1.54000000000000      -0.315695509661889     
   1.54500000000000      -0.315693705325979     
   1.55000000000000      -0.315695914134948     
   1.55500000000000      -0.315687554896820     
   1.56000000000000      -0.315725814184531     
   1.56500000000000      -0.315677908593342     
   1.57000000000000      -0.315704558330694     
   1.57500000000000      -0.315695820308490     
   1.58000000000000      -0.315723608002804     
   1.58500000000000      -0.315697265821840     
   1.59000000000000      -0.315698631190538     
   1.59500000000000      -0.315687712540952     
   1.60000000000000      -0.315702053387955     
   1.60500000000000      -0.315686803758718     
   1.61000000000000      -0.315710148709423     
   1.61500000000000      -0.315702477386580     
   1.62000000000000      -0.315693887227301     
   1.62500000000000      -0.315689964284945     
   1.63000000000000      -0.315679753022412     
   1.63500000000000      -0.315705454314199     
   1.64000000000000      -0.315697005648716     
   1.64500000000000      -0.315697090225383     
   1.65000000000000      -0.315677762718973     
   1.65500000000000      -0.315706488435416     
   1.66000000000000      -0.315693324535027     
   1.66500000000000      -0.315709053352231     
   1.67000000000000      -0.315685761684273     
   1.67500000000000      -0.315700238763953     
   1.68000000000000      -0.315688844611445     
   1.68500000000000      -0.315710867884822     
   1.69000000000000      -0.315693235535440     
   1.69500000000000      -0.315702001800649     
   1.70000000000000      -0.315693281502597     
   1.70500000000000      -0.315709689496862     
   1.71000000000000      -0.315696718662808     
   1.71500000000000      -0.315690527165186     
   1.72000000000000      -0.315710798987587     
   1.72500000000000      -0.315704106149313     
   1.73000000000000      -0.315688263499121     
   1.73500000000000      -0.315698319133991     
   1.74000000000000      -0.315697202814813     
   1.74500000000000      -0.315695454406830     
   1.75000000000000      -0.315701967529923     
   1.75500000000000      -0.315677636146907     
   1.76000000000000      -0.315707994480788     
   1.76500000000000      -0.315697947290386     
   1.77000000000000      -0.315697085542928     
   1.77500000000000      -0.315697987459536     
   1.78000000000000      -0.315701427346131     
   1.78500000000000      -0.315697510748839     
   1.79000000000000      -0.315701679359668     
   1.79500000000000      -0.315697523520513     
   1.80000000000000      -0.315701769677048     
   1.80500000000000      -0.315694530865104     
   1.81000000000000      -0.315702846161128     
   1.81500000000000      -0.315707675878202     
   1.82000000000000      -0.315698541710954     
   1.82500000000000      -0.315691044086527     
   1.83000000000000      -0.315711720072166     
   1.83500000000000      -0.315686742023428     
   1.84000000000000      -0.315713233246256     
   1.84500000000000      -0.315691019622100     
   1.85000000000000      -0.315682102183947     
   1.85500000000000      -0.315696750134916     
   1.86000000000000      -0.315698778424462     
   1.86500000000000      -0.315701832847440     
   1.87000000000000      -0.315708405971698     
   1.87500000000000      -0.315676478564106     
   1.88000000000000      -0.315698777544754     
   1.88500000000000      -0.315696081919167     
   1.89000000000000      -0.315692290469148     
   1.89500000000000      -0.315699905797491     
   1.90000000000000      -0.315701657324527     
   1.90500000000000      -0.315701099422748     
   1.91000000000000      -0.315695444089575     
   1.91500000000000      -0.315703218539606     
   1.92000000000000      -0.315700651389146     
   1.92500000000000      -0.315709092476552     
   1.93000000000000      -0.315692873326237     
   1.93500000000000      -0.315704168082454     
   1.94000000000000      -0.315694555752746     
   1.94500000000000      -0.315681438993297     
   1.95000000000000      -0.315732767763595     
   1.95500000000000      -0.315685099102123     
   1.96000000000000      -0.315714427799625     
   1.96500000000000      -0.315694298695021     
   1.97000000000000      -0.315701024546644     
   1.97500000000000      -0.315695745057741     
   1.98000000000000      -0.315703390612287     
   1.98500000000000      -0.315700862419480     
   1.99000000000000      -0.315695855384502     
   1.99500000000000      -0.315697535698257     
   2.00000000000000      -0.315710424434617     
   2.00500000000000      -0.315694881621023     
   2.01000000000000      -0.315693183923937     
   2.01500000000000      -0.315704349309856     
   2.02000000000000      -0.315690067439350     
   2.02500000000000      -0.315702604408343     
   2.03000000000000      -0.315708826215601     
   2.03500000000000      -0.315699194886185     
   2.04000000000000      -0.315680211476780     
   2.04500000000000      -0.315698193097907     
   2.05000000000000      -0.315692201297998     
   2.05500000000000      -0.315712351494852     
   2.06000000000000      -0.315675888649467     
   2.06500000000000      -0.315717790809418     
   2.07000000000000      -0.315696300166437     
   2.07500000000000      -0.315692880949895     
   2.08000000000000      -0.315704618252630     
   2.08500000000000      -0.315678515407864     
   2.09000000000000      -0.315687237815384     
   2.09500000000000      -0.315714080597162     
   2.10000000000000      -0.315691738425900     
   2.10500000000000      -0.315699186671506     
   2.11000000000000      -0.315692006451517     
   2.11500000000000      -0.315712544499407     
   2.12000000000000      -0.315694458682005     
   2.12500000000000      -0.315728928069345     
   2.13000000000000      -0.315689011264925     
   2.13500000000000      -0.315695418090209     
   2.14000000000000      -0.315701070277993     
   2.14500000000000      -0.315709577314030     
   2.15000000000000      -0.315693325666277     
   2.15500000000000      -0.315698738302178     
   2.16000000000000      -0.315710372967176     
   2.16500000000000      -0.315688373147723     
   2.17000000000000      -0.315684070678262     
   2.17500000000000      -0.315697152327855     
   2.18000000000000      -0.315700558303687     
   2.18500000000000      -0.315702243228810     
   2.19000000000000      -0.315697426352226     
   2.19500000000000      -0.315703301070705     
   2.20000000000000      -0.315690762037506     
   2.20500000000000      -0.315694948931631     
   2.21000000000000      -0.315698274564315     
   2.21500000000000      -0.315700222694683     
   2.22000000000000      -0.315698693687933     
   2.22500000000000      -0.315692324122190     
   2.23000000000000      -0.315729773647232     
   2.23500000000000      -0.315700100724271     
   2.24000000000000      -0.315710017409039     
   2.24500000000000      -0.315688583008477     
   2.25000000000000      -0.315713864981890     
   2.25500000000000      -0.315697879364094     
   2.26000000000000      -0.315681006518642     
   2.26500000000000      -0.315686646586057     
   2.27000000000000      -0.315714509155549     
   2.27500000000000      -0.315705245707211     
   2.28000000000000      -0.315694912409665     
   2.28500000000000      -0.315704226620386     
   2.29000000000000      -0.315678918737716     
   2.29500000000000      -0.315706742646196     
   2.30000000000000      -0.315700298193810     
   2.30500000000000      -0.315696576875652     
   2.31000000000000      -0.315697817558388     
   2.31500000000000      -0.315703281382420     
   2.32000000000000      -0.315695593318863     
   2.32500000000000      -0.315693438500795     
   2.33000000000000      -0.315712305815963     
   2.33500000000000      -0.315692598310596     
   2.34000000000000      -0.315682820240067     
   2.34500000000000      -0.315704486148722     
   2.35000000000000      -0.315725824417513     
   2.35500000000000      -0.315683413817851     
   2.36000000000000      -0.315708103227480     
   2.36500000000000      -0.315707437559221     
   2.37000000000000      -0.315707656035280     
   2.37500000000000      -0.315689457395894     
   2.38000000000000      -0.315713663874980     
   2.38500000000000      -0.315687465230904     
   2.39000000000000      -0.315703950440065     
   2.39500000000000      -0.315695411380332     
   2.40000000000000      -0.315698260812837     
   2.40500000000000      -0.315692595399695     
   2.41000000000000      -0.315658411834545     
   2.41500000000000      -0.315723973395322     
   2.42000000000000      -0.315684042329652     
   2.42500000000000      -0.315705109918497     
   2.43000000000000      -0.315698091254875     
   2.43500000000000      -0.315710809780313     
   2.44000000000000      -0.315694740134757     
   2.44500000000000      -0.315700107629717     
   2.45000000000000      -0.315702582204741     
   2.45500000000000      -0.315695890800716     
   2.46000000000000      -0.315698119793849     
   2.46500000000000      -0.315700434663455     
   2.47000000000000      -0.315696608051415     
   2.47500000000000      -0.315693169535738     
   2.48000000000000      -0.315700646779197     
   2.48500000000000      -0.315698149349367     
   2.49000000000000      -0.315698985497772     
   2.49500000000000      -0.315697095968426     
   2.50000000000000      -0.315693016570221     
