  5.000000000000000E-003  0.723139820160361      -1.752545399142854E-002
  1.000000000000000E-002  0.723139820160361      -3.433155813968012E-002
  1.500000000000000E-002  0.723139820160361      -5.044173952660579E-002
  2.000000000000000E-002  0.723139820160361      -6.582302522381522E-002
  2.500000000000000E-002  0.723139820160361      -8.053848520269781E-002
  3.000000000000000E-002  0.723139820160361      -9.460960339226904E-002
  3.500000000000000E-002  0.723139820160361      -0.108057111266640     
  4.000000000000000E-002  0.723139820160361      -0.120901152469102     
  4.500000000000000E-002  0.723139820160361      -0.133161365246323     
  5.000000000000000E-002  0.723139820160361      -0.144856964062171     
  5.500000000000000E-002  0.723139820160361      -0.156006864648685     
  6.000000000000000E-002  0.723139820160361      -0.166629717171046     
  6.500000000000000E-002  0.723139820160361      -0.176744004342044     
  7.000000000000001E-002  0.723139820160361      -0.186368066424482     
  7.500000000000000E-002  0.723139820160361      -0.195520150201685     
  8.000000000000000E-002  0.723139820160361      -0.204218393405711     
  8.500000000000001E-002  0.723139820160361      -0.212480836119216     
  9.000000000000000E-002  0.723139820160361      -0.220325366665626     
  9.500000000000000E-002  0.723139820160361      -0.227769710655943     
  0.100000000000000       0.723139820160361      -0.234831359881981     
  0.105000000000000       0.723139820160361      -0.241527535272448     
  0.110000000000000       0.723139820160361      -0.247875129015340     
  0.115000000000000       0.723139820160361      -0.253890656359152     
  0.120000000000000       0.723139820160361      -0.259590209529428     
  0.125000000000000       0.723139820160361      -0.264989420114913     
  0.130000000000000       0.723139820160361      -0.270103423951774     
  0.135000000000000       0.723139820160361      -0.274946829978489     
  0.140000000000000       0.723139820160361      -0.279533709191315     
  0.145000000000000       0.723139820160361      -0.283877573180377     
  0.150000000000000       0.723139820160361      -0.287991368441018     
  0.155000000000000       0.723139820160361      -0.291887474755007     
  0.160000000000000       0.723139820160361      -0.295577705673015     
  0.165000000000000       0.723139820160361      -0.299073315663150     
  0.170000000000000       0.723139820160361      -0.302385009953001     
  0.175000000000000       0.723139820160361      -0.305522955530284     
  0.180000000000000       0.723139820160361      -0.308496797690220     
  0.185000000000000       0.723139820160361      -0.311315675868495     
  0.190000000000000       0.723139820160361      -0.313988241112026     
  0.195000000000000       0.723139820160361      -0.316522675344376     
  0.200000000000000       0.723139820160361      -0.318926710564374     
  0.205000000000000       0.723139820160361      -0.321207649012004     
  0.210000000000000       0.723139820160361      -0.323372382648123     
  0.215000000000000       0.723139820160361      -0.325427412030534     
  0.220000000000000       0.723139820160361      -0.327378867950003     
  0.225000000000000       0.723139820160361      -0.329232528240921     
  0.230000000000000       0.723139820160361      -0.330993838010081     
  0.235000000000000       0.723139820160361      -0.332667927670594     
  0.240000000000000       0.723139820160361      -0.334259625232195     
  0.245000000000000       0.723139820160361      -0.335773483131140     
  0.250000000000000       0.723139820160361      -0.337213783933155     
  0.255000000000000       0.723139820160361      -0.338584562195012     
  0.260000000000000       0.723139820160361      -0.339889614317400     
  0.265000000000000       0.723139820160361      -0.341132516656419     
  0.270000000000000       0.723139820160361      -0.342316635881574     
  0.275000000000000       0.723139820160361      -0.343445140872705     
  0.280000000000000       0.723139820160361      -0.344521017743678     
  0.285000000000000       0.723139820160361      -0.345547076941177     
  0.290000000000000       0.723139820160361      -0.346525966095777     
  0.295000000000000       0.723139820160361      -0.347460179609924     
  0.300000000000000       0.723139820160361      -0.348352066910231     
  0.305000000000000       0.723139820160361      -0.349203842338801     
  0.310000000000000       0.723139820160361      -0.350017592494610     
  0.315000000000000       0.723139820160361      -0.350795284748467     
  0.320000000000000       0.723139820160361      -0.351538773359626     
  0.325000000000000       0.723139820160361      -0.352249808190238     
  0.330000000000000       0.723139820160361      -0.352930038441237     
  0.335000000000000       0.723139820160361      -0.353581020403174     
  0.340000000000000       0.723139820160361      -0.354204223566603     
  0.345000000000000       0.723139820160361      -0.354801034603294     
  0.350000000000000       0.723139820160361      -0.355372762026995     
  0.355000000000000       0.723139820160361      -0.355920643155033     
  0.360000000000000       0.723139820160361      -0.356445845612619     
  0.365000000000000       0.723139820160361      -0.356949473249942     
  0.370000000000000       0.723139820160361      -0.357432569580322     
  0.375000000000000       0.723139820160361      -0.357896120859142     
  0.380000000000000       0.723139820160361      -0.358341059323939     
  0.385000000000000       0.723139820160361      -0.358768268299053     
  0.390000000000000       0.723139820160361      -0.359178582221619     
  0.395000000000000       0.723139820160361      -0.359572792031164     
  0.400000000000000       0.723139820160361      -0.359951645379728     
  0.405000000000000       0.723139820160361      -0.360315851580147     
  0.410000000000000       0.723139820160361      -0.360666081605787     
  0.415000000000000       0.723139820160361      -0.361002972238287     
  0.420000000000000       0.723139820160361      -0.361327126314530     
  0.425000000000000       0.723139820160361      -0.361639115732107     
  0.430000000000000       0.723139820160361      -0.361939482994416     
  0.435000000000000       0.723139820160361      -0.362228742683455     
  0.440000000000000       0.723139820160361      -0.362507383495616     
  0.445000000000000       0.723139820160361      -0.362775868745089     
  0.450000000000000       0.723139820160361      -0.363034638958098     
  0.455000000000000       0.723139820160361      -0.363284112371762     
  0.460000000000000       0.723139820160361      -0.363524686552388     
  0.465000000000000       0.723139820160361      -0.363756739035269     
  0.470000000000000       0.723139820160361      -0.363980629054935     
  0.475000000000000       0.723139820160361      -0.364196698168540     
  0.480000000000000       0.723139820160361      -0.364405271520736     
  0.485000000000000       0.723139820160361      -0.364606657951134     
  0.490000000000000       0.723139820160361      -0.364801152220451     
  0.495000000000000       0.723139820160361      -0.364989034426531     
  0.500000000000000       0.723139820160361      -0.365170571536288     
  0.505000000000000       0.723139820160361      -0.365346018044201     
  0.510000000000000       0.723139820160361      -0.365515616216676     
  0.515000000000000       0.723139820160361      -0.365679597332532     
  0.520000000000000       0.723139820160361      -0.365838181540980     
  0.525000000000000       0.723139820160361      -0.365991579698514     
  0.530000000000000       0.723139820160361      -0.366139991259929     
  0.535000000000000       0.723139820160361      -0.366283609288886     
  0.540000000000000       0.723139820160361      -0.366422615090764     
  0.545000000000000       0.723139820160361      -0.366557184165773     
  0.550000000000000       0.723139820160361      -0.366687483042666     
  0.555000000000000       0.723139820160361      -0.366813671305358     
  0.560000000000000       0.723139820160361      -0.366935901143939     
  0.565000000000000       0.723139820160361      -0.367054318574746     
  0.570000000000000       0.723139820160361      -0.367169062472755     
  0.575000000000000       0.723139820160361      -0.367280267117843     
  0.580000000000000       0.723139820160361      -0.367388059009150     
  0.585000000000000       0.723139820160361      -0.367492560974456     
  0.590000000000000       0.723139820160361      -0.367593889923359     
  0.595000000000000       0.723139820160361      -0.367692157866254     
  0.600000000000000       0.723139820160361      -0.367787472227176     
  0.605000000000000       0.723139820160361      -0.367879936133934     
  0.610000000000000       0.723139820160361      -0.367969647915762     
  0.615000000000000       0.723139820160361      -0.368056702760832     
  0.620000000000000       0.723139820160361      -0.368141190537760     
  0.625000000000000       0.723139820160361      -0.368223199276232     
  0.630000000000000       0.723139820160361      -0.368302812049734     
  0.635000000000000       0.723139820160361      -0.368380109591651     
  0.640000000000000       0.723139820160361      -0.368455168550015     
  0.645000000000000       0.723139820160361      -0.368528063319206     
  0.650000000000000       0.723139820160361      -0.368598864927930     
  0.655000000000000       0.723139820160361      -0.368667641824967     
  0.660000000000000       0.723139820160361      -0.368734459780087     
  0.665000000000000       0.723139820160361      -0.368799382068491     
  0.670000000000000       0.723139820160361      -0.368862469600815     
  0.675000000000000       0.723139820160361      -0.368923780833082     
  0.680000000000000       0.723139820160361      -0.368983372204029     
  0.685000000000000       0.723139820160361      -0.369041297888908     
  0.690000000000000       0.723139820160361      -0.369097610279570     
  0.695000000000000       0.723139820160361      -0.369152359601575     
  0.700000000000000       0.723139820160361      -0.369205594299785     
  0.705000000000000       0.723139820160361      -0.369257361405680     
  0.710000000000000       0.723139820160361      -0.369307705577061     
  0.715000000000000       0.723139820160361      -0.369356670518646     
  0.720000000000000       0.723139820160361      -0.369404298082920     
  0.725000000000000       0.723139820160361      -0.369450628536577     
  0.730000000000000       0.723139820160361      -0.369495701114751     
  0.735000000000000       0.723139820160361      -0.369539553316646     
  0.740000000000000       0.723139820160361      -0.369582221556833     
  0.745000000000000       0.723139820160361      -0.369623740858841     
  0.750000000000000       0.723139820160361      -0.369664145508884     
  0.755000000000000       0.723139820160361      -0.369703467312536     
  0.760000000000000       0.723139820160361      -0.369741738838968     
  0.765000000000000       0.723139820160361      -0.369778990231065     
  0.770000000000000       0.723139820160361      -0.369815251149715     
  0.775000000000000       0.723139820160361      -0.369850550162192     
  0.780000000000000       0.723139820160361      -0.369884914913426     
  0.785000000000000       0.723139820160361      -0.369918372124233     
  0.790000000000000       0.723139820160361      -0.369950947668868     
  0.795000000000000       0.723139820160361      -0.369982666647803     
  0.800000000000000       0.723139820160361      -0.370013553148831     
  0.805000000000000       0.723139820160361      -0.370043630802708     
  0.810000000000000       0.723139820160361      -0.370072922102694     
  0.815000000000000       0.723139820160361      -0.370101449255623     
  0.820000000000000       0.723139820160361      -0.370129233410038     
  0.825000000000000       0.723139820160361      -0.370156295248954     
  0.830000000000000       0.723139820160361      -0.370182654807433     
  0.835000000000000       0.723139820160361      -0.370208331385422     
  0.840000000000000       0.723139820160361      -0.370233343956653     
  0.845000000000000       0.723139820160361      -0.370257710371648     
  0.850000000000000       0.723139820160361      -0.370281448746833     
  0.855000000000000       0.723139820160361      -0.370304575709681     
  0.860000000000000       0.723139820160361      -0.370327108206617     
  0.865000000000000       0.723139820160361      -0.370349062234273     
  0.870000000000000       0.723139820160361      -0.370370453390649     
  0.875000000000000       0.723139820160361      -0.370391296996610     
  0.880000000000000       0.723139820160361      -0.370411607457472     
  0.885000000000000       0.723139820160361      -0.370431399431617     
  0.890000000000000       0.723139820160361      -0.370450686496408     
  0.895000000000000       0.723139820160361      -0.370469482255212     
  0.900000000000000       0.723139820160361      -0.370487799716338     
  0.905000000000000       0.723139820160361      -0.370505651519745     
  0.910000000000000       0.723139820160361      -0.370523050581494     
  0.915000000000000       0.723139820160361      -0.370540007813559     
  0.920000000000000       0.723139820160361      -0.370556535553518     
  0.925000000000000       0.723139820160361      -0.370572644971874     
  0.930000000000000       0.723139820160361      -0.370588346995373     
  0.935000000000000       0.723139820160361      -0.370603652442614     
  0.940000000000000       0.723139820160361      -0.370618571394394     
  0.945000000000000       0.723139820160361      -0.370633114279816     
  0.950000000000000       0.723139820160361      -0.370647290674085     
  0.955000000000000       0.723139820160361      -0.370661110264766     
  0.960000000000000       0.723139820160361      -0.370674582077563     
  0.965000000000000       0.723139820160361      -0.370687715382609     
  0.970000000000000       0.723139820160361      -0.370700518746570     
  0.975000000000000       0.723139820160361      -0.370713000885849     
  0.980000000000000       0.723139820160361      -0.370725169858353     
  0.985000000000000       0.723139820160361      -0.370737033896721     
  0.990000000000000       0.723139820160361      -0.370748600893566     
  0.995000000000000       0.723139820160361      -0.370759878354247     
   1.00000000000000       0.723139820160361      -0.370770873577399     
   1.00500000000000       0.723139820160361      -0.370781594023049     
   1.01000000000000       0.723139820160361      -0.370792046623115     
   1.01500000000000       0.723139820160361      -0.370802238298858     
   1.02000000000000       0.723139820160361      -0.370812175472288     
   1.02500000000000       0.723139820160361      -0.370821864963774     
   1.03000000000000       0.723139820160361      -0.370831312805670     
   1.03500000000000       0.723139820160361      -0.370840525238773     
   1.04000000000000       0.723139820160361      -0.370849508386989     
   1.04500000000000       0.723139820160361      -0.370858267737782     
   1.05000000000000       0.723139820160361      -0.370866809226744     
   1.05500000000000       0.723139820160361      -0.370875138272105     
   1.06000000000000       0.723139820160361      -0.370883260279269     
   1.06500000000000       0.723139820160361      -0.370891180483648     
   1.07000000000000       0.723139820160361      -0.370898903996990     
   1.07500000000000       0.723139820160361      -0.370906435619065     
   1.08000000000000       0.723139820160361      -0.370913780419107     
   1.08500000000000       0.723139820160361      -0.370920942905385     
   1.09000000000000       0.723139820160361      -0.370927927825426     
   1.09500000000000       0.723139820160361      -0.370934739558721     
   1.10000000000000       0.723139820160361      -0.370941382528422     
   1.10500000000000       0.723139820160361      -0.370947860755821     
   1.11000000000000       0.723139820160361      -0.370954178640049     
   1.11500000000000       0.723139820160361      -0.370960340034916     
   1.12000000000000       0.723139820160361      -0.370966348890145     
   1.12500000000000       0.723139820160361      -0.370972209109882     
   1.13000000000000       0.723139820160361      -0.370977924253250     
   1.13500000000000       0.723139820160361      -0.370983498214602     
   1.14000000000000       0.723139820160361      -0.370988934218963     
   1.14500000000000       0.723139820160361      -0.370994235858097     
   1.15000000000000       0.723139820160361      -0.370999406484842     
   1.15500000000000       0.723139820160361      -0.371004449301634     
   1.16000000000000       0.723139820160361      -0.371009367601608     
   1.16500000000000       0.723139820160361      -0.371014164352505     
   1.17000000000000       0.723139820160361      -0.371018842741815     
   1.17500000000000       0.723139820160361      -0.371023405587400     
   1.18000000000000       0.723139820160361      -0.371027855758976     
   1.18500000000000       0.723139820160361      -0.371032196314192     
   1.19000000000000       0.723139820160361      -0.371036429560131     
   1.19500000000000       0.723139820160361      -0.371040558456095     
   1.20000000000000       0.723139820160361      -0.371044585431846     
   1.20500000000000       0.723139820160361      -0.371048513246291     
   1.21000000000000       0.723139820160361      -0.371052344197528     
   1.21500000000000       0.723139820160361      -0.371056080647721     
   1.22000000000000       0.723139820160361      -0.371059724976351     
   1.22500000000000       0.723139820160361      -0.371063279590105     
   1.23000000000000       0.723139820160361      -0.371066746446377     
   1.23500000000000       0.723139820160361      -0.371070127969701     
   1.24000000000000       0.723139820160361      -0.371073426159067     
   1.24500000000000       0.723139820160361      -0.371076643274077     
   1.25000000000000       0.723139820160361      -0.371079780933562     
   1.25500000000000       0.723139820160361      -0.371082841463808     
   1.26000000000000       0.723139820160361      -0.371085826559198     
   1.26500000000000       0.723139820160361      -0.371088738182898     
   1.27000000000000       0.723139820160361      -0.371091578129364     
   1.27500000000000       0.723139820160361      -0.371094348177054     
   1.28000000000000       0.723139820160361      -0.371097050044199     
   1.28500000000000       0.723139820160361      -0.371099685395139     
   1.29000000000000       0.723139820160361      -0.371102255976154     
   1.29500000000000       0.723139820160361      -0.371104763214250     
   1.30000000000000       0.723139820160361      -0.371107208822055     
   1.30500000000000       0.723139820160361      -0.371109594260592     
   1.31000000000000       0.723139820160361      -0.371111920993802     
   1.31500000000000       0.723139820160361      -0.371114190507686     
   1.32000000000000       0.723139820160361      -0.371116404217182     
   1.32500000000000       0.723139820160361      -0.371118563415651     
   1.33000000000000       0.723139820160361      -0.371120669705588     
   1.33500000000000       0.723139820160361      -0.371122724113503     
   1.34000000000000       0.723139820160361      -0.371124727886710     
   1.34500000000000       0.723139820160361      -0.371126682531832     
   1.35000000000000       0.723139820160361      -0.371128589065520     
   1.35500000000000       0.723139820160361      -0.371130448736586     
   1.36000000000000       0.723139820160361      -0.371132262677863     
   1.36500000000000       0.723139820160361      -0.371134032044356     
   1.37000000000000       0.723139820160361      -0.371135757903788     
   1.37500000000000       0.723139820160361      -0.371137441480466     
   1.38000000000000       0.723139820160361      -0.371139083483954     
   1.38500000000000       0.723139820160361      -0.371140685320809     
   1.39000000000000       0.723139820160361      -0.371142247605979     
   1.39500000000000       0.723139820160361      -0.371143771604619     
   1.40000000000000       0.723139820160361      -0.371145258448881     
   1.40500000000000       0.723139820160361      -0.371146708288994     
   1.41000000000000       0.723139820160361      -0.371148122673756     
   1.41500000000000       0.723139820160361      -0.371149502331429     
   1.42000000000000       0.723139820160361      -0.371150847999375     
   1.42500000000000       0.723139820160361      -0.371152160818117     
   1.43000000000000       0.723139820160361      -0.371153441231338     
   1.43500000000000       0.723139820160361      -0.371154690226120     
   1.44000000000000       0.723139820160361      -0.371155908795097     
   1.44500000000000       0.723139820160361      -0.371157096935791     
   1.45000000000000       0.723139820160361      -0.371158256210535     
   1.45500000000000       0.723139820160361      -0.371159386901167     
   1.46000000000000       0.723139820160361      -0.371160489841367     
   1.46500000000000       0.723139820160361      -0.371161565757372     
   1.47000000000000       0.723139820160361      -0.371162615186457     
   1.47500000000000       0.723139820160361      -0.371163638828877     
   1.48000000000000       0.723139820160361      -0.371164637420144     
   1.48500000000000       0.723139820160361      -0.371165611417409     
   1.49000000000000       0.723139820160361      -0.371166561484583     
   1.49500000000000       0.723139820160361      -0.371167488289122     
   1.50000000000000       0.723139820160361      -0.371168392287711     
   1.50500000000000       0.723139820160361      -0.371169274094003     
   1.51000000000000       0.723139820160361      -0.371170134278986     
   1.51500000000000       0.723139820160361      -0.371170973243436     
   1.52000000000000       0.723139820160361      -0.371171791901344     
   1.52500000000000       0.723139820160361      -0.371172590100160     
   1.53000000000000       0.723139820160361      -0.371173368996003     
   1.53500000000000       0.723139820160361      -0.371174128460877     
   1.54000000000000       0.723139820160361      -0.371174869578608     
   1.54500000000000       0.723139820160361      -0.371175592333959     
   1.55000000000000       0.723139820160361      -0.371176297374656     
   1.55500000000000       0.723139820160361      -0.371176985070971     
   1.56000000000000       0.723139820160361      -0.371177656231446     
   1.56500000000000       0.723139820160361      -0.371178310328527     
   1.57000000000000       0.723139820160361      -0.371178948769712     
   1.57500000000000       0.723139820160361      -0.371179571361553     
   1.58000000000000       0.723139820160361      -0.371180178992559     
   1.58500000000000       0.723139820160361      -0.371180771270897     
   1.59000000000000       0.723139820160361      -0.371181349187369     
   1.59500000000000       0.723139820160361      -0.371181912855814     
   1.60000000000000       0.723139820160361      -0.371182462791169     
   1.60500000000000       0.723139820160361      -0.371182999113139     
   1.61000000000000       0.723139820160361      -0.371183522451337     
   1.61500000000000       0.723139820160361      -0.371184032806130     
   1.62000000000000       0.723139820160361      -0.371184530602719     
   1.62500000000000       0.723139820160361      -0.371185016218219     
   1.63000000000000       0.723139820160361      -0.371185489901414     
   1.63500000000000       0.723139820160361      -0.371185952118495     
   1.64000000000000       0.723139820160361      -0.371186402807994     
   1.64500000000000       0.723139820160361      -0.371186842481981     
   1.65000000000000       0.723139820160361      -0.371187271304041     
   1.65500000000000       0.723139820160361      -0.371187689810394     
   1.66000000000000       0.723139820160361      -0.371188097828092     
   1.66500000000000       0.723139820160361      -0.371188495993775     
   1.67000000000000       0.723139820160361      -0.371188884189369     
   1.67500000000000       0.723139820160361      -0.371189263019735     
   1.68000000000000       0.723139820160361      -0.371189632447366     
   1.68500000000000       0.723139820160361      -0.371189992971565     
   1.69000000000000       0.723139820160361      -0.371190344439521     
   1.69500000000000       0.723139820160361      -0.371190687408932     
   1.70000000000000       0.723139820160361      -0.371191021884954     
   1.70500000000000       0.723139820160361      -0.371191348279532     
   1.71000000000000       0.723139820160361      -0.371191666507030     
   1.71500000000000       0.723139820160361      -0.371191976972868     
   1.72000000000000       0.723139820160361      -0.371192279943882     
   1.72500000000000       0.723139820160361      -0.371192575359039     
   1.73000000000000       0.723139820160361      -0.371192863465988     
   1.73500000000000       0.723139820160361      -0.371193144612943     
   1.74000000000000       0.723139820160361      -0.371193418803149     
   1.74500000000000       0.723139820160361      -0.371193686270697     
   1.75000000000000       0.723139820160361      -0.371193947201514     
   1.75500000000000       0.723139820160361      -0.371194201629650     
   1.76000000000000       0.723139820160361      -0.371194450045875     
   1.76500000000000       0.723139820160361      -0.371194692158354     
   1.77000000000000       0.723139820160361      -0.371194928379255     
   1.77500000000000       0.723139820160361      -0.371195158800541     
   1.78000000000000       0.723139820160361      -0.371195383584499     
   1.78500000000000       0.723139820160361      -0.371195602819155     
   1.79000000000000       0.723139820160361      -0.371195816708861     
   1.79500000000000       0.723139820160361      -0.371196025312965     
   1.80000000000000       0.723139820160361      -0.371196228834772     
   1.80500000000000       0.723139820160361      -0.371196427316529     
   1.81000000000000       0.723139820160361      -0.371196620985038     
   1.81500000000000       0.723139820160361      -0.371196809922237     
   1.82000000000000       0.723139820160361      -0.371196994120712     
   1.82500000000000       0.723139820160361      -0.371197173829314     
   1.83000000000000       0.723139820160361      -0.371197349258857     
   1.83500000000000       0.723139820160361      -0.371197520164015     
   1.84000000000000       0.723139820160361      -0.371197687122727     
   1.84500000000000       0.723139820160361      -0.371197849740121     
   1.85000000000000       0.723139820160361      -0.371198008454047     
   1.85500000000000       0.723139820160361      -0.371198163386443     
   1.86000000000000       0.723139820160361      -0.371198314412977     
   1.86500000000000       0.723139820160361      -0.371198461753873     
   1.87000000000000       0.723139820160361      -0.371198605520873     
   1.87500000000000       0.723139820160361      -0.371198745581325     
   1.88000000000000       0.723139820160361      -0.371198882460483     
   1.88500000000000       0.723139820160361      -0.371199015824635     
   1.89000000000000       0.723139820160361      -0.371199145929668     
   1.89500000000000       0.723139820160361      -0.371199272881690     
   1.90000000000000       0.723139820160361      -0.371199396693758     
   1.90500000000000       0.723139820160361      -0.371199517463595     
   1.91000000000000       0.723139820160361      -0.371199635248669     
   1.91500000000000       0.723139820160361      -0.371199750193535     
   1.92000000000000       0.723139820160361      -0.371199862281999     
   1.92500000000000       0.723139820160361      -0.371199971693090     
   1.93000000000000       0.723139820160361      -0.371200078277795     
   1.93500000000000       0.723139820160361      -0.371200182370401     
   1.94000000000000       0.723139820160361      -0.371200283825613     
   1.94500000000000       0.723139820160361      -0.371200382790990     
   1.95000000000000       0.723139820160361      -0.371200479770766     
   1.95500000000000       0.723139820160361      -0.371200573680506     
   1.96000000000000       0.723139820160361      -0.371200665743050     
   1.96500000000000       0.723139820160361      -0.371200755265845     
   1.97000000000000       0.723139820160361      -0.371200842729598     
   1.97500000000000       0.723139820160361      -0.371200927993278     
   1.98000000000000       0.723139820160361      -0.371201011215565     
   1.98500000000000       0.723139820160361      -0.371201092359931     
   1.99000000000000       0.723139820160361      -0.371201171502526     
   1.99500000000000       0.723139820160361      -0.371201248726331     
   2.00000000000000       0.723139820160361      -0.371201324131781     
   2.00500000000000       0.723139820160361      -0.371201397530513     
   2.01000000000000       0.723139820160361      -0.371201469207315     
   2.01500000000000       0.723139820160361      -0.371201539167767     
   2.02000000000000       0.723139820160361      -0.371201607316663     
   2.02500000000000       0.723139820160361      -0.371201673890871     
   2.03000000000000       0.723139820160361      -0.371201738840199     
   2.03500000000000       0.723139820160361      -0.371201802088396     
   2.04000000000000       0.723139820160361      -0.371201863783347     
   2.04500000000000       0.723139820160361      -0.371201924126307     
   2.05000000000000       0.723139820160361      -0.371201982848529     
   2.05500000000000       0.723139820160361      -0.371202040273495     
   2.06000000000000       0.723139820160361      -0.371202096032407     
   2.06500000000000       0.723139820160361      -0.371202150801340     
   2.07000000000000       0.723139820160361      -0.371202203876376     
   2.07500000000000       0.723139820160361      -0.371202255762112     
   2.08000000000000       0.723139820160361      -0.371202306418752     
   2.08500000000000       0.723139820160361      -0.371202355703448     
   2.09000000000000       0.723139820160361      -0.371202403950874     
   2.09500000000000       0.723139820160361      -0.371202451087266     
   2.10000000000000       0.723139820160361      -0.371202496796078     
   2.10500000000000       0.723139820160361      -0.371202541527548     
   2.11000000000000       0.723139820160361      -0.371202585100455     
   2.11500000000000       0.723139820160361      -0.371202627747008     
   2.12000000000000       0.723139820160361      -0.371202669144930     
   2.12500000000000       0.723139820160361      -0.371202709922097     
   2.13000000000000       0.723139820160361      -0.371202749147311     
   2.13500000000000       0.723139820160361      -0.371202787712351     
   2.14000000000000       0.723139820160361      -0.371202825285544     
   2.14500000000000       0.723139820160361      -0.371202861993622     
   2.15000000000000       0.723139820160361      -0.371202897655231     
   2.15500000000000       0.723139820160361      -0.371202932544346     
   2.16000000000000       0.723139820160361      -0.371202966627143     
   2.16500000000000       0.723139820160361      -0.371202999706172     
   2.17000000000000       0.723139820160361      -0.371203032074754     
   2.17500000000000       0.723139820160361      -0.371203063733277     
   2.18000000000000       0.723139820160361      -0.371203094523682     
   2.18500000000000       0.723139820160361      -0.371203124570325     
   2.19000000000000       0.723139820160361      -0.371203153847144     
   2.19500000000000       0.723139820160361      -0.371203182448804     
   2.20000000000000       0.723139820160361      -0.371203210283060     
   2.20500000000000       0.723139820160361      -0.371203237500191     
   2.21000000000000       0.723139820160361      -0.371203264041403     
   2.21500000000000       0.723139820160361      -0.371203289916902     
   2.22000000000000       0.723139820160361      -0.371203315149978     
   2.22500000000000       0.723139820160361      -0.371203339748516     
   2.23000000000000       0.723139820160361      -0.371203364080714     
   2.23500000000000       0.723139820160361      -0.371203387328362     
   2.24000000000000       0.723139820160361      -0.371203410257959     
   2.24500000000000       0.723139820160361      -0.371203432442358     
   2.25000000000000       0.723139820160361      -0.371203454318720     
   2.25500000000000       0.723139820160361      -0.371203475440441     
   2.26000000000000       0.723139820160361      -0.371203496080035     
   2.26500000000000       0.723139820160361      -0.371203516329767     
   2.27000000000000       0.723139820160361      -0.371203536173392     
   2.27500000000000       0.723139820160361      -0.371203555336722     
   2.28000000000000       0.723139820160361      -0.371203574011120     
   2.28500000000000       0.723139820160361      -0.371203592310641     
   2.29000000000000       0.723139820160361      -0.371203610044758     
   2.29500000000000       0.723139820160361      -0.371203627567821     
   2.30000000000000       0.723139820160361      -0.371203644482279     
   2.30500000000000       0.723139820160361      -0.371203661009191     
   2.31000000000000       0.723139820160361      -0.371203677141733     
   2.31500000000000       0.723139820160361      -0.371203692899014     
   2.32000000000000       0.723139820160361      -0.371203708221065     
   2.32500000000000       0.723139820160361      -0.371203723188957     
   2.33000000000000       0.723139820160361      -0.371203737905632     
   2.33500000000000       0.723139820160361      -0.371203752060365     
   2.34000000000000       0.723139820160361      -0.371203765940788     
   2.34500000000000       0.723139820160361      -0.371203779618095     
   2.35000000000000       0.723139820160361      -0.371203793077793     
   2.35500000000000       0.723139820160361      -0.371203805727902     
   2.36000000000000       0.723139820160361      -0.371203818432720     
   2.36500000000000       0.723139820160361      -0.371203830720472     
   2.37000000000000       0.723139820160361      -0.371203842707246     
   2.37500000000000       0.723139820160361      -0.371203854301887     
   2.38000000000000       0.723139820160361      -0.371203865819629     
   2.38500000000000       0.723139820160361      -0.371203876810766     
   2.39000000000000       0.723139820160361      -0.371203887713724     
   2.39500000000000       0.723139820160361      -0.371203898246608     
   2.40000000000000       0.723139820160361      -0.371203908565228     
   2.40500000000000       0.723139820160361      -0.371203918602352     
   2.41000000000000       0.723139820160361      -0.371203928351367     
   2.41500000000000       0.723139820160361      -0.371203938376707     
   2.42000000000000       0.723139820160361      -0.371203947477333     
   2.42500000000000       0.723139820160361      -0.371203956681849     
   2.43000000000000       0.723139820160361      -0.371203965518520     
   2.43500000000000       0.723139820160361      -0.371203974261332     
   2.44000000000000       0.723139820160361      -0.371203982626606     
   2.44500000000000       0.723139820160361      -0.371203990888917     
   2.45000000000000       0.723139820160361      -0.371203998934380     
   2.45500000000000       0.723139820160361      -0.371204006751311     
   2.46000000000000       0.723139820160361      -0.371204014407173     
   2.46500000000000       0.723139820160361      -0.371204021873869     
   2.47000000000000       0.723139820160361      -0.371204029140835     
   2.47500000000000       0.723139820160361      -0.371204036231099     
   2.48000000000000       0.723139820160361      -0.371204043189870     
   2.48500000000000       0.723139820160361      -0.371204049932946     
   2.49000000000000       0.723139820160361      -0.371204056525160     
   2.49500000000000       0.723139820160361      -0.371204062945630     
   2.50000000000000       0.723139820160361      -0.371204069203428     
