  5.000000000000000E-003 -2.179797023628363E-003
  1.000000000000000E-002 -4.261705331625591E-003
  1.500000000000000E-002 -6.249062467916023E-003
  2.000000000000000E-002 -8.138275625799713E-003
  2.500000000000000E-002 -9.928158566913935E-003
  3.000000000000000E-002 -1.164604078843889E-002
  3.500000000000000E-002 -1.326406479361928E-002
  4.000000000000000E-002 -1.479795370920548E-002
  4.500000000000000E-002 -1.627983847286485E-002
  5.000000000000000E-002 -1.766040042670270E-002
  5.500000000000000E-002 -1.897900393586067E-002
  6.000000000000000E-002 -2.021739156250573E-002
  6.500000000000000E-002 -2.139540442998072E-002
  7.000000000000001E-002 -2.249486886385195E-002
  7.500000000000000E-002 -2.354736772264010E-002
  8.000000000000000E-002 -2.452062522906794E-002
  8.500000000000001E-002 -2.545662238372107E-002
  9.000000000000000E-002 -2.632204185083096E-002
  9.500000000000000E-002 -2.714287629386588E-002
  0.100000000000000      -2.790758173220122E-002
  0.105000000000000      -2.862445958548000E-002
  0.110000000000000      -2.929741545987964E-002
  0.115000000000000      -2.992682196850001E-002
  0.120000000000000      -3.051206685298493E-002
  0.125000000000000      -3.105730902600150E-002
  0.130000000000000      -3.157388039466900E-002
  0.135000000000000      -3.204860851549768E-002
  0.140000000000000      -3.249161108436758E-002
  0.145000000000000      -3.290542260669502E-002
  0.150000000000000      -3.328808789649291E-002
  0.155000000000000      -3.364490676097643E-002
  0.160000000000000      -3.397607593986620E-002
  0.165000000000000      -3.428288700491106E-002
  0.170000000000000      -3.456829586662156E-002
  0.175000000000000      -3.483089627237551E-002
  0.180000000000000      -3.507354556672172E-002
  0.185000000000000      -3.529810718607852E-002
  0.190000000000000      -3.550534062500617E-002
  0.195000000000000      -3.569648843905247E-002
  0.200000000000000      -3.587175021561705E-002
  0.205000000000000      -3.603383521861018E-002
  0.210000000000000      -3.618425725457806E-002
  0.215000000000000      -3.631996293946287E-002
  0.220000000000000      -3.644497061907519E-002
  0.225000000000000      -3.655831731463528E-002
  0.230000000000000      -3.666150005747090E-002
  0.235000000000000      -3.675975844760464E-002
  0.240000000000000      -3.684234625937102E-002
  0.245000000000000      -3.692129117256980E-002
  0.250000000000000      -3.699016489201112E-002
  0.255000000000000      -3.705611925560390E-002
  0.260000000000000      -3.711242759196708E-002
  0.265000000000000      -3.716335356514056E-002
  0.270000000000000      -3.721023013681611E-002
  0.275000000000000      -3.724824500666347E-002
  0.280000000000000      -3.728445890172422E-002
  0.285000000000000      -3.731582293348400E-002
  0.290000000000000      -3.734193052472992E-002
  0.295000000000000      -3.736564049292261E-002
  0.300000000000000      -3.738528280690561E-002
  0.305000000000000      -3.740170388605907E-002
  0.310000000000000      -3.741450538743109E-002
  0.315000000000000      -3.742527649568436E-002
  0.320000000000000      -3.743089493695299E-002
  0.325000000000000      -3.743703316846998E-002
  0.330000000000000      -3.744159942025047E-002
  0.335000000000000      -3.744230586955186E-002
  0.340000000000000      -3.744206108002840E-002
  0.345000000000000      -3.744052692732560E-002
  0.350000000000000      -3.743536607907413E-002
  0.355000000000000      -3.743061029810969E-002
  0.360000000000000      -3.742385211515115E-002
  0.365000000000000      -3.741533521006184E-002
  0.370000000000000      -3.740748165979236E-002
  0.375000000000000      -3.739838319310916E-002
  0.380000000000000      -3.738618820512653E-002
  0.385000000000000      -3.737553119194689E-002
  0.390000000000000      -3.736239764503824E-002
  0.395000000000000      -3.735102469827133E-002
  0.400000000000000      -3.733692680288702E-002
  0.405000000000000      -3.732360576207233E-002
  0.410000000000000      -3.730806132453252E-002
  0.415000000000000      -3.729381985703430E-002
  0.420000000000000      -3.727911186704694E-002
  0.425000000000000      -3.726391676010697E-002
  0.430000000000000      -3.724849345273573E-002
  0.435000000000000      -3.723205724529617E-002
  0.440000000000000      -3.721703420198712E-002
  0.445000000000000      -3.720088296459837E-002
  0.450000000000000      -3.718458565175215E-002
  0.455000000000000      -3.716810857899874E-002
  0.460000000000000      -3.715248058642111E-002
  0.465000000000000      -3.713651296422401E-002
  0.470000000000000      -3.712029058810511E-002
  0.475000000000000      -3.710381502245264E-002
  0.480000000000000      -3.708852904455352E-002
  0.485000000000000      -3.707163447296738E-002
  0.490000000000000      -3.705604523600468E-002
  0.495000000000000      -3.704040585032503E-002
  0.500000000000000      -3.702444351677513E-002
  0.505000000000000      -3.700938845737281E-002
  0.510000000000000      -3.699383873594453E-002
  0.515000000000000      -3.697892537739752E-002
  0.520000000000000      -3.696309284879770E-002
  0.525000000000000      -3.694970447766877E-002
  0.530000000000000      -3.693191895499442E-002
  0.535000000000000      -3.691996091694955E-002
  0.540000000000000      -3.690474565820503E-002
  0.545000000000000      -3.689076320023905E-002
  0.550000000000000      -3.687657357452835E-002
  0.555000000000000      -3.686326649263540E-002
  0.560000000000000      -3.684918276627640E-002
  0.565000000000000      -3.683665692784236E-002
  0.570000000000000      -3.682131333391281E-002
  0.575000000000000      -3.681040433448152E-002
  0.580000000000000      -3.679729116112448E-002
  0.585000000000000      -3.678464307458927E-002
  0.590000000000000      -3.677267649239142E-002
  0.595000000000000      -3.676038175183162E-002
  0.600000000000000      -3.674800873040243E-002
  0.605000000000000      -3.673717858166144E-002
  0.610000000000000      -3.672538940877498E-002
  0.615000000000000      -3.671535976532941E-002
  0.620000000000000      -3.670292956180728E-002
  0.625000000000000      -3.669271562294273E-002
  0.630000000000000      -3.668112105508609E-002
  0.635000000000000      -3.667162507622403E-002
  0.640000000000000      -3.666095505085096E-002
  0.645000000000000      -3.665127841484187E-002
  0.650000000000000      -3.664157661767856E-002
  0.655000000000000      -3.663193750474193E-002
  0.660000000000000      -3.662240283601330E-002
  0.665000000000000      -3.661298371050470E-002
  0.670000000000000      -3.660426250040331E-002
  0.675000000000000      -3.659534543674592E-002
  0.680000000000000      -3.658680773431282E-002
  0.685000000000000      -3.657791310898654E-002
  0.690000000000000      -3.656991649945573E-002
  0.695000000000000      -3.656189650506651E-002
  0.700000000000000      -3.655312521116195E-002
  0.705000000000000      -3.654624856190870E-002
  0.710000000000000      -3.653838286747763E-002
  0.715000000000000      -3.653111529447817E-002
  0.720000000000000      -3.652403229746551E-002
  0.725000000000000      -3.651636149591428E-002
  0.730000000000000      -3.650962520839529E-002
  0.735000000000000      -3.650266998671058E-002
  0.740000000000000      -3.649615391014050E-002
  0.745000000000000      -3.648930847796416E-002
  0.750000000000000      -3.648428364651555E-002
  0.755000000000000      -3.647652366619136E-002
  0.760000000000000      -3.647093807495394E-002
  0.765000000000000      -3.646501890091201E-002
  0.770000000000000      -3.645918420899638E-002
  0.775000000000000      -3.645349782029543E-002
  0.780000000000000      -3.644793511108980E-002
  0.785000000000000      -3.644240188150075E-002
  0.790000000000000      -3.643685084239139E-002
  0.795000000000000      -3.643201463519433E-002
  0.800000000000000      -3.642655365004317E-002
  0.805000000000000      -3.642210186216843E-002
  0.810000000000000      -3.641672347085602E-002
  0.815000000000000      -3.641234067331241E-002
  0.820000000000000      -3.640766371021256E-002
  0.825000000000000      -3.640294984251190E-002
  0.830000000000000      -3.639861092365704E-002
  0.835000000000000      -3.639387642852664E-002
  0.840000000000000      -3.639038942133759E-002
  0.845000000000000      -3.638547180664796E-002
  0.850000000000000      -3.638251160844898E-002
  0.855000000000000      -3.637804108520420E-002
  0.860000000000000      -3.637440260145245E-002
  0.865000000000000      -3.637081314152062E-002
  0.870000000000000      -3.636691342089169E-002
  0.875000000000000      -3.636390894362729E-002
  0.880000000000000      -3.635961239076765E-002
  0.885000000000000      -3.635686286343342E-002
  0.890000000000000      -3.635333504654691E-002
  0.895000000000000      -3.635017158821308E-002
  0.900000000000000      -3.634689140547215E-002
  0.905000000000000      -3.634231308454223E-002
  0.910000000000000      -3.634143536462627E-002
  0.915000000000000      -3.633778797488553E-002
  0.920000000000000      -3.633478520896597E-002
  0.925000000000000      -3.633225222999865E-002
  0.930000000000000      -3.632937392139888E-002
  0.935000000000000      -3.632722508161855E-002
  0.940000000000000      -3.632381384694461E-002
  0.945000000000000      -3.632170612322505E-002
  0.950000000000000      -3.631918799014215E-002
  0.955000000000000      -3.631714277451790E-002
  0.960000000000000      -3.631429146269279E-002
  0.965000000000000      -3.631224659156233E-002
  0.970000000000000      -3.630953825977377E-002
  0.975000000000000      -3.630786450239168E-002
  0.980000000000000      -3.630517627085472E-002
  0.985000000000000      -3.630285881068835E-002
  0.990000000000000      -3.630129934538865E-002
  0.995000000000000      -3.629978075372216E-002
   1.00000000000000      -3.629731505466589E-002
   1.00500000000000      -3.629548432247715E-002
   1.01000000000000      -3.629371739101792E-002
   1.01500000000000      -3.629224524270595E-002
   1.02000000000000      -3.628973632724963E-002
   1.02500000000000      -3.628863373118910E-002
   1.03000000000000      -3.628674897468465E-002
   1.03500000000000      -3.628480905914225E-002
   1.04000000000000      -3.628394533843741E-002
   1.04500000000000      -3.628187601017187E-002
   1.05000000000000      -3.628039117797000E-002
   1.05500000000000      -3.627882097277931E-002
   1.06000000000000      -3.627740045323513E-002
   1.06500000000000      -3.627618223139596E-002
   1.07000000000000      -3.627500144898946E-002
   1.07500000000000      -3.627317614953061E-002
   1.08000000000000      -3.627217140372572E-002
   1.08500000000000      -3.627041682559295E-002
   1.09000000000000      -3.626932406010110E-002
   1.09500000000000      -3.626821652780982E-002
   1.10000000000000      -3.626745843730546E-002
   1.10500000000000      -3.626575955143434E-002
   1.11000000000000      -3.626493497848977E-002
   1.11500000000000      -3.626372668550497E-002
   1.12000000000000      -3.626231250058669E-002
   1.12500000000000      -3.626153712543865E-002
   1.13000000000000      -3.625984714663590E-002
   1.13500000000000      -3.625947320565970E-002
   1.14000000000000      -3.625845124247197E-002
   1.14500000000000      -3.625751299842665E-002
   1.15000000000000      -3.625678294015133E-002
   1.15500000000000      -3.625560390573389E-002
   1.16000000000000      -3.625501418585414E-002
   1.16500000000000      -3.625368205843945E-002
   1.17000000000000      -3.625316053631496E-002
   1.17500000000000      -3.625233805880514E-002
   1.18000000000000      -3.625085878906867E-002
   1.18500000000000      -3.625107765785213E-002
   1.19000000000000      -3.624988290140354E-002
   1.19500000000000      -3.624928193708333E-002
   1.20000000000000      -3.624783035660804E-002
   1.20500000000000      -3.624736396599237E-002
   1.21000000000000      -3.624699753783261E-002
   1.21500000000000      -3.624648588630357E-002
   1.22000000000000      -3.624566687160342E-002
   1.22500000000000      -3.624554799786436E-002
   1.23000000000000      -3.624433457138089E-002
   1.23500000000000      -3.624369836576533E-002
   1.24000000000000      -3.624270531726837E-002
   1.24500000000000      -3.624303131129918E-002
   1.25000000000000      -3.624179236698370E-002
   1.25500000000000      -3.624168412132622E-002
   1.26000000000000      -3.624099598037464E-002
   1.26500000000000      -3.624046289100605E-002
   1.27000000000000      -3.623995143157575E-002
   1.27500000000000      -3.623950566450047E-002
   1.28000000000000      -3.623904907283088E-002
   1.28500000000000      -3.623829020804435E-002
   1.29000000000000      -3.623828852710331E-002
   1.29500000000000      -3.623747553939776E-002
   1.30000000000000      -3.623720875962808E-002
   1.30500000000000      -3.623686715003362E-002
   1.31000000000000      -3.623631736009368E-002
   1.31500000000000      -3.623584252835903E-002
   1.32000000000000      -3.623556971147242E-002
   1.32500000000000      -3.623445904130026E-002
   1.33000000000000      -3.623488787214199E-002
   1.33500000000000      -3.623471493622075E-002
   1.34000000000000      -3.623365229642506E-002
   1.34500000000000      -3.623375187024246E-002
   1.35000000000000      -3.623340380241263E-002
   1.35500000000000      -3.623306760394543E-002
   1.36000000000000      -3.623264021440124E-002
   1.36500000000000      -3.623230182821270E-002
   1.37000000000000      -3.623177436514729E-002
   1.37500000000000      -3.623217415406713E-002
   1.38000000000000      -3.623127962468962E-002
   1.38500000000000      -3.623155033073754E-002
   1.39000000000000      -3.623061125773525E-002
   1.39500000000000      -3.623038873148370E-002
   1.40000000000000      -3.623133444690522E-002
   1.40500000000000      -3.623006606242858E-002
   1.41000000000000      -3.622967686624025E-002
   1.41500000000000      -3.622967547836996E-002
   1.42000000000000      -3.622857333640397E-002
   1.42500000000000      -3.622919162497082E-002
   1.43000000000000      -3.622887891059233E-002
   1.43500000000000      -3.622867913920979E-002
   1.44000000000000      -3.622931274065654E-002
   1.44500000000000      -3.622774441032175E-002
   1.45000000000000      -3.622806026819875E-002
   1.45500000000000      -3.622767641051194E-002
   1.46000000000000      -3.622729885270796E-002
   1.46500000000000      -3.622753225021735E-002
   1.47000000000000      -3.622719922840815E-002
   1.47500000000000      -3.622669136683154E-002
   1.48000000000000      -3.622698689068032E-002
   1.48500000000000      -3.622665157389351E-002
   1.49000000000000      -3.622616246708798E-002
   1.49500000000000      -3.622632035499882E-002
   1.50000000000000      -3.622609847732213E-002
   1.50500000000000      -3.622585088502780E-002
   1.51000000000000      -3.622592895325563E-002
   1.51500000000000      -3.622492344895938E-002
   1.52000000000000      -3.622609754678981E-002
   1.52500000000000      -3.622487967698878E-002
   1.53000000000000      -3.622572873928839E-002
   1.53500000000000      -3.622422216105720E-002
   1.54000000000000      -3.622494949260931E-002
   1.54500000000000      -3.622475121490246E-002
   1.55000000000000      -3.622469644591284E-002
   1.55500000000000      -3.622427595089636E-002
   1.56000000000000      -3.622548559642427E-002
   1.56500000000000      -3.622369133205593E-002
   1.57000000000000      -3.622450188096542E-002
   1.57500000000000      -3.622408043652030E-002
   1.58000000000000      -3.622493644993445E-002
   1.58500000000000      -3.622390631010696E-002
   1.59000000000000      -3.622384581895440E-002
   1.59500000000000      -3.622335922803197E-002
   1.60000000000000      -3.622375679415094E-002
   1.60500000000000      -3.622312419144358E-002
   1.61000000000000      -3.622384095240657E-002
   1.61500000000000      -3.622347770079794E-002
   1.62000000000000      -3.622308480410221E-002
   1.62500000000000      -3.622285690577134E-002
   1.63000000000000      -3.622241192108677E-002
   1.63500000000000      -3.622322236210651E-002
   1.64000000000000      -3.622284314722386E-002
   1.64500000000000      -3.622276382500388E-002
   1.65000000000000      -3.622200902472979E-002
   1.65500000000000      -3.622293318818739E-002
   1.66000000000000      -3.622239743157755E-002
   1.66500000000000      -3.622287173133589E-002
   1.67000000000000      -3.622198626581882E-002
   1.67500000000000      -3.622242063012721E-002
   1.68000000000000      -3.622195373785803E-002
   1.68500000000000      -3.622265484485984E-002
   1.69000000000000      -3.622197374430507E-002
   1.69500000000000      -3.622221544093065E-002
   1.70000000000000      -3.622184846116127E-002
   1.70500000000000      -3.622235998665507E-002
   1.71000000000000      -3.622184777830966E-002
   1.71500000000000      -3.622157354142197E-002
   1.72000000000000      -3.622222429483847E-002
   1.72500000000000      -3.622193541975924E-002
   1.73000000000000      -3.622132859798535E-002
   1.73500000000000      -3.622162687337339E-002
   1.74000000000000      -3.622153665547222E-002
   1.74500000000000      -3.622142545665613E-002
   1.75000000000000      -3.622160397354071E-002
   1.75500000000000      -3.622070716309327E-002
   1.76000000000000      -3.622172017208584E-002
   1.76500000000000      -3.622132418446149E-002
   1.77000000000000      -3.622124984059551E-002
   1.77500000000000      -3.622123826473789E-002
   1.78000000000000      -3.622131616922642E-002
   1.78500000000000      -3.622113847888271E-002
   1.79000000000000      -3.622124386642409E-002
   1.79500000000000      -3.622105979453322E-002
   1.80000000000000      -3.622116984667707E-002
   1.80500000000000      -3.622088000807105E-002
   1.81000000000000      -3.622113402899224E-002
   1.81500000000000      -3.622126715365417E-002
   1.82000000000000      -3.622091392569783E-002
   1.82500000000000      -3.622061857916482E-002
   1.83000000000000      -3.622130731240809E-002
   1.83500000000000      -3.622040362360030E-002
   1.84000000000000      -3.622129686330321E-002
   1.84500000000000      -3.622049116393342E-002
   1.85000000000000      -3.622015030622372E-002
   1.85500000000000      -3.622063245438620E-002
   1.86000000000000      -3.622067502977342E-002
   1.86500000000000      -3.622075396229789E-002
   1.87000000000000      -3.622095645471126E-002
   1.87500000000000      -3.621981600756526E-002
   1.88000000000000      -3.622056857530940E-002
   1.88500000000000      -3.622044951668772E-002
   1.89000000000000      -3.622029287001974E-002
   1.89500000000000      -3.622053482228599E-002
   1.90000000000000      -3.622057281036586E-002
   1.90500000000000      -3.622053072528002E-002
   1.91000000000000      -3.622031126259116E-002
   1.91500000000000      -3.622056113365749E-002
   1.92000000000000      -3.622045050492499E-002
   1.92500000000000      -3.622072461565688E-002
   1.93000000000000      -3.622013861963725E-002
   1.93500000000000      -3.622051333264120E-002
   1.94000000000000      -3.622015882540238E-002
   1.94500000000000      -3.621968260257784E-002
   1.95000000000000      -3.622145575925573E-002
   1.95500000000000      -3.621977458105827E-002
   1.96000000000000      -3.622078089887553E-002
   1.96500000000000      -3.622006168764635E-002
   1.97000000000000      -3.622028000559588E-002
   1.97500000000000      -3.622007973770657E-002
   1.98000000000000      -3.622033104965810E-002
   1.98500000000000      -3.622022760946062E-002
   1.99000000000000      -3.622003800580594E-002
   1.99500000000000      -3.622008218969477E-002
   2.00000000000000      -3.622051790380661E-002
   2.00500000000000      -3.621996178856918E-002
   2.01000000000000      -3.621988905240015E-002
   2.01500000000000      -3.622026564470513E-002
   2.02000000000000      -3.621975444373436E-002
   2.02500000000000      -3.622017952911577E-002
   2.03000000000000      -3.622038444631763E-002
   2.03500000000000      -3.622003655499001E-002
   2.04000000000000      -3.621936247868898E-002
   2.04500000000000      -3.621997870901811E-002
   2.05000000000000      -3.621975861537320E-002
   2.05500000000000      -3.622045107620708E-002
   2.06000000000000      -3.621916816010518E-002
   2.06500000000000      -3.622062021506708E-002
   2.07000000000000      -3.621986030825160E-002
   2.07500000000000      -3.621973121582359E-002
   2.08000000000000      -3.622013140561881E-002
   2.08500000000000      -3.621921118883881E-002
   2.09000000000000      -3.621950657137013E-002
   2.09500000000000      -3.622043454218903E-002
   2.10000000000000      -3.621964622882388E-002
   2.10500000000000      -3.621989779054204E-002
   2.11000000000000      -3.621963910282597E-002
   2.11500000000000      -3.622034781622851E-002
   2.12000000000000      -3.621970899979987E-002
   2.12500000000000      -3.622090425989180E-002
   2.13000000000000      -3.621950391006778E-002
   2.13500000000000      -3.621972020844322E-002
   2.14000000000000      -3.621991050800049E-002
   2.14500000000000      -3.622020042966059E-002
   2.15000000000000      -3.621962658407178E-002
   2.15500000000000      -3.621980896874397E-002
   2.16000000000000      -3.622020865800444E-002
   2.16500000000000      -3.621943466571240E-002
   2.17000000000000      -3.621927849840856E-002
   2.17500000000000      -3.621972907641099E-002
   2.18000000000000      -3.621984221803226E-002
   2.18500000000000      -3.621989537253640E-002
   2.19000000000000      -3.621972172587930E-002
   2.19500000000000      -3.621992148519964E-002
   2.20000000000000      -3.621947860080355E-002
   2.20500000000000      -3.621961964811930E-002
   2.21000000000000      -3.621973071220320E-002
   2.21500000000000      -3.621979392777083E-002
   2.22000000000000      -3.621973581353172E-002
   2.22500000000000      -3.621950886300811E-002
   2.23000000000000      -3.622081134236542E-002
   2.23500000000000      -3.621977140606812E-002
   2.24000000000000      -3.622011317677260E-002
   2.24500000000000      -3.621936097993743E-002
   2.25000000000000      -3.622023922825925E-002
   2.25500000000000      -3.621967739317018E-002
   2.26000000000000      -3.621908468991767E-002
   2.26500000000000      -3.621927773873140E-002
   2.27000000000000      -3.622024638365409E-002
   2.27500000000000      -3.621991951189968E-002
   2.28000000000000      -3.621955536492767E-002
   2.28500000000000      -3.621987704965910E-002
   2.29000000000000      -3.621899048966623E-002
   2.29500000000000      -3.621995827185772E-002
   2.30000000000000      -3.621973017006645E-002
   2.30500000000000      -3.621959716070345E-002
   2.31000000000000      -3.621963743044923E-002
   2.31500000000000      -3.621982522913911E-002
   2.32000000000000      -3.621955398031493E-002
   2.32500000000000      -3.621947601024343E-002
   2.33000000000000      -3.622013173274651E-002
   2.33500000000000      -3.621944125413906E-002
   2.34000000000000      -3.621909748481777E-002
   2.34500000000000      -3.621985095496866E-002
   2.35000000000000      -3.622059320499534E-002
   2.35500000000000      -3.621911073903056E-002
   2.36000000000000      -3.621997000794897E-002
   2.36500000000000      -3.621994447767089E-002
   2.37000000000000      -3.621994983937429E-002
   2.37500000000000      -3.621931255244024E-002
   2.38000000000000      -3.622015515244766E-002
   2.38500000000000      -3.621923882168264E-002
   2.39000000000000      -3.621981212213946E-002
   2.39500000000000      -3.621951205787184E-002
   2.40000000000000      -3.621960958946536E-002
   2.40500000000000      -3.621940999910966E-002
   2.41000000000000      -3.621821519603738E-002
   2.41500000000000      -3.622050143272856E-002
   2.42000000000000      -3.621910613311138E-002
   2.42500000000000      -3.621983971305210E-002
   2.43000000000000      -3.621959310555600E-002
   2.43500000000000      -3.622003526257041E-002
   2.44000000000000      -3.621947288037474E-002
   2.44500000000000      -3.621965863906396E-002
   2.45000000000000      -3.621974357172206E-002
   2.45500000000000      -3.621950849396332E-002
   2.46000000000000      -3.621958487276073E-002
   2.46500000000000      -3.621966431661448E-002
   2.47000000000000      -3.621952930088854E-002
   2.47500000000000      -3.621940806732157E-002
   2.48000000000000      -3.621966763675066E-002
   2.48500000000000      -3.621957923492471E-002
   2.49000000000000      -3.621960717006777E-002
   2.49500000000000      -3.621954001721732E-002
   2.50000000000000      -3.621939653962373E-002
