  5.000000000000000E-003  0.000000000000000E+000  0.000000000000000E+000
  0.000000000000000E+000
  1.000000000000000E-002  0.000000000000000E+000  0.000000000000000E+000
  0.000000000000000E+000
  1.500000000000000E-002  0.000000000000000E+000  0.000000000000000E+000
  0.000000000000000E+000
  2.000000000000000E-002  5.746319754862395E-004 -6.926168476500079E-004
  1.267248823136241E-003
  2.500000000000000E-002  5.038976026741883E-004 -9.358288404221597E-004
  1.439726443096352E-003
  3.000000000000000E-002  6.927098243061611E-004 -1.190903364606464E-003
  1.883613188912629E-003
  3.500000000000000E-002  6.649489289010229E-004 -1.443236966428766E-003
  2.108185895329792E-003
  4.000000000000000E-002  4.454819063214576E-004 -1.685703988604251E-003
  2.131185894925716E-003
  4.500000000000000E-002  7.844768738841318E-004 -1.914434640772994E-003
  2.698911514657116E-003
  5.000000000000000E-002  8.072422099845362E-004 -2.125539334083451E-003
  2.932781544067995E-003
  5.500000000000000E-002  8.607110554768481E-004 -2.316761253024188E-003
  3.177472308501032E-003
  6.000000000000000E-002  8.160081701441482E-004 -2.486590144180128E-003
  3.302598314324250E-003
  6.500000000000000E-002  8.606144121024651E-004 -2.633506647885845E-003
  3.494121059988286E-003
  7.000000000000001E-002  7.050959613404995E-004 -2.756929873234362E-003
  3.462025834574849E-003
  7.500000000000000E-002  7.824586656265249E-004 -2.856143883447591E-003
  3.638602549074126E-003
  8.000000000000000E-002  6.139350442553735E-004 -2.930805835738441E-003
  3.544740879993823E-003
  8.500000000000001E-002  7.213812166335901E-004 -2.981116735430177E-003
  3.702497952063737E-003
  9.000000000000000E-002  7.035632943896561E-004 -3.006961012903448E-003
  3.710524307293106E-003
  9.500000000000000E-002  7.313063630384186E-004 -3.008761968463792E-003
  3.740068331502185E-003
  0.100000000000000       7.233815147032684E-004 -2.986950537283511E-003
  3.710332051986762E-003
  0.105000000000000       6.748089242461145E-004 -2.942146974834966E-003
  3.616955899081075E-003
  0.110000000000000       6.707894775087198E-004 -2.875052047548399E-003
  3.545841525057150E-003
  0.115000000000000       6.841906979887645E-004 -2.786471717774499E-003
  3.470662415763257E-003
  0.120000000000000       6.364751220459574E-004 -2.677381114821839E-003
  3.313856236867774E-003
  0.125000000000000       5.411964647422997E-004 -2.548684522045447E-003
  3.089880986787773E-003
  0.130000000000000       6.072273365564655E-004 -2.401498602364090E-003
  3.008725938920549E-003
  0.135000000000000       6.037417867276464E-004 -2.236858040691790E-003
  2.840599827419448E-003
  0.140000000000000       5.569844418191561E-004 -2.055919271600271E-003
  2.612903713419404E-003
  0.145000000000000       5.556868845053457E-004 -1.859803387011319E-003
  2.415490271516652E-003
  0.150000000000000       5.277285115656208E-004 -1.649667143510029E-003
  2.177395655075666E-003
  0.155000000000000       5.107218377621589E-004 -1.426660481260446E-003
  1.937382319022568E-003
  0.160000000000000       5.080312190363052E-004 -1.191917830972871E-003
  1.699949050009209E-003
  0.165000000000000       4.998612478812815E-004 -9.465549671885953E-004
  1.446416215069873E-003
  0.170000000000000       5.133958023890628E-004 -6.916403669017427E-004
  1.205036169290843E-003
  0.175000000000000       5.044413612127602E-004 -4.282670483720699E-004
  9.327084095848485E-004
  0.180000000000000       4.771770032452733E-004 -1.574506524439498E-004
  6.346276556892402E-004
  0.185000000000000       4.581773277791262E-004  1.198632065401467E-004
  3.383141212389970E-004
  0.190000000000000       4.441031414334282E-004  4.027394367770253E-004
  4.136370465635703E-005
  0.195000000000000       4.330912926953507E-004  6.902939323457490E-004
 -2.572026396503833E-004
  0.200000000000000       4.085980462258117E-004  9.816945902362706E-004
 -5.730965440104545E-004
  0.205000000000000       3.971855461170137E-004  1.276157276628260E-003
 -8.789717305112446E-004
  0.210000000000000       4.268891638196200E-004  1.572969465124812E-003
 -1.146080301305195E-003
  0.215000000000000       4.230793392071758E-004  1.871410865769951E-003
 -1.448331526562836E-003
  0.220000000000000       4.128000960506582E-004  2.170860480805962E-003
 -1.758060384755321E-003
  0.225000000000000       3.913327444786339E-004  2.470718494138073E-003
 -2.079385749659429E-003
  0.230000000000000       3.575260257085106E-004  2.770465819094039E-003
 -2.412939793385524E-003
  0.235000000000000       4.111356174513764E-004  3.069667883450460E-003
 -2.658532265999091E-003
  0.240000000000000       3.651948906813386E-004  3.367664780485930E-003
 -3.002469889804620E-003
  0.245000000000000       3.414751797678497E-004  3.664223433028188E-003
 -3.322748253260420E-003
  0.250000000000000       3.086986634329465E-004  3.958925977284835E-003
 -3.650227313851829E-003
  0.255000000000000       3.333798080005091E-004  4.251404145240919E-003
 -3.918024337240414E-003
  0.260000000000000       3.336606659772094E-004  4.541368710043732E-003
 -4.207708044066534E-003
  0.265000000000000       3.165160149572478E-004  4.828530879341392E-003
 -4.512014864384189E-003
  0.270000000000000       3.369768536025386E-004  5.112669004164629E-003
 -4.775692150562081E-003
  0.275000000000000       2.986537363315849E-004  5.393507808365791E-003
 -5.094854072034230E-003
  0.280000000000000       2.856564122076605E-004  5.670902765689318E-003
 -5.385246353481721E-003
  0.285000000000000       2.944277505476514E-004  5.944673603559231E-003
 -5.650245853011550E-003
  0.290000000000000       2.771124927928541E-004  6.214671335159344E-003
 -5.937558842366445E-003
  0.295000000000000       2.779055057031836E-004  6.480766977381653E-003
 -6.202861471678481E-003
  0.300000000000000       2.823036377075102E-004  6.742857263521706E-003
 -6.460553625814248E-003
  0.305000000000000       2.828976647855847E-004  7.000851964848074E-003
 -6.717954300062443E-003
  0.310000000000000       2.722949973295658E-004  7.254668379210513E-003
 -6.982373381880986E-003
  0.315000000000000       2.714109931869770E-004  7.504259964124332E-003
 -7.232848970937362E-003
  0.320000000000000       2.264628553458299E-004  7.749572581582606E-003
 -7.523109726236820E-003
  0.325000000000000       2.145587898710659E-004  7.990572030152189E-003
 -7.776013240281114E-003
  0.330000000000000       2.433639110701141E-004  8.227236513430726E-003
 -7.983872602360644E-003
  0.335000000000000       2.411846588278327E-004  8.459560117897398E-003
 -8.218375459069557E-003
  0.340000000000000       2.389140265287433E-004  8.687534206758739E-003
 -8.448620180229984E-003
  0.345000000000000       2.535488317082222E-004  8.911183078838834E-003
 -8.657634247130648E-003
  0.350000000000000       2.305959150336069E-004  9.130467209962401E-003
 -8.899871294928793E-003
  0.355000000000000       2.237993838768411E-004  9.345455397669409E-003
 -9.121656013792509E-003
  0.360000000000000       2.206997813312541E-004  9.556160275603178E-003
 -9.335460494271914E-003
  0.365000000000000       1.990457656833215E-004  9.762610081211086E-003
 -9.563564315527739E-003
  0.370000000000000       2.063153033999488E-004  9.964840651634889E-003
 -9.758525348234940E-003
  0.375000000000000       2.251192482250601E-004  1.016291262925738E-002
 -9.937793381032284E-003
  0.380000000000000       1.968655422161564E-004  1.035681504539565E-002
 -1.015994950317956E-002
  0.385000000000000       1.932624962862294E-004  1.054664475301324E-002
 -1.035338225672705E-002
  0.390000000000000       1.772638013258652E-004  1.073244120763104E-002
 -1.055517740630517E-002
  0.395000000000000       1.916178964419813E-004  1.091425509672449E-002
 -1.072263720028253E-002
  0.400000000000000       1.864291355063640E-004  1.109213496290926E-002
 -1.090570582740291E-002
  0.405000000000000       1.853946718254728E-004  1.126614753336497E-002
 -1.108075286153955E-002
  0.410000000000000       1.613545948478861E-004  1.143634112011295E-002
 -1.127498652526510E-002
  0.415000000000000       1.533144942567011E-004  1.160278264286865E-002
 -1.144946814861200E-002
  0.420000000000000       1.591793204124616E-004  1.176553167008853E-002
 -1.160635234967612E-002
  0.425000000000000       1.596358728026152E-004  1.192464977323641E-002
 -1.176501390043380E-002
  0.430000000000000       1.582854077059572E-004  1.208019873642474E-002
 -1.192191332871885E-002
  0.435000000000000       1.408139643732366E-004  1.223224225703451E-002
 -1.209142829266130E-002
  0.440000000000000       1.465750593069762E-004  1.238084079923625E-002
 -1.223426573992929E-002
  0.445000000000000       1.478754558966090E-004  1.252606151457776E-002
 -1.237818605868115E-002
  0.450000000000000       1.381989125585232E-004  1.266796483800272E-002
 -1.252976592544413E-002
  0.455000000000000       1.256320786951766E-004  1.280661591477154E-002
 -1.268098383607637E-002
  0.460000000000000       1.294645703674517E-004  1.294207525335388E-002
 -1.281261068298645E-002
  0.465000000000000       1.354359345366412E-004  1.307440916184738E-002
 -1.293897322731068E-002
  0.470000000000000       1.328075577019240E-004  1.320367687524791E-002
 -1.307086931754597E-002
  0.475000000000000       1.217800719838564E-004  1.332994078246654E-002
 -1.320816071048268E-002
  0.480000000000000       1.304100781092513E-004  1.345326730650114E-002
 -1.332285722839195E-002
  0.485000000000000       1.168783809315852E-004  1.357370549843473E-002
 -1.345682711750310E-002
  0.490000000000000       1.108369136478868E-004  1.369132545531159E-002
 -1.358048854166371E-002
  0.495000000000000       1.137524849053410E-004  1.380618461968777E-002
 -1.369243213478244E-002
  0.500000000000000       1.063967024096251E-004  1.391834084799471E-002
 -1.381194414558505E-002
  0.505000000000000       1.100782393181602E-004  1.402785249284374E-002
 -1.391777425352558E-002
  0.510000000000000       1.088435660570802E-004  1.413477591011942E-002
 -1.402593234406238E-002
  0.515000000000000       1.109248545252644E-004  1.423917065656694E-002
 -1.412824580204168E-002
  0.520000000000000       9.640830909850703E-005  1.434108238972871E-002
 -1.424467408063020E-002
  0.525000000000000       1.163100790163987E-004  1.444059306410702E-002
 -1.432428298509062E-002
  0.530000000000000       6.810457073748315E-005  1.453770817684180E-002
 -1.446960360610433E-002
  0.535000000000000       8.653238088074732E-005  1.463251003410062E-002
 -1.454597765321992E-002
  0.540000000000000       9.256696518445034E-005  1.472505972360667E-002
 -1.463249275842218E-002
  0.545000000000000       8.513249791740788E-005  1.481539255315148E-002
 -1.473026005523403E-002
  0.550000000000000       7.999410160824300E-005  1.490356482085507E-002
 -1.482357071924686E-002
  0.555000000000000       8.437065993057132E-005  1.498962377911351E-002
 -1.490525311918297E-002
  0.560000000000000       7.612229972463373E-005  1.507361673065245E-002
 -1.499749443092787E-002
  0.565000000000000       8.491804106735201E-005  1.515559591865165E-002
 -1.507067787758424E-002
  0.570000000000000       4.724511482155657E-005  1.523560156133024E-002
 -1.518835644650870E-002
  0.575000000000000       6.322679930682638E-005  1.531367264411968E-002
 -1.525044584481291E-002
  0.580000000000000       7.327073982329732E-005  1.538987136834145E-002
 -1.531660062851812E-002
  0.585000000000000       6.444445525909195E-005  1.546422859514267E-002
 -1.539978413988357E-002
  0.590000000000000       6.741006244041111E-005  1.553679199622980E-002
 -1.546938193378939E-002
  0.595000000000000       6.438043294589331E-005  1.560760196619482E-002
 -1.554322153324894E-002
  0.600000000000000       5.025754142490508E-005  1.567670042101515E-002
 -1.562644287959024E-002
  0.605000000000000       5.961107676172213E-005  1.574412485639616E-002
 -1.568451377963443E-002
  0.610000000000000       5.906063396591099E-005  1.580991830338563E-002
 -1.575085766941973E-002
  0.615000000000000       7.757006899541693E-005  1.587413398169564E-002
 -1.579656391270021E-002
  0.620000000000000       5.987692356420060E-005  1.593676011929411E-002
 -1.587688319572991E-002
  0.625000000000000       5.604492813420334E-005  1.599788034841184E-002
 -1.594183542027764E-002
  0.630000000000000       4.081789271662751E-005  1.605751890118521E-002
 -1.601670100846856E-002
  0.635000000000000       4.730711151707802E-005  1.611570651345213E-002
 -1.606839940193505E-002
  0.640000000000000       4.543443543545466E-005  1.617248215722396E-002
 -1.612704772178847E-002
  0.645000000000000       4.559309423930354E-005  1.622787589978827E-002
 -1.618228280554896E-002
  0.650000000000000       4.924259223100189E-005  1.628192346648380E-002
 -1.623268087425282E-002
  0.655000000000000       4.807178875098017E-005  1.633465455918693E-002
 -1.628658277043601E-002
  0.660000000000000       4.384194702178952E-005  1.638610099523629E-002
 -1.634225904821457E-002
  0.665000000000000       3.725587558545558E-005  1.643629485131008E-002
 -1.639903897572459E-002
  0.670000000000000       3.999566860169059E-005  1.648526525901154E-002
 -1.644526959040986E-002
  0.675000000000000       4.028279440221675E-005  1.653304214683692E-002
 -1.649275935243470E-002
  0.680000000000000       4.066117231572043E-005  1.657965426585094E-002
 -1.653899309353525E-002
  0.685000000000000       3.239360619943376E-005  1.662512809062408E-002
 -1.659273448442462E-002
  0.690000000000000       3.300640160794970E-005  1.666949243434956E-002
 -1.663648603274161E-002
  0.695000000000000       3.687244019804149E-005  1.671277491182355E-002
 -1.667590247162548E-002
  0.700000000000000       2.054610478789137E-005  1.675499969481945E-002
 -1.673445359003158E-002
  0.705000000000000       2.909500989912401E-005  1.679619170527055E-002
 -1.676709669537144E-002
  0.710000000000000       3.198398605161190E-005  1.683637934010602E-002
 -1.680439535405443E-002
  0.715000000000000       3.196139244984037E-005  1.687558433472573E-002
 -1.684362294227589E-002
  0.720000000000000       3.672476570141378E-005  1.691383410996255E-002
 -1.687710934426115E-002
  0.725000000000000       2.699978796111030E-005  1.695114161397383E-002
 -1.692414182601277E-002
  0.730000000000000       2.522743903364613E-005  1.698753986157164E-002
 -1.696231242253799E-002
  0.735000000000000       2.387445511591329E-005  1.702304838663833E-002
 -1.699917393152234E-002
  0.740000000000000       2.452918548931189E-005  1.705768800253906E-002
 -1.703315881704979E-002
  0.745000000000000       1.866771198151937E-005  1.709148004038070E-002
 -1.707281232839921E-002
  0.750000000000000       4.113602712283974E-005  1.712446222412302E-002
 -1.708332619700013E-002
  0.755000000000000       2.350454347876523E-005  1.715660483303042E-002
 -1.713310028955159E-002
  0.760000000000000       1.743053163299218E-005  1.718797319972226E-002
 -1.717054266808921E-002
  0.765000000000000       2.232099070457033E-005  1.721857692433703E-002
 -1.719625593363249E-002
  0.770000000000000       2.157579476146401E-005  1.724842980855331E-002
 -1.722685401379185E-002
  0.775000000000000       2.067648290084992E-005  1.727755156266839E-002
 -1.725687507976761E-002
  0.780000000000000       1.985635717169978E-005  1.730595993387645E-002
 -1.728610357670471E-002
  0.785000000000000       1.708652298319020E-005  1.733367164552438E-002
 -1.731658512254113E-002
  0.790000000000000       1.057655609210351E-005  1.736070482061785E-002
 -1.735012826452572E-002
  0.795000000000000       1.436680893352012E-005  1.738707557548885E-002
 -1.737270876655532E-002
  0.800000000000000       9.425054038450855E-006  1.741280025631199E-002
 -1.740337520227358E-002
  0.805000000000000       1.468800760406215E-005  1.743789466127970E-002
 -1.742320665367564E-002
  0.810000000000000       8.347003388951268E-006  1.746237302009046E-002
 -1.745402601670149E-002
  0.815000000000000       9.078673624002794E-006  1.748625132780124E-002
 -1.747717265417722E-002
  0.820000000000000       1.067428361335245E-005  1.750954465297119E-002
 -1.749887036935791E-002
  0.825000000000000       5.429804002228286E-006  1.753226675466903E-002
 -1.752683695066688E-002
  0.830000000000000       4.092267188777137E-006  1.755443147627633E-002
 -1.755033920908759E-002
  0.835000000000000      -4.360649031411976E-006  1.757605353384017E-002
 -1.758041418287160E-002
  0.840000000000000       4.861996141334889E-006  1.759714341998919E-002
 -1.759228142384787E-002
  0.845000000000000      -4.625530200839802E-006  1.761771848803995E-002
 -1.762234401824082E-002
  0.850000000000000       7.378099785280448E-006  1.763778669513002E-002
 -1.763040859534475E-002
  0.855000000000000       6.305419486268061E-006  1.765736341574870E-002
 -1.765105799626243E-002
  0.860000000000000       3.858233375787471E-006  1.767645935688407E-002
 -1.767260112350833E-002
  0.865000000000000       7.988889508237968E-006  1.769508811096648E-002
 -1.768709922145830E-002
  0.870000000000000       3.885847117052230E-006  1.771325826348374E-002
 -1.770937241636670E-002
  0.875000000000000       1.177093341083905E-005  1.773098717036709E-002
 -1.771921623695628E-002
  0.880000000000000       6.163040989035167E-007  1.774827387457576E-002
 -1.774765757047685E-002
  0.885000000000000       4.627986107091137E-006  1.776513971864097E-002
 -1.776051173253393E-002
  0.890000000000000       6.330014704787027E-006  1.778159205140283E-002
 -1.777526203669798E-002
  0.895000000000000       5.119924604873558E-006  1.779764012351592E-002
 -1.779252019891104E-002
  0.900000000000000       2.957770682411067E-006  1.781329381494293E-002
 -1.781033604426057E-002
  0.905000000000000      -2.818562062117087E-005  1.782856904674964E-002
 -1.785675466737079E-002
  0.910000000000000      -1.483021668849652E-006  1.784345881253444E-002
 -1.784494183420327E-002
  0.915000000000000       5.312308367818866E-006  1.785799105552035E-002
 -1.785267874715253E-002
  0.920000000000000      -4.816548898597958E-006  1.787216237962962E-002
 -1.787697892852828E-002
  0.925000000000000      -1.323704215720804E-006  1.788598771734309E-002
 -1.788731142155874E-002
  0.930000000000000      -1.932115936962298E-006  1.789947366875421E-002
 -1.790140578469116E-002
  0.935000000000000       6.441433715885280E-006  1.791263253224606E-002
 -1.790619109853010E-002
  0.940000000000000      -4.680648393617307E-006  1.792546113744548E-002
 -1.793014178583910E-002
  0.945000000000000      -4.558848475840833E-006  1.793797743948750E-002
 -1.794253628796335E-002
  0.950000000000000      -1.346223024760409E-006  1.795018751161506E-002
 -1.795153373463984E-002
  0.955000000000000       5.329028146709728E-006  1.796210138600492E-002
 -1.795677235785829E-002
  0.960000000000000      -8.980542407105118E-007  1.797371566049267E-002
 -1.797461371473336E-002
  0.965000000000000      -9.555079966209592E-007  1.798504815497666E-002
 -1.798600366297335E-002
  0.970000000000000      -7.692684672106645E-006  1.799610203412067E-002
 -1.800379471879283E-002
  0.975000000000000      -2.279882421559766E-006  1.800688528669893E-002
 -1.800916516912049E-002
  0.980000000000000      -8.104327552979507E-006  1.801740313981973E-002
 -1.802550746737266E-002
  0.985000000000000      -1.828030555559923E-005  1.802766364104779E-002
 -1.804594394660335E-002
  0.990000000000000      -1.131841136898186E-005  1.803767075820267E-002
 -1.804898916957165E-002
  0.995000000000000       2.522452796575121E-006  1.804743749888528E-002
 -1.804491504608876E-002
   1.00000000000000      -3.305389293709483E-006  1.805695653846105E-002
 -1.806026192775476E-002
   1.00500000000000      -7.461044580797373E-006  1.806624482695728E-002
 -1.807370587153806E-002
   1.01000000000000      -5.402048968336081E-006  1.807530583013340E-002
 -1.808070787910174E-002
   1.01500000000000       1.774900453662822E-006  1.808414816401415E-002
 -1.808237326356051E-002
   1.02000000000000      -9.833540571363323E-006  1.809276612165059E-002
 -1.810259966222191E-002
   1.02500000000000      -5.348976290915443E-006  1.810117586896269E-002
 -1.810652484525360E-002
   1.03000000000000      -3.486698716451624E-006  1.810937946648056E-002
 -1.811286616519703E-002
   1.03500000000000      -1.171633149061010E-005  1.811738062914440E-002
 -1.812909696063507E-002
   1.04000000000000      -4.853271313749491E-007  1.812518978774684E-002
 -1.812567511487820E-002
   1.04500000000000      -3.422439070618061E-006  1.813280083351173E-002
 -1.813622327258240E-002
   1.05000000000000      -7.986500511526442E-006  1.814022650690859E-002
 -1.814821300742015E-002
   1.05500000000000      -9.508465090385747E-006  1.814747101658074E-002
 -1.815697948167115E-002
   1.06000000000000      -1.000587218140058E-005  1.815453760459578E-002
 -1.816454347677718E-002
   1.06500000000000      -6.075285130567412E-006  1.816143149642978E-002
 -1.816750678156040E-002
   1.07000000000000      -4.068147017939761E-007  1.816815877268015E-002
 -1.816856558738192E-002
   1.07500000000000      -8.059895834871275E-006  1.817471392717966E-002
 -1.818277382301460E-002
   1.08000000000000      -6.952013454107292E-006  1.818111192421878E-002
 -1.818806393767291E-002
   1.08500000000000      -1.337476580437561E-005  1.818735220122181E-002
 -1.820072696702611E-002
   1.09000000000000      -1.517310249972575E-005  1.819343948607192E-002
 -1.820861258857165E-002
   1.09500000000000      -1.156723655756988E-005  1.819937756785833E-002
 -1.821094480441592E-002
   1.10000000000000      -2.111724502344442E-006  1.820517376174420E-002
 -1.820728548624652E-002
   1.10500000000000      -8.561064405978739E-006  1.821082029612686E-002
 -1.821938136053278E-002
   1.11000000000000      -8.012700737296456E-006  1.821633183170130E-002
 -1.822434453243864E-002
   1.11500000000000      -7.124243210742198E-006  1.822170806441880E-002
 -1.822883230762955E-002
   1.12000000000000      -1.491473751137981E-005  1.822695139125365E-002
 -1.824186612876496E-002
   1.12500000000000      -1.296539444161271E-005  1.823206644147844E-002
 -1.824503183592003E-002
   1.13000000000000      -2.341880410265769E-005  1.823705717593955E-002
 -1.826047598004220E-002
   1.13500000000000      -1.781353555602917E-005  1.824192314127057E-002
 -1.825973667682662E-002
   1.14000000000000      -1.258793701716522E-005  1.824667137345840E-002
 -1.825925931047559E-002
   1.14500000000000      -1.287455797081422E-005  1.825130232468746E-002
 -1.826417688265825E-002
   1.15000000000000      -8.924787911261088E-006  1.825582048769932E-002
 -1.826474527561050E-002
   1.15500000000000      -1.240704885332157E-005  1.826022638999031E-002
 -1.827263343884366E-002
   1.16000000000000      -9.430373152319565E-006  1.826452537762788E-002
 -1.827395575078020E-002
   1.16500000000000      -1.582897166299843E-005  1.826871768494765E-002
 -1.828454665661062E-002
   1.17000000000000      -1.430418310086317E-005  1.827280731508206E-002
 -1.828711149818295E-002
   1.17500000000000      -1.123414381862360E-005  1.827679702912345E-002
 -1.828803117294210E-002
   1.18000000000000      -2.469061891441845E-005  1.828068937760356E-002
 -1.830537999651801E-002
   1.18500000000000      -1.184210799093149E-005  1.828448495362631E-002
 -1.829632706161724E-002
   1.19000000000000      -1.047172511261613E-005  1.828818786920279E-002
 -1.829865959431542E-002
   1.19500000000000      -1.205348265925493E-005  1.829179933509782E-002
 -1.830385281775712E-002
   1.20000000000000      -2.500466840933674E-005  1.829532348822296E-002
 -1.832032815663227E-002
   1.20500000000000      -2.756517158519515E-005  1.829875981790035E-002
 -1.832632498948548E-002
   1.21000000000000      -1.885309375652052E-005  1.830211176776485E-002
 -1.832096486152127E-002
   1.21500000000000      -1.251320910660202E-005  1.830538209924641E-002
 -1.831789530835305E-002
   1.22000000000000      -1.415184893188490E-005  1.830857176481908E-002
 -1.832272361375104E-002
   1.22500000000000      -5.557226116030708E-006  1.831168716853200E-002
 -1.831724439464808E-002
   1.23000000000000      -1.199442570151413E-005  1.831471880120163E-002
 -1.832671322690322E-002
   1.23500000000000      -1.843774436237455E-005  1.831767898112675E-002
 -1.833611672548906E-002
   1.24000000000000      -2.659803017398628E-005  1.832056768663983E-002
 -1.834716571681390E-002
   1.24500000000000      -1.277530187220490E-005  1.832338436091105E-002
 -1.833615966278331E-002
   1.25000000000000      -1.703922172651964E-005  1.832613230975993E-002
 -1.834317153148650E-002
   1.25500000000000      -1.505811411807032E-005  1.832881217324714E-002
 -1.834387028736522E-002
   1.26000000000000      -1.362137990875839E-005  1.833142701975882E-002
 -1.834504839966757E-002
   1.26500000000000      -1.530742031517894E-005  1.833397737201848E-002
 -1.834928479233361E-002
   1.27000000000000      -1.540526621353453E-005  1.833646525001980E-002
 -1.835187051623333E-002
   1.27500000000000      -1.436886848233940E-005  1.833889201171590E-002
 -1.835326088019835E-002
   1.28000000000000      -1.325647399607888E-005  1.834125935240738E-002
 -1.835451582640339E-002
   1.28500000000000      -1.855497451427713E-005  1.834356845434857E-002
 -1.836212342886293E-002
   1.29000000000000      -1.231475599586987E-005  1.834582137999032E-002
 -1.835813613598614E-002
   1.29500000000000      -1.482653830012300E-005  1.834801808052726E-002
 -1.836284461882737E-002
   1.30000000000000      -1.501324615396607E-005  1.835016106275341E-002
 -1.836517430890735E-002
   1.30500000000000      -1.154759716944461E-005  1.835225244262497E-002
 -1.836380003979442E-002
   1.31000000000000      -1.323936283893776E-005  1.835429115455462E-002
 -1.836753051739354E-002
   1.31500000000000      -1.583757604183846E-005  1.835628022569302E-002
 -1.837211780173489E-002
   1.32000000000000      -1.401584978341323E-005  1.835822069140044E-002
 -1.837223654118380E-002
   1.32500000000000      -2.696122319216982E-005  1.836011425171251E-002
 -1.838707547490469E-002
   1.33000000000000      -1.823543141786751E-005  1.836195928011742E-002
 -1.838019471153525E-002
   1.33500000000000      -6.295117452229794E-006  1.836376493987683E-002
 -1.837006005732908E-002
   1.34000000000000      -1.813232879581472E-005  1.836551800244258E-002
 -1.838365033123840E-002
   1.34500000000000      -1.623106562008277E-005  1.836723104723175E-002
 -1.838346211285181E-002
   1.35000000000000      -1.181053521771895E-005  1.836890356551547E-002
 -1.838071410073311E-002
   1.35500000000000      -1.186965064992412E-005  1.837053405183851E-002
 -1.838240370248843E-002
   1.36000000000000      -1.385246140866189E-005  1.837212400427479E-002
 -1.838597646568340E-002
   1.36500000000000      -1.523048578953896E-005  1.837367532547290E-002
 -1.838890581126245E-002
   1.37000000000000      -1.967919624174630E-005  1.837518884741711E-002
 -1.839486804365889E-002
   1.37500000000000      -7.987891106647876E-006  1.837666893845325E-002
 -1.838465682955990E-002
   1.38000000000000      -1.275346445481175E-005  1.837810571313566E-002
 -1.839085917759043E-002
   1.38500000000000      -7.699809053493282E-006  1.837951371660595E-002
 -1.838721352565952E-002
   1.39000000000000      -1.505706395263023E-005  1.838088051133999E-002
 -1.839593757529262E-002
   1.39500000000000      -2.057875666074330E-005  1.838221656664943E-002
 -1.840279532331023E-002
   1.40000000000000       3.850841653288985E-006  1.838353775302344E-002
 -1.837968691137017E-002
   1.40500000000000      -3.884124011084903E-006  1.838479812000359E-002
 -1.838868224401471E-002
   1.41000000000000      -1.654482756377327E-005  1.838603292309067E-002
 -1.840257775065446E-002
   1.41500000000000      -1.301485313105849E-005  1.838724374546567E-002
 -1.840025859859680E-002
   1.42000000000000      -2.745728375949927E-005  1.838842431137995E-002
 -1.841588159513942E-002
   1.42500000000000      -1.918703029266225E-005  1.838957439296138E-002
 -1.840876142325399E-002
   1.43000000000000      -1.227315597097191E-005  1.839069889823667E-002
 -1.840297205420762E-002
   1.43500000000000      -1.257809780481609E-005  1.839179428987019E-002
 -1.840437238767493E-002
   1.44000000000000       4.490936939581690E-006  1.839287970696986E-002
 -1.838838877003031E-002
   1.44500000000000      -1.367110126800988E-005  1.839390672987982E-002
 -1.840757783114782E-002
   1.45000000000000      -1.682139392198640E-005  1.839492139604459E-002
 -1.841174278996664E-002
   1.45500000000000      -1.512502659578723E-005  1.839591383752872E-002
 -1.841103886412450E-002
   1.46000000000000      -2.042790661986813E-005  1.839688132638271E-002
 -1.841730923300258E-002
   1.46500000000000      -1.379267617534569E-005  1.839782577778750E-002
 -1.841161845396286E-002
   1.47000000000000      -1.235179547219039E-005  1.839874664864500E-002
 -1.841109844411721E-002
   1.47500000000000      -2.014059907006453E-005  1.839964407179047E-002
 -1.841978467086056E-002
   1.48000000000000      -1.399909857669286E-005  1.840052055645191E-002
 -1.841451965502865E-002
   1.48500000000000      -1.239052859071238E-005  1.840137530511680E-002
 -1.841376583370749E-002
   1.49000000000000      -2.022988335552060E-005  1.840220815565593E-002
 -1.842243803901144E-002
   1.49500000000000      -1.699520056990252E-005  1.840302105065126E-002
 -1.842001625122112E-002
   1.50000000000000      -1.490729592935321E-005  1.840381441843979E-002
 -1.841872171436914E-002
   1.50500000000000      -1.722839731269146E-005  1.840458799495867E-002
 -1.842181639227131E-002
   1.51000000000000      -1.351845273643069E-005  1.840534342509844E-002
 -1.841886187783487E-002
   1.51500000000000      -2.799820322017842E-005  1.840607982753336E-002
 -1.843407803075358E-002
   1.52000000000000      -1.048909363832528E-005  1.840680056318604E-002
 -1.841728965682440E-002
   1.52500000000000      -1.844666755823933E-005  1.840749834245682E-002
 -1.842594501001498E-002
   1.53000000000000      -9.670850058804093E-006  1.840818463396663E-002
 -1.841785548402547E-002
   1.53500000000000      -2.675771886535860E-005  1.840884881632758E-002
 -1.843560653519295E-002
   1.54000000000000      -2.345585913047424E-005  1.840949721912272E-002
 -1.843295307825324E-002
   1.54500000000000      -1.620756907461469E-005  1.841013207401316E-002
 -1.842633964308776E-002
   1.55000000000000      -1.545366934542975E-005  1.841075050033635E-002
 -1.842620416968175E-002
   1.55500000000000      -2.055951472196348E-005  1.841135400914732E-002
 -1.843191352386926E-002
   1.56000000000000       2.692111604570425E-006  1.841195973404624E-002
 -1.840926762244173E-002
   1.56500000000000      -1.705070660385361E-005  1.841251885560006E-002
 -1.842956956220390E-002
   1.57000000000000      -1.552706751560353E-005  1.841307729225964E-002
 -1.842860435977529E-002
   1.57500000000000      -1.237958852298831E-005  1.841362437371590E-002
 -1.842600396223889E-002
   1.58000000000000       3.563716605279802E-006  1.841417358664269E-002
 -1.841060987003741E-002
   1.58500000000000      -5.001403060366729E-006  1.841468205382839E-002
 -1.841968345688877E-002
   1.59000000000000      -1.332892352445315E-005  1.841518418800048E-002
 -1.842851311152498E-002
   1.59500000000000      -2.046586208838096E-005  1.841567830319255E-002
 -1.843614416528088E-002
   1.60000000000000      -1.452393658367095E-005  1.841616111442356E-002
 -1.843068505100724E-002
   1.60500000000000      -2.010910001482790E-005  1.841663144893220E-002
 -1.843674054894706E-002
   1.61000000000000      -9.484378887649605E-006  1.841709424080685E-002
 -1.842657861969449E-002
   1.61500000000000      -6.727863645627439E-006  1.841754270660347E-002
 -1.842427057024911E-002
   1.62000000000000      -1.539673029801496E-005  1.841797544790700E-002
 -1.843337217820506E-002
   1.62500000000000      -2.117333749562035E-005  1.841840130636013E-002
 -1.843957464385579E-002
   1.63000000000000      -2.964811783105070E-005  1.841881776541453E-002
 -1.844846588324555E-002
   1.63500000000000      -1.563176321964537E-005  1.841922289813442E-002
 -1.843485466135417E-002
   1.64000000000000      -1.258345505415180E-005  1.841961910335969E-002
 -1.843220255841380E-002
   1.64500000000000      -1.554930223286369E-005  1.842000396985083E-002
 -1.843555327208368E-002
   1.65000000000000      -2.888087505284014E-005  1.842038112419524E-002
 -1.844926199924811E-002
   1.65500000000000      -1.595253440541032E-005  1.842074771808753E-002
 -1.843670025249293E-002
   1.66000000000000      -1.508135666797764E-005  1.842110588976703E-002
 -1.843618724643507E-002
   1.66500000000000      -8.933811187629496E-006  1.842145879622509E-002
 -1.843039260741273E-002
   1.67000000000000      -1.953579927801552E-005  1.842179622681398E-002
 -1.844133202609200E-002
   1.67500000000000      -1.777195658932989E-005  1.842212785271627E-002
 -1.843989980930564E-002
   1.68000000000000      -2.063033443884851E-005  1.842245247303907E-002
 -1.844308280747791E-002
   1.68500000000000      -9.539022207534514E-006  1.842277241678139E-002
 -1.843231143898897E-002
   1.69000000000000      -1.405563896012541E-005  1.842307771659666E-002
 -1.843713335555677E-002
   1.69500000000000      -1.423650833401040E-005  1.842337868909082E-002
 -1.843761519742482E-002
   1.70000000000000      -1.723935603325550E-005  1.842367177970300E-002
 -1.844091113573634E-002
   1.70500000000000      -9.068315674955297E-006  1.842396194056625E-002
 -1.843303025624119E-002
   1.71000000000000      -1.233058421733479E-005  1.842423852197538E-002
 -1.843656910619268E-002
   1.71500000000000      -2.115516975267195E-005  1.842450990872232E-002
 -1.844566507847501E-002
   1.72000000000000      -9.446137924688584E-006  1.842477952317504E-002
 -1.843422566109971E-002
   1.72500000000000      -7.045051187093146E-006  1.842503936809764E-002
 -1.843208441928475E-002
   1.73000000000000      -2.031312786498938E-005  1.842528827113501E-002
 -1.844560139900012E-002
   1.73500000000000      -1.897464380617427E-005  1.842553438744467E-002
 -1.844450903125089E-002
   1.74000000000000      -1.629602372896725E-005  1.842577522265975E-002
 -1.844207124638859E-002
   1.74500000000000      -1.793575378661883E-005  1.842600988491819E-002
 -1.844394563870479E-002
   1.75000000000000      -1.412374388423235E-005  1.842623961178969E-002
 -1.844036335567387E-002
   1.75500000000000      -2.861786156438891E-005  1.842646319964590E-002
 -1.845508106121033E-002
   1.76000000000000      -1.627813089136866E-005  1.842668047481863E-002
 -1.844295860570999E-002
   1.76500000000000      -1.266536024087081E-005  1.842689378938314E-002
 -1.843955914962399E-002
   1.77000000000000      -1.679767223207615E-005  1.842710004174609E-002
 -1.844389771397822E-002
   1.77500000000000      -1.652504257362415E-005  1.842730226924895E-002
 -1.844382731182254E-002
   1.78000000000000      -1.389130707338296E-005  1.842750018340514E-002
 -1.844139149047852E-002
   1.78500000000000      -1.542652665319791E-005  1.842769211012134E-002
 -1.844311863677455E-002
   1.79000000000000      -1.396853626361384E-005  1.842788033217335E-002
 -1.844184886843699E-002
   1.79500000000000      -1.541219281243651E-005  1.842806287618603E-002
 -1.844347506899843E-002
   1.80000000000000      -1.398225127902046E-005  1.842824203408617E-002
 -1.844222428536517E-002
   1.80500000000000      -1.751355246862962E-005  1.842841566925068E-002
 -1.844592922171924E-002
   1.81000000000000      -1.436199983622962E-005  1.842858619659083E-002
 -1.844294819642703E-002
   1.81500000000000      -8.183082775213239E-006  1.842875535555497E-002
 -1.843693843833028E-002
   1.82000000000000      -1.281637046021068E-005  1.842891414709097E-002
 -1.844173051755112E-002
   1.82500000000000      -2.117647538007563E-005  1.842907084281386E-002
 -1.845024731819400E-002
   1.83000000000000      -9.619968003973320E-006  1.842922853547237E-002
 -1.843884850347639E-002
   1.83500000000000      -1.961400008707426E-005  1.842937536599405E-002
 -1.844898936608111E-002
   1.84000000000000      -1.014302079285684E-005  1.842952493605334E-002
 -1.843966795684617E-002
   1.84500000000000      -1.621375621721092E-005  1.842966451005607E-002
 -1.844587826627326E-002
   1.85000000000000      -3.010277942678583E-005  1.842980406019511E-002
 -1.845990683962193E-002
   1.85500000000000      -2.316770971555180E-005  1.842993898768169E-002
 -1.845310669739722E-002
   1.86000000000000      -1.671380378115744E-005  1.843007195663106E-002
 -1.844678576041217E-002
   1.86500000000000      -1.393581544301029E-005  1.843020178690582E-002
 -1.844413760234877E-002
   1.87000000000000      -8.384233111516848E-006  1.843033128068533E-002
 -1.843871551379684E-002
   1.87500000000000      -2.805813483060191E-005  1.843045152798207E-002
 -1.845850966281265E-002
   1.88000000000000      -2.387204401399404E-005  1.843056990088052E-002
 -1.845444194489451E-002
   1.88500000000000      -1.799606265073111E-005  1.843068752682535E-002
 -1.844868358947611E-002
   1.89000000000000      -2.156124732169258E-005  1.843080160549296E-002
 -1.845236285281468E-002
   1.89500000000000      -1.767591713932464E-005  1.843091288768530E-002
 -1.844858880482461E-002
   1.90000000000000      -1.384678779619372E-005  1.843102235946947E-002
 -1.844486914726571E-002
   1.90500000000000      -1.364282078022546E-005  1.843112838731580E-002
 -1.844477120809603E-002
   1.91000000000000      -1.774355743172780E-005  1.843123106467329E-002
 -1.844897462210504E-002
   1.91500000000000      -1.439676045977698E-005  1.843133256151804E-002
 -1.844572932197782E-002
   1.92000000000000      -1.347388393800766E-005  1.843143105077530E-002
 -1.844490493471340E-002
   1.92500000000000      -8.589436253144710E-006  1.843153021054269E-002
 -1.844011964679579E-002
   1.93000000000000      -1.681507185578535E-005  1.843162026779240E-002
 -1.844843533964821E-002
   1.93500000000000      -1.472271615024292E-005  1.843171177162873E-002
 -1.844643448777892E-002
   1.94000000000000      -1.741131395136847E-005  1.843180038613615E-002
 -1.844921170008756E-002
   1.94500000000000      -2.978958452753925E-005  1.843188794145010E-002
 -1.846167752597766E-002
   1.95000000000000       9.038043775540987E-007  1.843198886697608E-002
 -1.843108506259858E-002
   1.95500000000000      -1.402498482622423E-005  1.843205678094854E-002
 -1.844608176577468E-002
   1.96000000000000      -1.046893400816315E-005  1.843213884574057E-002
 -1.844260777974879E-002
   1.96500000000000      -1.411290042738565E-005  1.843221471147511E-002
 -1.844632761190241E-002
   1.97000000000000      -1.651246777280563E-005  1.843229064678800E-002
 -1.844880311456076E-002
   1.97500000000000      -1.781465836552790E-005  1.843236560259624E-002
 -1.845018026096179E-002
   1.98000000000000      -1.441884525598174E-005  1.843243920216518E-002
 -1.844685804742113E-002
   1.98500000000000      -1.350820683485881E-005  1.843251057287787E-002
 -1.844601877971276E-002
   1.99000000000000      -1.784221660618429E-005  1.843257924696277E-002
 -1.845042146356896E-002
   1.99500000000000      -1.844710459539965E-005  1.843264691083639E-002
 -1.845109401543185E-002
   2.00000000000000      -9.022744033276104E-006  1.843271707006267E-002
 -1.844173981409598E-002
   2.00500000000000      -1.522884927818453E-005  1.843277804762441E-002
 -1.844800689690260E-002
   2.01000000000000      -2.181634245559157E-005  1.843284050324150E-002
 -1.845465684569709E-002
   2.01500000000000      -1.475414236276834E-005  1.843290253406869E-002
 -1.844765667643148E-002
   2.02000000000000      -2.068799699257000E-005  1.843296193929377E-002
 -1.845364993628630E-002
   2.02500000000000      -1.706359247753505E-005  1.843302007278303E-002
 -1.845008366526061E-002
   2.03000000000000      -8.435695770781011E-006  1.843308106772298E-002
 -1.844151676349370E-002
   2.03500000000000      -1.290192541547626E-005  1.843313379447264E-002
 -1.844603571988817E-002
   2.04000000000000      -2.930366488105830E-005  1.843318775386597E-002
 -1.846249141874708E-002
   2.04500000000000      -2.356620695597621E-005  1.843323946023875E-002
 -1.845680566719473E-002
   2.05000000000000      -2.144109065200208E-005  1.843329156650557E-002
 -1.845473265715756E-002
   2.05500000000000      -9.694410972731128E-006  1.843334545813055E-002
 -1.844303986910329E-002
   2.06000000000000      -2.774113606208353E-005  1.843339200698831E-002
 -1.846113314305038E-002
   2.06500000000000      -1.165247029176818E-005  1.843344202355186E-002
 -1.844509449384365E-002
   2.07000000000000      -1.184972867043640E-005  1.843348672805531E-002
 -1.844533645672570E-002
   2.07500000000000      -2.168251620121472E-005  1.843353079928796E-002
 -1.845521331548916E-002
   2.08000000000000      -1.482458101934202E-005  1.843357591226355E-002
 -1.844840049328294E-002
   2.08500000000000      -2.867679708589552E-005  1.843361951205687E-002
 -1.846229630914275E-002
   2.09000000000000      -3.177693048483856E-005  1.843366128163380E-002
 -1.846543821211869E-002
   2.09500000000000      -1.031103842343365E-005  1.843370591774751E-002
 -1.844401695617099E-002
   2.10000000000000      -1.632956514270322E-005  1.843374295048441E-002
 -1.845007251562707E-002
   2.10500000000000      -1.899655679430979E-005  1.843378140268344E-002
 -1.845277795947767E-002
   2.11000000000000      -2.134491733490271E-005  1.843381993858155E-002
 -1.845516485591652E-002
   2.11500000000000      -9.744194479813212E-006  1.843386100032510E-002
 -1.844360519480490E-002
   2.12000000000000      -1.502876686928502E-005  1.843389400779247E-002
 -1.844892277466184E-002
   2.12500000000000       2.359817081333968E-006  1.843394625261117E-002
 -1.843158643552980E-002
   2.13000000000000      -1.309611490835208E-005  1.843396562973066E-002
 -1.844706174463897E-002
   2.13500000000000      -2.257702371104007E-005  1.843399729929650E-002
 -1.845657432300758E-002
   2.14000000000000      -1.648003588946533E-005  1.843403074715073E-002
 -1.845051078304022E-002
   2.14500000000000      -8.671560780204911E-006  1.843406668662653E-002
 -1.844273824740674E-002
   2.15000000000000      -1.688377519107025E-005  1.843409447221156E-002
 -1.845097824740265E-002
   2.15500000000000      -1.882813746729934E-005  1.843412451698515E-002
 -1.845295265445246E-002
   2.16000000000000      -8.958858901366032E-006  1.843415850804233E-002
 -1.844311736694372E-002
   2.16500000000000      -2.002746969834928E-005  1.843418412311865E-002
 -1.845421159281700E-002
   2.17000000000000      -3.064786663908440E-005  1.843421272031560E-002
 -1.846486058695474E-002
   2.17500000000000      -2.315872328634155E-005  1.843423953978734E-002
 -1.845739826307366E-002
   2.18000000000000      -1.628040007287946E-005  1.843426698988561E-002
 -1.845054738995853E-002
   2.18500000000000      -1.394028393212995E-005  1.843429386547886E-002
 -1.844823414941094E-002
   2.19000000000000      -1.666810195255835E-005  1.843431890845786E-002
 -1.845098701041041E-002
   2.19500000000000      -1.431670339387066E-005  1.843434460795304E-002
 -1.844866131134700E-002
   2.20000000000000      -2.088722149603460E-005  1.843436852296589E-002
 -1.845525574446192E-002
   2.20500000000000      -2.238276505327028E-005  1.843439216089804E-002
 -1.845677492595138E-002
   2.21000000000000      -1.864602993886333E-005  1.843441547412834E-002
 -1.845306150406728E-002
   2.21500000000000      -1.615686071142687E-005  1.843443835188049E-002
 -1.845059521259193E-002
   2.22000000000000      -1.653234192860256E-005  1.843446039581693E-002
 -1.845099273774548E-002
   2.22500000000000      -2.144414942211160E-005  1.843448206125429E-002
 -1.845592621067646E-002
   2.23000000000000       2.069475600181616E-006  1.843452028044803E-002
 -1.843245080484793E-002
   2.23500000000000      -5.306856743904354E-006  1.843452960597537E-002
 -1.843983646271924E-002
   2.24000000000000      -8.811248447692386E-006  1.843454780048396E-002
 -1.844335904893163E-002
   2.24500000000000      -2.009275354426178E-005  1.843456397791829E-002
 -1.845465673146261E-002
   2.25000000000000      -1.018909170139576E-005  1.843458621128841E-002
 -1.844477530298988E-002
   2.25500000000000      -1.237684546822414E-005  1.843460236719020E-002
 -1.844697921265841E-002
   2.26000000000000      -2.953286568665153E-005  1.843462008091710E-002
 -1.846415294660383E-002
   2.26500000000000      -3.153221216236869E-005  1.843463746796964E-002
 -1.846616968013204E-002
   2.27000000000000      -1.043335372755826E-005  1.843465809660344E-002
 -1.844509145033099E-002
   2.27500000000000      -7.107615522834093E-006  1.843467569829563E-002
 -1.844178331381852E-002
   2.28000000000000      -1.743206872600269E-005  1.843468787744472E-002
 -1.845211994617068E-002
   2.28500000000000      -1.463601780582254E-005  1.843470429529077E-002
 -1.844934031309657E-002
   2.29000000000000      -2.877993456307500E-005  1.843472022200131E-002
 -1.846350015656446E-002
   2.29500000000000      -1.847602200333503E-005  1.843473414701452E-002
 -1.845321016901793E-002
   2.30000000000000      -1.322717802753357E-005  1.843475037157194E-002
 -1.844797754959946E-002
   2.30500000000000      -1.802617370799360E-005  1.843476385378777E-002
 -1.845279002749575E-002
   2.31000000000000      -1.847457698226453E-005  1.843477800891412E-002
 -1.845325258589634E-002
   2.31500000000000      -1.429325732299992E-005  1.843479252538074E-002
 -1.844908578270380E-002
   2.32000000000000      -1.767275416122261E-005  1.843480537087571E-002
 -1.845247812503696E-002
   2.32500000000000      -2.183331701188579E-005  1.843481844878518E-002
 -1.845665176579702E-002
   2.33000000000000      -9.625319537642746E-006  1.843483519562813E-002
 -1.844446051516576E-002
   2.33500000000000      -1.659924368725529E-005  1.843484428798646E-002
 -1.845144353167372E-002
   2.34000000000000      -3.017903357437148E-005  1.843485674938754E-002
 -1.846503578296195E-002
   2.34500000000000      -1.869646043107440E-005  1.843486763557671E-002
 -1.845356409600774E-002
   2.35000000000000       3.505272117558948E-006  1.843489714129368E-002
 -1.843139186917611E-002
   2.35500000000000      -1.822469748002138E-005  1.843489284787499E-002
 -1.845311754535501E-002
   2.36000000000000      -1.601490260992979E-005  1.843490230550845E-002
 -1.845091720811836E-002
   2.36500000000000      -7.883504784776679E-006  1.843491701364482E-002
 -1.844280051842959E-002
   2.37000000000000      -7.967743959349956E-006  1.843492765316753E-002
 -1.844289539712693E-002
   2.37500000000000      -2.039458688449691E-005  1.843493400708213E-002
 -1.845532859396658E-002
   2.38000000000000      -1.010324658213159E-005  1.843494733504263E-002
 -1.844505058162487E-002
   2.38500000000000      -1.967648851489835E-005  1.843495388853181E-002
 -1.845463037704678E-002
   2.39000000000000      -1.747448472942544E-005  1.843496270169081E-002
 -1.845243718642027E-002
   2.39500000000000      -1.760224360218448E-005  1.843497217685813E-002
 -1.845257442046030E-002
   2.40000000000000      -1.862063019152751E-005  1.843498103588553E-002
 -1.845360166607707E-002
   2.40500000000000      -2.152142246940038E-005  1.843498999828886E-002
 -1.845651142075832E-002
   2.41000000000000      -4.698947731196139E-005  1.843500361955016E-002
 -1.848199309686221E-002
   2.41500000000000      -1.381101862634074E-005  1.843500979820271E-002
 -1.844882081682905E-002
   2.42000000000000      -1.846319387476826E-005  1.843501680641049E-002
 -1.845348000028525E-002
   2.42500000000000      -1.787949063181773E-005  1.843502300665003E-002
 -1.845290249728181E-002
   2.43000000000000      -1.537309934171301E-005  1.843503138750050E-002
 -1.845040448684222E-002
   2.43500000000000      -9.078632263856137E-006  1.843504255910356E-002
 -1.844412119136745E-002
   2.44000000000000      -1.569435301992079E-005  1.843504654163884E-002
 -1.845074089465884E-002
   2.44500000000000      -1.760105891121296E-005  1.843505317486140E-002
 -1.845265423377262E-002
   2.45000000000000      -1.403588401602723E-005  1.843506107509066E-002
 -1.844909695910665E-002
   2.45500000000000      -1.776972228633732E-005  1.843506728302437E-002
 -1.845283700531063E-002
   2.46000000000000      -1.857116718648049E-005  1.843507386573552E-002
 -1.845364503292201E-002
   2.46500000000000      -1.620707879289881E-005  1.843508052980346E-002
 -1.845128760859633E-002
   2.47000000000000      -1.802913829271741E-005  1.843508686000902E-002
 -1.845311599830169E-002
   2.47500000000000      -2.172558709735248E-005  1.843509316392615E-002
 -1.845681875102348E-002
   2.48000000000000      -1.778763792378328E-005  1.843509909828829E-002
 -1.845288673621207E-002
   2.48500000000000      -1.690199793654061E-005  1.843510514645323E-002
 -1.845200714438972E-002
   2.49000000000000      -1.719817368923242E-005  1.843511090668199E-002
 -1.845230908037113E-002
   2.49500000000000      -1.820591563861768E-005  1.843511656562792E-002
 -1.845332248126658E-002
   2.50000000000000      -2.166701126432158E-005  1.843512215364894E-002
 -1.845678916491323E-002
