  5.000000000000000E-003 -1.197009334619853E-002
  1.000000000000000E-002 -2.369746505484193E-002
  1.500000000000000E-002 -3.519200565301046E-002
  2.000000000000000E-002 -4.878750925596846E-002
  2.500000000000000E-002 -6.039395579839301E-002
  3.000000000000000E-002 -7.199716264657577E-002
  3.500000000000000E-002 -8.314616090646601E-002
  4.000000000000000E-002 -9.421174858087787E-002
  4.500000000000000E-002 -0.105334787710433     
  5.000000000000000E-002 -0.115811504127115     
  5.500000000000000E-002 -0.126401819792703     
  6.000000000000000E-002 -0.136593603179393     
  6.500000000000000E-002 -0.146710544316912     
  7.000000000000001E-002 -0.156400874009993     
  7.500000000000000E-002 -0.166095899041006     
  8.000000000000000E-002 -0.175206536159182     
  8.500000000000001E-002 -0.184390265666531     
  9.000000000000000E-002 -0.192952595627897     
  9.500000000000000E-002 -0.201422396440153     
  0.100000000000000      -0.209449182575893     
  0.105000000000000      -0.217209332232868     
  0.110000000000000      -0.224659897170653     
  0.115000000000000      -0.231767495122326     
  0.120000000000000      -0.238524540294052     
  0.125000000000000      -0.244979328081579     
  0.130000000000000      -0.251204778512561     
  0.135000000000000      -0.256978830079582     
  0.140000000000000      -0.262527959249095     
  0.145000000000000      -0.267791083143042     
  0.150000000000000      -0.272736096600318     
  0.155000000000000      -0.277442747187983     
  0.160000000000000      -0.281874318818609     
  0.165000000000000      -0.286052979697445     
  0.170000000000000      -0.290006514536798     
  0.175000000000000      -0.293705338765729     
  0.180000000000000      -0.297201891454046     
  0.185000000000000      -0.300498369043877     
  0.190000000000000      -0.303595631390052     
  0.195000000000000      -0.306509348853572     
  0.200000000000000      -0.309240207586873     
  0.205000000000000      -0.311822639958579     
  0.210000000000000      -0.314255099761007     
  0.215000000000000      -0.316503074671330     
  0.220000000000000      -0.318643682810060     
  0.225000000000000      -0.320637565249784     
  0.230000000000000      -0.322516590833475     
  0.235000000000000      -0.324324757865508     
  0.240000000000000      -0.325914928007124     
  0.245000000000000      -0.327514092862482     
  0.250000000000000      -0.328950428126789     
  0.255000000000000      -0.330361559543203     
  0.260000000000000      -0.331618820014953     
  0.265000000000000      -0.332834223360984     
  0.270000000000000      -0.333984585977978     
  0.275000000000000      -0.335014940782718     
  0.280000000000000      -0.336045358173664     
  0.285000000000000      -0.336981757236978     
  0.290000000000000      -0.337853824835968     
  0.295000000000000      -0.338697185853142     
  0.300000000000000      -0.339471209621049     
  0.305000000000000      -0.340203731642279     
  0.310000000000000      -0.340885716634023     
  0.315000000000000      -0.341539490924418     
  0.320000000000000      -0.342121707449887     
  0.325000000000000      -0.342720928633922     
  0.330000000000000      -0.343263641082795     
  0.335000000000000      -0.343750119471441     
  0.340000000000000      -0.344233321605158     
  0.345000000000000      -0.344683430694293     
  0.350000000000000      -0.345082698349117     
  0.355000000000000      -0.345495273344075     
  0.360000000000000      -0.345859635801357     
  0.365000000000000      -0.346203286121540     
  0.370000000000000      -0.346549068073497     
  0.375000000000000      -0.346855745663473     
  0.380000000000000      -0.347125131347663     
  0.385000000000000      -0.347422132325461     
  0.390000000000000      -0.347662804048255     
  0.395000000000000      -0.347929356303787     
  0.400000000000000      -0.348136891646616     
  0.405000000000000      -0.348364942979004     
  0.410000000000000      -0.348550319186651     
  0.415000000000000      -0.348758117986604     
  0.420000000000000      -0.348936897440799     
  0.425000000000000      -0.349104589151439     
  0.430000000000000      -0.349264593639663     
  0.435000000000000      -0.349407231810100     
  0.440000000000000      -0.349564767782589     
  0.445000000000000      -0.349688720074416     
  0.450000000000000      -0.349814358287272     
  0.455000000000000      -0.349932147233932     
  0.460000000000000      -0.350053018085629     
  0.465000000000000      -0.350155502099686     
  0.470000000000000      -0.350252549578545     
  0.475000000000000      -0.350343723365373     
  0.480000000000000      -0.350443626193861     
  0.485000000000000      -0.350510632038923     
  0.490000000000000      -0.350601558505003     
  0.495000000000000      -0.350674456012889     
  0.500000000000000      -0.350740302821437     
  0.505000000000000      -0.350814239891977     
  0.510000000000000      -0.350870441907916     
  0.515000000000000      -0.350934218939011     
  0.520000000000000      -0.350979176959433     
  0.525000000000000      -0.351054228675546     
  0.530000000000000      -0.351058520432727     
  0.535000000000000      -0.351161186167259     
  0.540000000000000      -0.351171244583220     
  0.545000000000000      -0.351223218334344     
  0.550000000000000      -0.351258561677390     
  0.555000000000000      -0.351302467050421     
  0.560000000000000      -0.351327808626932     
  0.565000000000000      -0.351374324588109     
  0.570000000000000      -0.351375577602810     
  0.575000000000000      -0.351446962740965     
  0.580000000000000      -0.351450912367030     
  0.585000000000000      -0.351479727812071     
  0.590000000000000      -0.351509245697796     
  0.595000000000000      -0.351527349443698     
  0.600000000000000      -0.351546635746255     
  0.605000000000000      -0.351580784773695     
  0.610000000000000      -0.351588947682910     
  0.615000000000000      -0.351623001725985     
  0.620000000000000      -0.351614756294783     
  0.625000000000000      -0.351651360887749     
  0.630000000000000      -0.351651350834056     
  0.635000000000000      -0.351685040640598     
  0.640000000000000      -0.351685424756819     
  0.645000000000000      -0.351706581362236     
  0.650000000000000      -0.351716908502825     
  0.655000000000000      -0.351727435530932     
  0.660000000000000      -0.351737749463580     
  0.665000000000000      -0.351747578946177     
  0.670000000000000      -0.351762642851706     
  0.675000000000000      -0.351768295947986     
  0.680000000000000      -0.351779173486191     
  0.685000000000000      -0.351782264416455     
  0.690000000000000      -0.351797400958083     
  0.695000000000000      -0.351802963468560     
  0.700000000000000      -0.351800899403164     
  0.705000000000000      -0.351824784845679     
  0.710000000000000      -0.351819657345527     
  0.715000000000000      -0.351829989337889     
  0.720000000000000      -0.351835907038641     
  0.725000000000000      -0.351833860975590     
  0.730000000000000      -0.351846692342072     
  0.735000000000000      -0.351847797195578     
  0.740000000000000      -0.351855218702200     
  0.745000000000000      -0.351854768854738     
  0.750000000000000      -0.351875498454051     
  0.755000000000000      -0.351850733373960     
  0.760000000000000      -0.351874605066209     
  0.765000000000000      -0.351873368406137     
  0.770000000000000      -0.351876124120844     
  0.775000000000000      -0.351879368655914     
  0.780000000000000      -0.351882226715192     
  0.785000000000000      -0.351884015280444     
  0.790000000000000      -0.351885210281571     
  0.795000000000000      -0.351893584524206     
  0.800000000000000      -0.351888511878792     
  0.805000000000000      -0.351899609652024     
  0.810000000000000      -0.351891334846692     
  0.815000000000000      -0.351902115005898     
  0.820000000000000      -0.351899968267508     
  0.825000000000000      -0.351900304964641     
  0.830000000000000      -0.351904673413667     
  0.835000000000000      -0.351901301532086     
  0.840000000000000      -0.351914223571093     
  0.845000000000000      -0.351900428367395     
  0.850000000000000      -0.351920307383900     
  0.855000000000000      -0.351905610405362     
  0.860000000000000      -0.351914189950070     
  0.865000000000000      -0.351914929307376     
  0.870000000000000      -0.351912045920135     
  0.875000000000000      -0.351921135108347     
  0.880000000000000      -0.351908400977459     
  0.885000000000000      -0.351923917120371     
  0.890000000000000      -0.351916236761749     
  0.895000000000000      -0.351919912961043     
  0.900000000000000      -0.351918770579694     
  0.905000000000000      -0.351905849255704     
  0.910000000000000      -0.351942649567857     
  0.915000000000000      -0.351915050116047     
  0.920000000000000      -0.351921395345555     
  0.925000000000000      -0.351926002889577     
  0.930000000000000      -0.351922464454627     
  0.935000000000000      -0.351929623750378     
  0.940000000000000      -0.351916923801337     
  0.945000000000000      -0.351929779357081     
  0.950000000000000      -0.351925546365438     
  0.955000000000000      -0.351930103851021     
  0.960000000000000      -0.351921911005050     
  0.965000000000000      -0.351929777734729     
  0.970000000000000      -0.351922988364332     
  0.975000000000000      -0.351933119008552     
  0.980000000000000      -0.351922818165933     
  0.985000000000000      -0.351926325352449     
  0.990000000000000      -0.351933676566712     
  0.995000000000000      -0.351933890373392     
   1.00000000000000      -0.351924248567966     
   1.00500000000000      -0.351930371899700     
   1.01000000000000      -0.351930802110344     
   1.01500000000000      -0.351933530689669     
   1.02000000000000      -0.351922989518782     
   1.02500000000000      -0.351936798066272     
   1.03000000000000      -0.351928790962491     
   1.03500000000000      -0.351928030333260     
   1.04000000000000      -0.351938548919402     
   1.04500000000000      -0.351926323718073     
   1.05000000000000      -0.351931940712135     
   1.05500000000000      -0.351930882299055     
   1.06000000000000      -0.351932168689167     
   1.06500000000000      -0.351933981688020     
   1.07000000000000      -0.351934148799936     
   1.07500000000000      -0.351927525813721     
   1.08000000000000      -0.351935505097772     
   1.08500000000000      -0.351927831798670     
   1.09000000000000      -0.351934234832982     
   1.09500000000000      -0.351933894745355     
   1.10000000000000      -0.351937186525969     
   1.10500000000000      -0.351927620421049     
   1.11000000000000      -0.351936150955776     
   1.11500000000000      -0.351932141211561     
   1.12000000000000      -0.351929906939922     
   1.12500000000000      -0.351936098662319     
   1.13000000000000      -0.351926806009187     
   1.13500000000000      -0.351939747214639     
   1.14000000000000      -0.351933122715796     
   1.14500000000000      -0.351933787975755     
   1.15000000000000      -0.351935700047997     
   1.15500000000000      -0.351931059954123     
   1.16000000000000      -0.351936778198224     
   1.16500000000000      -0.351929217262165     
   1.17000000000000      -0.351937147439665     
   1.17500000000000      -0.351933995646753     
   1.18000000000000      -0.351927299815043     
   1.18500000000000      -0.351944080660987     
   1.19000000000000      -0.351929847600824     
   1.19500000000000      -0.351935627506996     
   1.20000000000000      -0.351927009994995     
   1.20500000000000      -0.351936693989410     
   1.21000000000000      -0.351937557914313     
   1.21500000000000      -0.351935985959482     
   1.22000000000000      -0.351932791488253     
   1.22500000000000      -0.351939648218137     
   1.23000000000000      -0.351928614054908     
   1.23500000000000      -0.351934248280955     
   1.24000000000000      -0.351930576403574     
   1.24500000000000      -0.351943607571990     
   1.25000000000000      -0.351927896057237     
   1.25500000000000      -0.351939060428487     
   1.26000000000000      -0.351933170321499     
   1.26500000000000      -0.351934610881129     
   1.27000000000000      -0.351934724180656     
   1.27500000000000      -0.351935278237312     
   1.28000000000000      -0.351935071662625     
   1.28500000000000      -0.351931959918672     
   1.29000000000000      -0.351939417860508     
   1.29500000000000      -0.351931233585533     
   1.30000000000000      -0.351936591627089     
   1.30500000000000      -0.351935756387433     
   1.31000000000000      -0.351933593814014     
   1.31500000000000      -0.351934256974203     
   1.32000000000000      -0.351936189599387     
   1.32500000000000      -0.351927754651835     
   1.33000000000000      -0.351943022032603     
   1.33500000000000      -0.351936948670618     
   1.34000000000000      -0.351928000734493     
   1.34500000000000      -0.351939517461991     
   1.35000000000000      -0.351934981411792     
   1.35500000000000      -0.351935029158729     
   1.36000000000000      -0.351934050882802     
   1.36500000000000      -0.351934871810029     
   1.37000000000000      -0.351932919456641     
   1.37500000000000      -0.351942102337408     
   1.38000000000000      -0.351929133816454     
   1.38500000000000      -0.351940690537041     
   1.39000000000000      -0.351928568750203     
   1.39500000000000      -0.351935654633786     
   1.40000000000000      -0.351947234567042     
   1.40500000000000      -0.351925124782417     
   1.41000000000000      -0.351933822388579     
   1.41500000000000      -0.351937642419158     
   1.42000000000000      -0.351926611769666     
   1.42500000000000      -0.351943713401018     
   1.43000000000000      -0.351934385902321     
   1.43500000000000      -0.351935461078762     
   1.44000000000000      -0.351943710937440     
   1.44500000000000      -0.351921733703033     
   1.45000000000000      -0.351940461478032     
   1.45500000000000      -0.351933446131386     
   1.46000000000000      -0.351933462186299     
   1.46500000000000      -0.351939516050523     
   1.47000000000000      -0.351933824739604     
   1.47500000000000      -0.351932040661401     
   1.48000000000000      -0.351940015805870     
   1.48500000000000      -0.351933685002375     
   1.49000000000000      -0.351932113703260     
   1.49500000000000      -0.351938531883412     
   1.50000000000000      -0.351934707687524     
   1.50500000000000      -0.351934417128956     
   1.51000000000000      -0.351937632035026     
   1.51500000000000      -0.351926793317627     
   1.52000000000000      -0.351948490933866     
   1.52500000000000      -0.351924612775612     
   1.53000000000000      -0.351945191788187     
   1.53500000000000      -0.351921674449171     
   1.54000000000000      -0.351943915013629     
   1.54500000000000      -0.351934664109956     
   1.55000000000000      -0.351936064250206     
   1.55500000000000      -0.351932390362438     
   1.56000000000000      -0.351948607669351     
   1.56500000000000      -0.351918650632002     
   1.57000000000000      -0.351944587279175     
   1.57500000000000      -0.351932280333534     
   1.58000000000000      -0.351944980736133     
   1.58500000000000      -0.351926173535008     
   1.59000000000000      -0.351935805933017     
   1.59500000000000      -0.351931537631072     
   1.60000000000000      -0.351940334118690     
   1.60500000000000      -0.351930037050177     
   1.61000000000000      -0.351943474040717     
   1.61500000000000      -0.351932682951024     
   1.62000000000000      -0.351932368761702     
   1.62500000000000      -0.351933994528212     
   1.63000000000000      -0.351931813061330     
   1.63500000000000      -0.351944308439525     
   1.64000000000000      -0.351932432250994     
   1.64500000000000      -0.351935403352619     
   1.65000000000000      -0.351928652618756     
   1.65500000000000      -0.351945374158009     
   1.66000000000000      -0.351930803323273     
   1.66500000000000      -0.351940858894755     
   1.67000000000000      -0.351927283749370     
   1.67500000000000      -0.351940431350670     
   1.68000000000000      -0.351931428683742     
   1.68500000000000      -0.351943061751889     
   1.69000000000000      -0.351929264918705     
   1.69500000000000      -0.351938453749914     
   1.70000000000000      -0.351932369319791     
   1.70500000000000      -0.351941117799192     
   1.71000000000000      -0.351930897025335     
   1.71500000000000      -0.351933255876361     
   1.72000000000000      -0.351942469420350     
   1.72500000000000      -0.351933086620260     
   1.73000000000000      -0.351929905224971     
   1.73500000000000      -0.351938920651170     
   1.74000000000000      -0.351935035494014     
   1.74500000000000      -0.351934815617272     
   1.75000000000000      -0.351937695247348     
   1.75500000000000      -0.351926961171565     
   1.76000000000000      -0.351945992783766     
   1.76500000000000      -0.351931936835089     
   1.77000000000000      -0.351935133055755     
   1.77500000000000      -0.351935750766847     
   1.78000000000000      -0.351936634822431     
   1.78500000000000      -0.351934075754375     
   1.79000000000000      -0.351936891762356     
   1.79500000000000      -0.351933995507859     
   1.80000000000000      -0.351936921775004     
   1.80500000000000      -0.351932924425644     
   1.81000000000000      -0.351938342189956     
   1.81500000000000      -0.351937126114631     
   1.82000000000000      -0.351932272007112     
   1.82500000000000      -0.351932839141072     
   1.83000000000000      -0.351942647352578     
   1.83500000000000      -0.351926759647115     
   1.84000000000000      -0.351944673130352     
   1.84500000000000      -0.351927724542251     
   1.85000000000000      -0.351932355269597     
   1.85500000000000      -0.351940550299017     
   1.86000000000000      -0.351936167258016     
   1.86500000000000      -0.351936522625181     
   1.87000000000000      -0.351937746659521     
   1.87500000000000      -0.351924352706502     
   1.88000000000000      -0.351943218164078     
   1.88500000000000      -0.351934527498505     
   1.89000000000000      -0.351934144586490     
   1.89500000000000      -0.351938116536916     
   1.90000000000000      -0.351936076922689     
   1.90500000000000      -0.351935272968808     
   1.91000000000000      -0.351933498909598     
   1.91500000000000      -0.351938176433723     
   1.92000000000000      -0.351934575778009     
   1.92500000000000      -0.351938406528462     
   1.93000000000000      -0.351929827017730     
   1.93500000000000      -0.351939404131246     
   1.94000000000000      -0.351932125892099     
   1.94500000000000      -0.351930911180402     
   1.95000000000000      -0.351953319718473     
   1.95500000000000      -0.351918898668007     
   1.96000000000000      -0.351945677632509     
   1.96500000000000      -0.351928473283095     
   1.97000000000000      -0.351937817020013     
   1.97500000000000      -0.351933639453813     
   1.98000000000000      -0.351938140507201     
   1.98500000000000      -0.351934598235775     
   1.99000000000000      -0.351933735606915     
   1.99500000000000      -0.351936064992547     
   2.00000000000000      -0.351939965082457     
   2.00500000000000      -0.351930072258870     
   2.01000000000000      -0.351934889318793     
   2.01500000000000      -0.351939369096924     
   2.02000000000000      -0.351930509880077     
   2.02500000000000      -0.351939847529937     
   2.03000000000000      -0.351937646357689     
   2.03500000000000      -0.351932133366591     
   2.04000000000000      -0.351928877620351     
   2.04500000000000      -0.351941738013881     
   2.05000000000000      -0.351933401004023     
   2.05500000000000      -0.351942496982032     
   2.06000000000000      -0.351922797945634     
   2.06500000000000      -0.351950063494777     
   2.07000000000000      -0.351928010203359     
   2.07500000000000      -0.351934294681920     
   2.08000000000000      -0.351939574239268     
   2.08500000000000      -0.351926403393788     
   2.09000000000000      -0.351938521317239     
   2.09500000000000      -0.351944826177774     
   2.10000000000000      -0.351927714219867     
   2.10500000000000      -0.351938081018843     
   2.11000000000000      -0.351932990471678     
   2.11500000000000      -0.351942636510116     
   2.12000000000000      -0.351929196448674     
   2.12500000000000      -0.351947472512155     
   2.13000000000000      -0.351921611289902     
   2.13500000000000      -0.351937715322364     
   2.14000000000000      -0.351937460821883     
   2.14500000000000      -0.351938449304470     
   2.15000000000000      -0.351929836025539     
   2.15500000000000      -0.351937375408390     
   2.16000000000000      -0.351939540484082     
   2.16500000000000      -0.351927835283134     
   2.17000000000000      -0.351933997043310     
   2.17500000000000      -0.351940040127552     
   2.18000000000000      -0.351936680921792     
   2.18500000000000      -0.351936078885279     
   2.19000000000000      -0.351933816180058     
   2.19500000000000      -0.351937539259299     
   2.20000000000000      -0.351931127859806     
   2.20500000000000      -0.351936951344804     
   2.21000000000000      -0.351936651306457     
   2.21500000000000      -0.351936173483165     
   2.22000000000000      -0.351934961843393     
   2.22500000000000      -0.351933277134620     
   2.23000000000000      -0.351948515513997     
   2.23500000000000      -0.351925178987083     
   2.24000000000000      -0.351938941834259     
   2.24500000000000      -0.351928036741958     
   2.25000000000000      -0.351944293301851     
   2.25500000000000      -0.351929933602732     
   2.26000000000000      -0.351929624074246     
   2.26500000000000      -0.351937456536951     
   2.27000000000000      -0.351945188892931     
   2.27500000000000      -0.351932272834633     
   2.28000000000000      -0.351931899843318     
   2.28500000000000      -0.351938739687851     
   2.29000000000000      -0.351926689161945     
   2.29500000000000      -0.351945176940057     
   2.30000000000000      -0.351933255541904     
   2.30500000000000      -0.351934200210063     
   2.31000000000000      -0.351935929565819     
   2.31500000000000      -0.351937399868882     
   2.32000000000000      -0.351932820053339     
   2.32500000000000      -0.351934747828051     
   2.33000000000000      -0.351942062868247     
   2.33500000000000      -0.351928638808423     
   2.34000000000000      -0.351932096758459     
   2.34500000000000      -0.351943033564121     
   2.35000000000000      -0.351942912350390     
   2.35500000000000      -0.351920749254362     
   2.36000000000000      -0.351944088138039     
   2.36500000000000      -0.351935265541676     
   2.37000000000000      -0.351935573618613     
   2.37500000000000      -0.351929164535219     
   2.38000000000000      -0.351943922274010     
   2.38500000000000      -0.351926380541101     
   2.39000000000000      -0.351941237046934     
   2.39500000000000      -0.351932525681806     
   2.40000000000000      -0.351936491032493     
   2.40500000000000      -0.351933526821274     
   2.41000000000000      -0.351923616507894     
   2.41500000000000      -0.351958285846677     
   2.42000000000000      -0.351921611656638     
   2.42500000000000      -0.351942829122181     
   2.43000000000000      -0.351933057459773     
   2.43500000000000      -0.351939923675147     
   2.44000000000000      -0.351929907368151     
   2.44500000000000      -0.351937367327692     
   2.45000000000000      -0.351936361660479     
   2.45500000000000      -0.351933169016966     
   2.46000000000000      -0.351936275833796     
   2.46500000000000      -0.351936306058862     
   2.47000000000000      -0.351934166490596     
   2.47500000000000      -0.351934303190157     
   2.48000000000000      -0.351938102053871     
   2.48500000000000      -0.351934630582228     
   2.49000000000000      -0.351935790841529     
   2.49500000000000      -0.351934841901282     
   2.50000000000000      -0.351934080121109     
