  5.000000000000000E-003  0.238483933505037        1.07185189047789     
  1.000000000000000E-002  0.235435398101819        1.07404586102872     
  1.500000000000000E-002  0.232313075058463        1.07620564975474     
  2.000000000000000E-002  0.213132028147260        1.07861740956963     
  2.500000000000000E-002  0.210019557396536        1.08101988952252     
  3.000000000000000E-002  0.206954385431347        1.08345425888314     
  3.500000000000000E-002  0.203916106098732        1.08591440995187     
  4.000000000000000E-002  0.200922466908789        1.08841848052065     
  4.500000000000000E-002  0.197971979923282        1.09096016029204     
  5.000000000000000E-002  0.195085594490920        1.09355178025100     
  5.500000000000000E-002  0.192273161269937        1.09619237140342     
  6.000000000000000E-002  0.189535787696321        1.09886960796228     
  6.500000000000000E-002  0.186903445301845        1.10160384191335     
  7.000000000000001E-002  0.184374511084146        1.10438057283556     
  7.500000000000000E-002  0.181958191726334        1.10719916418520     
  8.000000000000000E-002  0.179670694977016        1.11007048424029     
  8.500000000000001E-002  0.177503951436650        1.11297698325579     
  9.000000000000000E-002  0.175467670451117        1.11592633905958     
  9.500000000000000E-002  0.173562209196885        1.11891677293554     
  0.100000000000000       0.171782301778733        1.12194036087899     
  0.105000000000000       0.170126414669702        1.12499623291621     
  0.110000000000000       0.168593070607651        1.12808538581466     
  0.115000000000000       0.167173861098381        1.13119936619258     
  0.120000000000000       0.165864908318109        1.13433751081651     
  0.125000000000000       0.164660620248485        1.13749704256261     
  0.130000000000000       0.163553581462383        1.14067257009226     
  0.135000000000000       0.162539268074541        1.14386350788212     
  0.140000000000000       0.161611198374050        1.14706604694320     
  0.145000000000000       0.160762709872486        1.15027582212963     
  0.150000000000000       0.159991050657941        1.15349514112618     
  0.155000000000000       0.159285995342795        1.15671266466560     
  0.160000000000000       0.158646939249243        1.15993382560231     
  0.165000000000000       0.158065267572193        1.16314928292467     
  0.170000000000000       0.157539803780349        1.16636275655908     
  0.175000000000000       0.157062401447336        1.16956469436778     
  0.180000000000000       0.156634174187582        1.17276252834729     
  0.185000000000000       0.156245890439673        1.17594356162490     
  0.190000000000000       0.155898001994571        1.17911326161570     
  0.195000000000000       0.155585984962011        1.18226715528358     
  0.200000000000000       0.155305854815226        1.18540140603751     
  0.205000000000000       0.155057112787875        1.18851869683091     
  0.210000000000000       0.154834600246318        1.19161218024524     
  0.215000000000000       0.154638419015162        1.19468518764917     
  0.220000000000000       0.154464645163187        1.19773272557819     
  0.225000000000000       0.154312826640431        1.20075654848462     
  0.230000000000000       0.154179575383631        1.20375220785661     
  0.235000000000000       0.154064184636742        1.20672052710629     
  0.240000000000000       0.153964514527319        1.20965918034824     
  0.245000000000000       0.153879899492874        1.21256874937746     
  0.250000000000000       0.153808360036791        1.21544689192475     
  0.255000000000000       0.153749235221845        1.21829389237851     
  0.260000000000000       0.153701514473090        1.22110918554684     
  0.265000000000000       0.153663059054781        1.22388964244020     
  0.270000000000000       0.153634529298501        1.22663805744774     
  0.275000000000000       0.153613504144171        1.22935045109027     
  0.280000000000000       0.153600359129563        1.23202884397318     
  0.285000000000000       0.153594442936105        1.23467292903201     
  0.290000000000000       0.153594116104050        1.23728017004223     
  0.295000000000000       0.153599257425980        1.23985127864596     
  0.300000000000000       0.153609522568973        1.24238644672021     
  0.305000000000000       0.153624519781642        1.24488568477043     
  0.310000000000000       0.153643311554587        1.24734776721176     
  0.315000000000000       0.153666026490818        1.24977379024645     
  0.320000000000000       0.153691343411579        1.25216154896906     
  0.325000000000000       0.153720216686577        1.25451396096698     
  0.330000000000000       0.153750889867538        1.25682774913378     
  0.335000000000000       0.153784531820372        1.25910628440959     
  0.340000000000000       0.153819643745570        1.26134680883322     
  0.345000000000000       0.153856381575812        1.26355033198816     
  0.350000000000000       0.153894878458066        1.26571780283079     
  0.355000000000000       0.153934557275397        1.26784851116117     
  0.360000000000000       0.153975597694820        1.26994348594977     
  0.365000000000000       0.154016970633201        1.27200092414801     
  0.370000000000000       0.154059536920632        1.27402342104925     
  0.375000000000000       0.154102566587480        1.27600984607254     
  0.380000000000000       0.154146127269534        1.27796092355699     
  0.385000000000000       0.154190030675613        1.27987676955459     
  0.390000000000000       0.154234433724193        1.28175830741472     
  0.395000000000000       0.154278428540763        1.28360392999680     
  0.400000000000000       0.154322917227598        1.28541631445690     
  0.405000000000000       0.154367485787304        1.28719501330268     
  0.410000000000000       0.154411460328941        1.28893894342595     
  0.415000000000000       0.154455550220718        1.29065032549607     
  0.420000000000000       0.154499851165529        1.29232989260164     
  0.425000000000000       0.154543368404396        1.29397579253355     
  0.430000000000000       0.154586508924245        1.29558949424470     
  0.435000000000000       0.154629551909301        1.29717218048897     
  0.440000000000000       0.154672114880910        1.29872342759600     
  0.445000000000000       0.154714514367615        1.30024449870630     
  0.450000000000000       0.154755895236693        1.30173381081119     
  0.455000000000000       0.154797451447552        1.30319475104666     
  0.460000000000000       0.154838044209222        1.30462503451547     
  0.465000000000000       0.154878027738732        1.30602599999457     
  0.470000000000000       0.154917728832413        1.30739892195136     
  0.475000000000000       0.154956782568452        1.30874338056458     
  0.480000000000000       0.154995294847154        1.31006010168490     
  0.485000000000000       0.155033213198449        1.31134941988676     
  0.490000000000000       0.155070544735193        1.31261181066754     
  0.495000000000000       0.155107510873659        1.31384827447120     
  0.500000000000000       0.155143329514837        1.31505733177668     
  0.505000000000000       0.155178957155187        1.31624178680613     
  0.510000000000000       0.155214069622204        1.31740128229907     
  0.515000000000000       0.155248074402108        1.31853478521943     
  0.520000000000000       0.155281869642315        1.31964495097292     
  0.525000000000000       0.155314918364037        1.32073087540563     
  0.530000000000000       0.155347637323335        1.32179401518277     
  0.535000000000000       0.155379427991658        1.32283329763309     
  0.540000000000000       0.155410490871807        1.32384963072426     
  0.545000000000000       0.155441230114935        1.32484442901886     
  0.550000000000000       0.155471285402661        1.32581719437731     
  0.555000000000000       0.155500781685085        1.32676863502808     
  0.560000000000000       0.155529684698808        1.32769905511974     
  0.565000000000000       0.155558015622196        1.32860889303771     
  0.570000000000000       0.155585772468619        1.32949852358055     
  0.575000000000000       0.155613198555978        1.33036893257286     
  0.580000000000000       0.155639526427495        1.33121855999413     
  0.585000000000000       0.155665718011215        1.33205018745062     
  0.590000000000000       0.155691460598289        1.33286338854717     
  0.595000000000000       0.155716403860636        1.33365763288551     
  0.600000000000000       0.155740910367762        1.33443418086521     
  0.605000000000000       0.155764638822785        1.33519251278693     
  0.610000000000000       0.155788401721904        1.33593501883069     
  0.615000000000000       0.155811019254370        1.33665904682827     
  0.620000000000000       0.155833585830409        1.33736769094468     
  0.625000000000000       0.155855750528767        1.33806038496998     
  0.630000000000000       0.155876945649682        1.33873600362715     
  0.635000000000000       0.155897758070929        1.33939634277302     
  0.640000000000000       0.155918696828655        1.34004300443305     
  0.645000000000000       0.155938676371684        1.34067352638263     
  0.650000000000000       0.155958610493381        1.34129052730853     
  0.655000000000000       0.155977512992279        1.34189178586553     
  0.660000000000000       0.155996645652490        1.34248079763951     
  0.665000000000000       0.156014544985568        1.34305411903976     
  0.670000000000000       0.156032797409334        1.34361604589350     
  0.675000000000000       0.156050124852979        1.34416361907324     
  0.680000000000000       0.156067723640344        1.34470011986445     
  0.685000000000000       0.156084348569115        1.34522265749308     
  0.690000000000000       0.156100558412732        1.34573289458136     
  0.695000000000000       0.156116634968604        1.34623180638361     
  0.700000000000000       0.156132494467303        1.34671942176750     
  0.705000000000000       0.156147716446596        1.34719490360569     
  0.710000000000000       0.156162680239361        1.34765945686124     
  0.715000000000000       0.156177040491755        1.34811242602692     
  0.720000000000000       0.156191609139369        1.34855611832291     
  0.725000000000000       0.156205435696527        1.34898831715610     
  0.730000000000000       0.156218715980451        1.34940974600031     
  0.735000000000000       0.156232251831091        1.34982265437606     
  0.740000000000000       0.156245381395827        1.35022557749056     
  0.745000000000000       0.156258012875219        1.35061846708160     
  0.750000000000000       0.156270413614318        1.35100221395642     
  0.755000000000000       0.156282272763134        1.35137621192096     
  0.760000000000000       0.156294164259207        1.35174212871305     
  0.765000000000000       0.156305899973273        1.35209966845128     
  0.770000000000000       0.156316868922786        1.35244743981167     
  0.775000000000000       0.156328192987469        1.35278851215813     
  0.780000000000000       0.156338597024633        1.35311977479402     
  0.785000000000000       0.156349195395279        1.35344427161258     
  0.790000000000000       0.156359626033005        1.35376123796738     
  0.795000000000000       0.156369329445992        1.35406939406827     
  0.800000000000000       0.156379188890496        1.35437117952458     
  0.805000000000000       0.156388682216744        1.35466540501388     
  0.810000000000000       0.156397999679139        1.35495271451104     
  0.815000000000000       0.156407075195852        1.35523308899740     
  0.820000000000000       0.156416171224909        1.35550735380708     
  0.825000000000000       0.156424747923362        1.35577425743252     
  0.830000000000000       0.156433222683496        1.35603501951689     
  0.835000000000000       0.156441233516074        1.35628884132532     
  0.840000000000000       0.156449362479101        1.35653736316933     
  0.845000000000000       0.156457192553494        1.35677963869815     
  0.850000000000000       0.156464870920295        1.35701617668415     
  0.855000000000000       0.156472355614461        1.35724699474100     
  0.860000000000000       0.156479891841545        1.35747285138891     
  0.865000000000000       0.156486945743518        1.35769248394200     
  0.870000000000000       0.156493930896781        1.35790708087842     
  0.875000000000000       0.156500489778780        1.35811583038541     
  0.880000000000000       0.156507197149425        1.35832033479741     
  0.885000000000000       0.156513641637498        1.35851963775931     
  0.890000000000000       0.156519965039705        1.35871421376141     
  0.895000000000000       0.156525821092580        1.35890326845828     
  0.900000000000000       0.156532244805560        1.35908959324133     
  0.905000000000000       0.156537977607029        1.35927001821084     
  0.910000000000000       0.156543750560916        1.35944654076917     
  0.915000000000000       0.156549553475035        1.35961922933977     
  0.920000000000000       0.156554708374127        1.35978641687178     
  0.925000000000000       0.156560361863493        1.35995117206963     
  0.930000000000000       0.156565216378405        1.36011021404885     
  0.935000000000000       0.156570627070859        1.36026714987116     
  0.940000000000000       0.156575231008927        1.36041852344348     
  0.945000000000000       0.156580172660208        1.36056739135658     
  0.950000000000000       0.156584538431160        1.36071145965313     
  0.955000000000000       0.156589781492495        1.36085458868582     
  0.960000000000000       0.156593691178032        1.36099111037778     
  0.965000000000000       0.156598616818293        1.36112718989739     
  0.970000000000000       0.156602703245016        1.36125810224169     
  0.975000000000000       0.156606930352159        1.36138645288829     
  0.980000000000000       0.156610973999431        1.36151147403458     
  0.985000000000000       0.156614719472640        1.36163293374492     
  0.990000000000000       0.156618663682623        1.36175219294581     
  0.995000000000000       0.156622414927247        1.36186829776556     
   1.00000000000000       0.156626106980156        1.36198166039154     
   1.00500000000000       0.156629699491189        1.36209223807086     
   1.01000000000000       0.156633206493010        1.36220012839287     
   1.01500000000000       0.156636855104631        1.36230598253484     
   1.02000000000000       0.156639890759103        1.36240789291529     
   1.02500000000000       0.156643250086320        1.36250835583650     
   1.03000000000000       0.156646620079159        1.36260661187323     
   1.03500000000000       0.156649428319739        1.36270122330629     
   1.04000000000000       0.156652552259395        1.36279452884728     
   1.04500000000000       0.156655471252200        1.36288522376132     
   1.05000000000000       0.156658587187437        1.36297440612509     
   1.05500000000000       0.156661317894353        1.36306060704220     
   1.06000000000000       0.156663857713982        1.36314438088933     
   1.06500000000000       0.156666826439778        1.36322739027889     
   1.07000000000000       0.156669337349566        1.36330736947124     
   1.07500000000000       0.156671686697034        1.36338513490232     
   1.08000000000000       0.156674234832570        1.36346166963848     
   1.08500000000000       0.156676505133803        1.36353578009539     
   1.09000000000000       0.156679050230204        1.36360892721821     
   1.09500000000000       0.156681164086160        1.36367934325542     
   1.10000000000000       0.156683608443928        1.36374901718834     
   1.10500000000000       0.156685965704805        1.36381693031579     
   1.11000000000000       0.156687824377772        1.36388202982250     
   1.11500000000000       0.156690235983638        1.36394710078635     
   1.12000000000000       0.156692166030091        1.36400947903521     
   1.12500000000000       0.156694187470771        1.36407069418887     
   1.13000000000000       0.156696113972979        1.36413029457708     
   1.13500000000000       0.156697783501934        1.36418788959873     
   1.14000000000000       0.156699704422562        1.36424483933177     
   1.14500000000000       0.156701706171731        1.36430073026159     
   1.15000000000000       0.156703395784679        1.36435456777778     
   1.15500000000000       0.156704903721651        1.36440672207627     
   1.16000000000000       0.156706339305721        1.36445750697131     
   1.16500000000000       0.156708352516761        1.36450865157907     
   1.17000000000000       0.156710044169256        1.36455783281661     
   1.17500000000000       0.156711335402453        1.36460487406463     
   1.18000000000000       0.156713163970198        1.36465224948068     
   1.18500000000000       0.156714174229619        1.36469645306350     
   1.19000000000000       0.156716131209303        1.36474209585684     
   1.19500000000000       0.156717363155722        1.36478486541766     
   1.20000000000000       0.156718566133126        1.36482658687829     
   1.20500000000000       0.156719654944924        1.36486706630234     
   1.21000000000000       0.156721216095901        1.36490786648153     
   1.21500000000000       0.156722532354523        1.36494711176171     
   1.22000000000000       0.156723987854631        1.36498585584766     
   1.22500000000000       0.156724901273018        1.36502232460009     
   1.23000000000000       0.156726410779363        1.36505951726405     
   1.23500000000000       0.156727226293795        1.36509408262491     
   1.24000000000000       0.156728689000570        1.36512954449259     
   1.24500000000000       0.156729446929988        1.36516239028598     
   1.25000000000000       0.156730856294784        1.36519618217623     
   1.25500000000000       0.156731560257555        1.36522739371473     
   1.26000000000000       0.156732690534530        1.36525899945829     
   1.26500000000000       0.156733646898620        1.36528944896311     
   1.27000000000000       0.156734628666137        1.36531928028313     
   1.27500000000000       0.156735796769172        1.36534893076305     
   1.28000000000000       0.156736417005353        1.36537649812622     
   1.28500000000000       0.156737418095222        1.36540442464616     
   1.29000000000000       0.156738487444658        1.36543191006967     
   1.29500000000000       0.156739280828134        1.36545806910411     
   1.30000000000000       0.156739910348484        1.36548320974776     
   1.30500000000000       0.156741019577764        1.36550902847617     
   1.31000000000000       0.156741715660946        1.36553320590858     
   1.31500000000000       0.156742296935516        1.36555653518970     
   1.32000000000000       0.156743117793090        1.36557995599375     
   1.32500000000000       0.156744059895652        1.36560317266372     
   1.33000000000000       0.156744711875780        1.36562512246428     
   1.33500000000000       0.156745436243203        1.36564676527868     
   1.34000000000000       0.156745888006108        1.36566721121083     
   1.34500000000000       0.156746631206240        1.36568794688610     
   1.35000000000000       0.156747484152689        1.36570850883431     
   1.35500000000000       0.156748051471386        1.36572787496112     
   1.36000000000000       0.156748468234941        1.36574640885521     
   1.36500000000000       0.156749368854195        1.36576578004613     
   1.37000000000000       0.156749501065259        1.36578273217730     
   1.37500000000000       0.156750359572042        1.36580116045899     
   1.38000000000000       0.156751054998865        1.36581877714984     
   1.38500000000000       0.156751557023707        1.36583549750153     
   1.39000000000000       0.156751879237129        1.36585137071732     
   1.39500000000000       0.156752471988921        1.36586758231484     
   1.40000000000000       0.156752954613882        1.36588314681825     
   1.40500000000000       0.156753687332672        1.36589901438919     
   1.41000000000000       0.156753864847229        1.36591308849990     
   1.41500000000000       0.156754665750392        1.36592845871744     
   1.42000000000000       0.156755014951697        1.36594232280781     
   1.42500000000000       0.156755275078195        1.36595563569101     
   1.43000000000000       0.156756003952192        1.36596986485779     
   1.43500000000000       0.156756106355966        1.36598215370750     
   1.44000000000000       0.156756857567328        1.36599584432511     
   1.44500000000000       0.156756925686341        1.36600746109372     
   1.45000000000000       0.156757434950931        1.36601995075199     
   1.45500000000000       0.156758011346412        1.36603234267526     
   1.46000000000000       0.156757967583939        1.36604285246557     
   1.46500000000000       0.156758608627305        1.36605487706305     
   1.47000000000000       0.156759103346368        1.36606627709169     
   1.47500000000000       0.156759407120131        1.36607692610923     
   1.48000000000000       0.156759763937127        1.36608747334388     
   1.48500000000000       0.156759866670651        1.36609711963289     
   1.49000000000000       0.156760267084366        1.36610731464270     
   1.49500000000000       0.156760559299400        1.36611700206939     
   1.50000000000000       0.156760876115691        1.36612653523185     
   1.50500000000000       0.156761176769248        1.36613581242059     
   1.51000000000000       0.156761469943419        1.36614486200279     
   1.51500000000000       0.156761987430246        1.36615429485017     
   1.52000000000000       0.156761961641802        1.36616210928525     
   1.52500000000000       0.156762562931559        1.36617137002073     
   1.53000000000000       0.156762721431112        1.36617928439265     
   1.53500000000000       0.156762789030563        1.36618677690900     
   1.54000000000000       0.156763106956384        1.36619474435434     
   1.54500000000000       0.156763558712759        1.36620288722863     
   1.55000000000000       0.156763505664552        1.36620953889861     
   1.55500000000000       0.156763839228389        1.36621703489235     
   1.56000000000000       0.156764036194787        1.36622401134265     
   1.56500000000000       0.156764499137534        1.36623152500470     
   1.57000000000000       0.156764278721234        1.36623710355792     
   1.57500000000000       0.156764997635160        1.36624497269362     
   1.58000000000000       0.156764809472546        1.36625033371363     
   1.58500000000000       0.156765371165461        1.36625750866981     
   1.59000000000000       0.156765449570798        1.36626328104113     
   1.59500000000000       0.156765682269022        1.36626931995366     
   1.60000000000000       0.156765630550508        1.36627448163197     
   1.60500000000000       0.156766120015621        1.36628092902257     
   1.61000000000000       0.156765666568593        1.36628478204289     
   1.61500000000000       0.156766357359410        1.36629150653976     
   1.62000000000000       0.156766355639002        1.36629629763917     
   1.62500000000000       0.156766577379315        1.36630155591824     
   1.63000000000000       0.156766721907688        1.36630649733070     
   1.63500000000000       0.156766886439807        1.36631137921101     
   1.64000000000000       0.156767037385205        1.36631611638183     
   1.64500000000000       0.156767188751288        1.36632074809352     
   1.65000000000000       0.156767337051428        1.36632526779289     
   1.65500000000000       0.156767706281961        1.36633026429583     
   1.66000000000000       0.156767542560431        1.36633376791629     
   1.66500000000000       0.156768008633209        1.36633882215038     
   1.67000000000000       0.156767804033944        1.36634202826437     
   1.67500000000000       0.156768046569677        1.36634631182770     
   1.68000000000000       0.156768360517584        1.36635069314995     
   1.68500000000000       0.156768194695162        1.36635373186570     
   1.69000000000000       0.156768412737829        1.36635768932444     
   1.69500000000000       0.156768497618630        1.36636121545935     
   1.70000000000000       0.156768848734497        1.36636535721004     
   1.70500000000000       0.156768655690010        1.36636799620555     
   1.71000000000000       0.156768865422378        1.36637161164096     
   1.71500000000000       0.156768938867985        1.36637479536661     
   1.72000000000000       0.156768921940494        1.36637767583064     
   1.72500000000000       0.156769422531582        1.36638182358184     
   1.73000000000000       0.156769387887946        1.36638451290540     
   1.73500000000000       0.156769299985295        1.36638699069599     
   1.74000000000000       0.156769456736833        1.36639004293355     
   1.74500000000000       0.156769526519268        1.36639280277373     
   1.75000000000000       0.156769851134046        1.36639616609879     
   1.75500000000000       0.156769858618252        1.36639863854728     
   1.76000000000000       0.156769743909737        1.36640073051811     
   1.76500000000000       0.156769893267649        1.36640345480991     
   1.77000000000000       0.156770180321590        1.36640648187632     
   1.77500000000000       0.156770189173993        1.36640872611326     
   1.78000000000000       0.156770288667545        1.36641115224865     
   1.78500000000000       0.156770129875707        1.36641284976866     
   1.79000000000000       0.156769246909573        1.36641260032643     
   1.79500000000000       0.156770898262711        1.36641893430597     
   1.80000000000000       0.156770214039175        1.36641910400839     
   1.80500000000000       0.156770531729836        1.36642184809243     
   1.81000000000000       0.156770742463526        1.36642426517167     
   1.81500000000000       0.156770759635047        1.36642613036088     
   1.82000000000000       0.156770610794954        1.36642751644716     
   1.82500000000000       0.156770743305131        1.36642959460400     
   1.83000000000000       0.156770780550652        1.36643138132181     
   1.83500000000000       0.156771073053076        1.36643379452231     
   1.84000000000000       0.156770826172751        1.36643475616784     
   1.84500000000000       0.156770982285855        1.36643673247894     
   1.85000000000000       0.156771230439906        1.36643891120516     
   1.85500000000000       0.156770992212786        1.36643978018590     
   1.86000000000000       0.156771140049823        1.36644162224422     
   1.86500000000000       0.156771159177595        1.36644309191359     
   1.87000000000000       0.156771447805604        1.36644523180075     
   1.87500000000000       0.156771415921040        1.36644649975645     
   1.88000000000000       0.156771259760346        1.36644740913870     
   1.88500000000000       0.156771374542621        1.36644899456780     
   1.89000000000000       0.156771622342680        1.36645089695398     
   1.89500000000000       0.156771596870691        1.36645205374249     
   1.90000000000000       0.156771305075833        1.36645249012537     
   1.90500000000000       0.156771588949787        1.36645438796208     
   1.91000000000000       0.156771777166349        1.36645601841974     
   1.91500000000000       0.156771538624134        1.36645650102566     
   1.92000000000000       0.156770638177770        1.36645522527181     
   1.92500000000000       0.156772246979720        1.36646049157919     
   1.93000000000000       0.156771759209496        1.36646024222706     
   1.93500000000000       0.156771970319572        1.36646179743277     
   1.94000000000000       0.156771718325404        1.36646211611934     
   1.94500000000000       0.156772077346084        1.36646400908885     
   1.95000000000000       0.156771999448603        1.36646473621801     
   1.95500000000000       0.156771842450982        1.36646523302323     
   1.96000000000000       0.156771937374254        1.36646636655250     
   1.96500000000000       0.156771947502842        1.36646725651104     
   1.97000000000000       0.156771679657397        1.36646739726681     
   1.97500000000000       0.156772112060918        1.36646935142368     
   1.98000000000000       0.156772233045935        1.36647046938291     
   1.98500000000000       0.156772230413301        1.36647124493437     
   1.99000000000000       0.156772267612198        1.36647210524845     
   1.99500000000000       0.156772062611827        1.36647231297856     
   2.00000000000000       0.156771862063935        1.36647251300449     
   2.00500000000000       0.156772266427293        1.36647428014352     
   2.01000000000000       0.156772165383603        1.36647470585992     
   2.01500000000000       0.156772458162099        1.36647614590680     
   2.02000000000000       0.156772164811006        1.36647603570717     
   2.02500000000000       0.156772292976897        1.36647701203318     
   2.03000000000000       0.156772506688979        1.36647819662217     
   2.03500000000000       0.156772238644783        1.36647810541507     
   2.04000000000000       0.156772356720680        1.36647900922140     
   2.04500000000000       0.156772212890985        1.36647922009725     
   2.05000000000000       0.156772645637035        1.36648091006319     
   2.05500000000000       0.156772529156310        1.36648116068498     
   2.06000000000000       0.156772592880430        1.36648186555613     
   2.06500000000000       0.156772370082017        1.36648180833403     
   2.07000000000000       0.156772696002883        1.36648317365292     
   2.07500000000000       0.156772382867269        1.36648285465709     
   2.08000000000000       0.156772206308343        1.36648287930081     
   2.08500000000000       0.156772593324949        1.36648436875047     
   2.09000000000000       0.156772486821014        1.36648455379790     
   2.09500000000000       0.156772769877014        1.36648574739298     
   2.10000000000000       0.156772470037855        1.36648540466613     
   2.10500000000000       0.156772590910995        1.36648615152094     
   2.11000000000000       0.156772568697442        1.36648651377299     
   2.11500000000000       0.156772597565203        1.36648699895655     
   2.12000000000000       0.156772605888949        1.36648742062863     
   2.12500000000000       0.156772622617873        1.36648785447192     
   2.13000000000000       0.156772862393703        1.36648886236425     
   2.13500000000000       0.156772798448400        1.36648906668680     
   2.14000000000000       0.156772611708691        1.36648894007838     
   2.14500000000000       0.156772690860098        1.36648950029586     
   2.15000000000000       0.156772907738572        1.36649041226003     
   2.15500000000000       0.156772850559381        1.36649059911608     
   2.16000000000000       0.156772659596234        1.36649042734363     
   2.16500000000000       0.156772965232303        1.36649154681415     
   2.17000000000000       0.156772346364535        1.36649023857254     
   2.17500000000000       0.156773099321375        1.36649251409448     
   2.18000000000000       0.156772635485112        1.36649159712880     
   2.18500000000000       0.156773029484292        1.36649291758787     
   2.19000000000000       0.156772911602306        1.36649289183633     
   2.19500000000000       0.156772964949328        1.36649330704799     
   2.20000000000000       0.156772731638408        1.36649296534407     
   2.20500000000000       0.156772822344605        1.36649346470101     
   2.21000000000000       0.156772804962389        1.36649367457676     
   2.21500000000000       0.156772690950473        1.36649363245490     
   2.22000000000000       0.156772872841723        1.36649434285154     
   2.22500000000000       0.156773050366193        1.36649504755979     
   2.23000000000000       0.156773002760542        1.36649515386834     
   2.23500000000000       0.156773028152972        1.36649544658325     
   2.24000000000000       0.156773030926347        1.36649567414357     
   2.24500000000000       0.156772812243024        1.36649531693449     
   2.25000000000000       0.156772894218513        1.36649574083438     
   2.25500000000000       0.156772877925640        1.36649590239639     
   2.26000000000000       0.156772894131415        1.36649614414618     
   2.26500000000000       0.156773123841157        1.36649693968168     
   2.27000000000000       0.156772828754350        1.36649635763365     
   2.27500000000000       0.156772804848107        1.36649648663395     
   2.28000000000000       0.156772951775046        1.36649704303496     
   2.28500000000000       0.156773139806864        1.36649771391480     
   2.29000000000000       0.156772857438181        1.36649714622556     
   2.29500000000000       0.156773186104548        1.36649817394414     
   2.30000000000000       0.156773086824305        1.36649807788301     
   2.30500000000000       0.156772898843624        1.36649774554900     
   2.31000000000000       0.156772969442222        1.36649808553120     
   2.31500000000000       0.156772951927162        1.36649819135425     
   2.32000000000000       0.156772964977117        1.36649837340533     
   2.32500000000000       0.156772967362815        1.36649852396972     
   2.33000000000000       0.156772973864633        1.36649868167054     
   2.33500000000000       0.156772978419879        1.36649883099596     
   2.34000000000000       0.156772983719277        1.36649897870869     
   2.34500000000000       0.156772987122916        1.36649911838019     
   2.35000000000000       0.156772992707665        1.36649926043069     
   2.35500000000000       0.156773224523540        1.36649999137628     
   2.36000000000000       0.156772924890396        1.36649932905643     
   2.36500000000000       0.156773030261754        1.36649972296891     
   2.37000000000000       0.156773228190218        1.36650035639907     
   2.37500000000000       0.156772940512642        1.36649971644775     
   2.38000000000000       0.156773269752580        1.36650068770278     
   2.38500000000000       0.156772937017122        1.36649992454822     
   2.39000000000000       0.156773281131468        1.36650092935350     
   2.39500000000000       0.156773169538832        1.36650073989039     
   2.40000000000000       0.156772984848436        1.36650035594903     
   2.40500000000000       0.156773052352501        1.36650062945463     
   2.41000000000000       0.156773260240148        1.36650126821327     
   2.41500000000000       0.156772969088044        1.36650059870379     
   2.42000000000000       0.156773295206976        1.36650154231269     
   2.42500000000000       0.156772966269703        1.36650076938779     
   2.43000000000000       0.156773305088161        1.36650174172149     
   2.43500000000000       0.156772969755501        1.36650094801009     
   2.44000000000000       0.156773086503329        1.36650133466384     
   2.44500000000000       0.156773277371862        1.36650191384115     
   2.45000000000000       0.156772990552591        1.36650124095621     
   2.45500000000000       0.156773317608966        1.36650217235659     
   2.46000000000000       0.156772983367416        1.36650137184176     
   2.46500000000000       0.156773099312504        1.36650174693006     
   2.47000000000000       0.156773063513576        1.36650172357482     
   2.47500000000000       0.156773078869022        1.36650183203629     
   2.48000000000000       0.156773076753403        1.36650189323435     
   2.48500000000000       0.156773081889845        1.36650197178042     
   2.49000000000000       0.156773310632355        1.36650263392650     
   2.49500000000000       0.156773009945250        1.36650190932701     
   2.50000000000000       0.156773339171818        1.36650283146713     
