   225.215080401784       2.112998114882950E-022
   2026.93572361605       1.540369761491603E-019
   5630.37701004459       3.301449146389540E-018
   11035.5389396874       2.485595233162718E-017
   18242.4215125445       1.122529107036695E-016
   27251.0247286158       3.740289194646130E-016
   38061.3485879014       1.018300275556400E-015
   50673.3930904013       2.400131307640993E-015
   65087.1582361155       5.076839159372332E-015
   81302.6440250439       9.869637869561400E-015
   99319.8504571866       1.792915916482125E-014
   119138.777532544       3.080129672761970E-014
   140759.425251115       5.048852808407707E-014
   164181.793612900       7.950043458889871E-014
   189405.882617900       1.208856746316260E-013
   216431.692266114       1.782363354932334E-013
   245259.222557542       2.556546258815425E-013
   275888.473492185       3.576715654968710E-013
   308319.445070042       4.891080176548792E-013
   342552.137291113       6.548704488641440E-013
   378586.550155398       8.596775026924402E-013
   416422.683662898       1.107719054955604E-012
   456060.537813612       1.402256889021125E-012
   497500.112607540       1.745185219111256E-012
   540741.408044683       2.136579344774790E-012
   585784.424125039       2.574270661972416E-012
   632629.160848610       3.053494590576368E-012
   681275.618215396       3.566662899862180E-012
   731723.796225395       4.103311528968640E-012
   783973.694878609       4.650267662091839E-012
   838025.314175037       5.192064553298172E-012
   893878.654114680       5.711609542476076E-012
   951533.714697536       6.191081473550471E-012
   1010990.49592361       6.613001547748854E-012
   1072248.99779289       6.961391176630457E-012
   1135309.22030539       7.222907133502720E-012
   1200171.16346111       7.387833580219555E-012
   1266834.82726003       7.450816336902161E-012
   1335300.21170218       7.411248459022101E-012
   1405567.31678753       7.273255785921768E-012
   1477636.14251610       7.045281108445292E-012
   1551506.68888789       6.739317721160955E-012
   1627178.95590289       6.369888029048205E-012
   1704652.94356110       5.952892260749207E-012
   1783928.65186253       5.504460993167195E-012
   1865006.08080717       5.039932357239688E-012
   1947885.23039503       4.573044326780475E-012
   2032566.10062610       4.115391740931594E-012
   2119048.69150038       3.676155469033966E-012
   2207333.00301788       3.262075324928300E-012
   2297419.03517860       2.877614227969112E-012
   2389306.78798252       2.525250455236800E-012
   2482996.26142967       2.205836208882634E-012
   2578487.45552002       1.918970621694172E-012
   2675780.37025359       1.663349527549031E-012
   2774875.00563038       1.437069089874457E-012
   2875771.36165038       1.237873125402600E-012
   2978469.43831359       1.063343409151046E-012
   3082969.23562002       9.110382133553174E-013
   3189270.75356966       7.785873227187926E-013
   3297373.99216252       6.637525853401826E-013
   3407278.95139859       5.644625195178219E-013
   3518985.63127787       4.788282699672549E-013
   3632494.03180037       4.051467600730482E-013
   3747804.15296608       3.418954990550036E-013
   3864915.99477501       2.877223101786072E-013
   3983829.55722715       2.414322901209813E-013
   4104544.84032251       2.019735795282900E-013
   4227061.84406108       1.684229865218708E-013
   4351380.56844286       1.399721185067904E-013
   4477501.01346786       1.159144063115604E-013
   4605423.17913607       9.563321814551109E-014
   4735147.06544750       7.859113568688340E-014
   4866672.67240214       6.432038335270160E-014
   5000000.00000000       5.241435167083750E-014
   5135129.04824107       4.252012738485281E-014
   5272059.81712535       3.433192972491519E-014
   5410792.30665285       2.758534926535561E-014
   5551326.51682357       2.205228939098073E-014
   5693662.44763749       1.753651802063805E-014
   5837800.09909464       1.386974702456574E-014
   5983739.47119499       1.090816740092546E-014
   6131480.56393856       8.529378833867527E-015
   6281023.37732535       6.629662136435852E-015
   6432367.91135534       5.121551916682278E-015
   6585514.16602856       3.931674401981642E-015
   6740462.14134498       2.998821655159427E-015
   6897211.83730463       2.272238454587351E-015
   7055763.25390748       1.710101995122614E-015
   7216116.39115355       1.278177447930490E-015
   7378271.24904284       9.486344687816159E-016
   7542227.82757533       6.990111471938687E-016
   7707986.12675105       5.113128171529787E-016
   7875546.14656997       3.712337619290321E-016
   8044907.88703212       2.674902752006898E-016
   8216071.34813747       1.912538956807454E-016
   8389036.52988604       1.356739918899285E-016
   8563803.43227782       9.547928983904859E-017
   8740372.05531282       6.664843726272037E-017
   8918742.39899104       4.614029181240976E-017
   9098914.46331246       3.167530004599174E-017
   9280888.24827710       2.156008136663954E-017
   9464663.75388496       1.454812237154236E-017
   9650240.98013603       9.730296195469604E-018
   9837619.92703032       6.449722963241859E-018
   10026800.5945678       4.236258937121705E-018
   10217782.9827485       2.756625207543785E-018
   10410567.0915725       1.776848609811361E-018
   10605152.9210396       1.134279700170064E-018
   10801540.4711499       7.169713921008794E-019
   10999729.7419035       4.486474031806423E-019
   11199720.7333003       2.778651926643407E-019
   11401513.4453403       1.702889494292188E-019
   11605107.8780235       1.032411526221265E-019
   11810504.0313499       6.190367283120390E-020
   12017701.9053196       3.669881428252957E-020
   12226701.4999324       2.150431054577348E-020
   12437502.8151885       1.245067586925424E-020
   12650105.8510878       7.120322511708985E-021
   12864510.6076303       4.020496220895613E-021
   13080717.0848160       2.240548685124288E-021
   13298725.2826449       1.231776376925843E-021
   13518535.2011171       6.677372356482099E-022
   13740146.8402324       3.567412340067286E-022
   13963560.1999910       1.877308991341844E-022
   14188775.2803928       9.725126867097151E-023
   14415792.0814378       4.956261756858151E-023
   14644610.6031260       2.483209516643196E-023
   14875230.8454574       1.222221293254430E-023
   15107652.8084321       5.904936124575722E-024
   15341876.4920499       2.797904706416838E-024
   15577901.8963110       1.298959795113173E-024
   15815729.0212153       5.902859056530013E-025
   16055357.8667628       2.622734691778461E-025
   16296788.4329535       1.138023131307079E-025
   16540020.7197874       4.815985894134598E-026
   16785054.7272645       1.984888155100227E-026
   17031890.4553849       7.954657275137625E-027
   17280527.9041485       3.094472361827862E-027
   17530967.0735552       1.166234620627176E-027
   17783207.9636052       4.248634459212134E-028
   18037250.5742985       1.492114070410174E-028
   18293094.9056349       5.033087840561999E-029
   18550740.9576145       1.620116659773706E-029
   18810188.7302374       4.899376592620274E-030
   19071438.2235034       1.319934978347665E-030
   19334489.4374127       2.377803880696715E-031
   19599342.3719652      -8.014004861680589E-032
   19865997.0271609      -1.869242712578366E-031
   20134453.4029999       0.000000000000000E+000
