   225.215080401784        14.0999007853013     
   2026.93572361605        14.0998471065391     
   5630.37701004459        14.0994292676919     
   11035.5389396874        14.0980522046315     
   18242.4215125445        14.0948189452250     
   27251.0247286158        14.0885409552560     
   38061.3485879014        14.0777320443938     
   50673.3930904013        14.0606175247006     
   65087.1582361155        14.0351424053798     
   81302.6440250439        13.9989853654471     
   99319.8504571866        13.9495790205393     
   119138.777532544        13.8841383186171     
   140759.425251115        13.7996987186999     
   164181.793612900        13.6931657428408     
   189405.882617900        13.5613772791710     
   216431.692266114        13.4011796351111     
   245259.222557542        13.2095177638859     
   275888.473492185        12.9835392928617     
   308319.445070042        12.7207109614813     
   342552.137291113        12.4189448432183     
   378586.550155398        12.0767303219459     
   416422.683662898        11.6932662954274     
   456060.537813612        11.2685866037616     
   497500.112607540        10.8036703847429     
   540741.408044683        10.3005281312553     
   585784.424125039        9.76225387808196     
   632629.160848610        9.19303438419477     
   681275.618215396        8.59810757482217     
   731723.796225395        7.98366496641305     
   783973.694878609        7.35669630646248     
   838025.314175037        6.72477906273457     
   893878.654114680        6.09582037103677     
   951533.714697536        5.47776411445048     
   1010990.49592361        4.87828035117523     
   1072248.99779289        4.30445766841121     
   1135309.22030539        3.76252059569723     
   1200171.16346111        3.25759350398089     
   1266834.82726003        2.79352926204198     
   1335300.21170218        2.37281549183972     
   1405567.31678753        1.99656411221990     
   1477636.14251610        1.66458186984549     
   1551506.68888789        1.37551181234761     
   1627178.95590289        1.12702925942692     
   1704652.94356110       0.916071672833919     
   1783928.65186253       0.739080434998118     
   1865006.08080717       0.592233951407720     
   1947885.23039503       0.471655243391285     
   2032566.10062610       0.373582476784873     
   2119048.69150038       0.294496685649343     
   2207333.00301788       0.231206353755299     
   2297419.03517860       0.180892798084283     
   2389306.78798252       0.141123083457948     
   2482996.26142967       0.109838454666808     
   2578487.45552002       8.532623973574516E-002
   2675780.37025359       6.618224251274310E-002
   2774875.00563038       5.126922146137400E-002
   2875771.36165038       3.967550110243394E-002
   2978469.43831359       3.067633335757201E-002
   3082969.23562002       2.369945562602991E-002
   3189270.75356966       1.829542518200749E-002
   3297373.99216252       1.411272733809308E-002
   3407278.95139859       1.087730705616993E-002
   3518985.63127787       8.375999683781894E-003
   3632494.03180037       6.443279808966291E-003
   3747804.15296608       4.950762228077243E-003
   3864915.99477501       3.798942427081459E-003
   3983829.55722715       2.910733573695696E-003
   4104544.84032251       2.226429248157624E-003
   4227061.84406108       1.699788584679084E-003
   4351380.56844286       1.294999740523232E-003
   4477501.01346786       9.843276538143461E-004
   4605423.17913607       7.462932142570956E-004
   4735147.06544750       5.642642015785124E-004
   4866672.67240214       4.253648144077941E-004
   5000000.00000000       3.196314867553808E-004
   5135129.04824107       2.393590322626197E-004
   5272059.81712535       1.785938818808861E-004
   5410792.30665285       1.327410489330112E-004
   5551326.51682357       9.825908502925994E-005
   5693662.44763749       7.242317614852771E-005
   5837800.09909464       5.314106218263517E-005
   5983739.47119499       3.880995282882616E-005
   6131480.56393856       2.820529757000293E-005
   6281023.37732535       2.039433348419171E-005
   6432367.91135534       1.466892536583043E-005
   6585514.16602856       1.049343869772274E-005
   6740462.14134498       7.464332324538829E-006
   6897211.83730463       5.278889368467938E-006
   7055763.25390748       3.711071848556874E-006
   7216116.39115355       2.592924742271450E-006
   7378271.24904284       1.800297998604417E-006
   7542227.82757533       1.241922542857527E-006
   7707986.12675105       8.510856266510187E-007
   7875546.14656997       5.793150007711650E-007
   8044907.88703212       3.916103123610070E-007
   8216071.34813747       2.628615314360204E-007
   8389036.52988604       1.751740199340930E-007
   8563803.43227782       1.158826609433927E-007
   8740372.05531282       7.608684233885154E-008
   8918742.39899104       4.957683816448940E-008
   9098914.46331246       3.205245802099229E-008
   9280888.24827710       2.055848536884425E-008
   9464663.75388496       1.307978864327344E-008
   9650240.98013603       8.253172739534871E-009
   9837619.92703032       5.163929341334744E-009
   10026800.5945678       3.203352366766648E-009
   10217782.9827485       1.969776943539702E-009
   10410567.0915725       1.200429375631790E-009
   10605152.9210396       7.249010081931264E-010
   10801540.4711499       4.336647129664136E-010
   10999729.7419035       2.569617393900771E-010
   11199720.7333003       1.507724237002179E-010
   11401513.4453403       8.758067834586413E-011
   11605107.8780235       5.035175918540290E-011
   11810504.0313499       2.864312974180388E-011
   12017701.9053196       1.611747853350580E-011
   12226701.4999324       8.968234262214479E-012
   12437502.8151885       4.932904420621072E-012
   12650105.8510878       2.681183489143048E-012
   12864510.6076303       1.439491814572233E-012
   13080717.0848160       7.630782532019396E-013
   13298725.2826449       3.992189761032179E-013
   13518535.2011171       2.060278999709172E-013
   13740146.8402324       1.048307125643750E-013
   13963560.1999910       5.256015348406048E-014
   14188775.2803928       2.595194390342539E-014
   14415792.0814378       1.261095729264423E-014
   14644610.6031260       6.026833984051319E-015
   14875230.8454574       2.830531893750933E-015
   15107652.8084321       1.305369817275936E-015
   15341876.4920499       5.906181948630837E-016
   15577901.8963110       2.619257314367253E-016
   15815729.0212153       1.137376149972334E-016
   16055357.8667628       4.830629617676666E-017
   16296788.4329535       2.004261373182888E-017
   16540020.7197874       8.113092136970322E-018
   16785054.7272645       3.199463094293514E-018
   17031890.4553849       1.227276044059994E-018
   17280527.9041485       4.571144402864661E-019
   17530967.0735552       1.649976113970232E-019
   17783207.9636052       5.758752249442722E-020
   18037250.5742985       1.938207901419447E-020
   18293094.9056349       6.267326168245251E-021
   18550740.9576145       1.934513900268810E-021
   18810188.7302374       5.611393355404285E-022
   19071438.2235034       1.450479352627854E-022
   19334489.4374127       2.507767423660629E-023
   19599342.3719652      -8.113989714132175E-024
   19865997.0271609      -1.817372480238735E-023
   20134453.4029999       0.000000000000000E+000
