  -6000000.00000000       0.000000000000000E+000
  -5919463.08724832       3.797279574247683E-013
  -5838926.17449664       1.333102661215633E-012
  -5758389.26174497       3.399372192481902E-012
  -5677852.34899329       7.703888839188319E-012
  -5597315.43624161       1.645055849921447E-011
  -5516778.52348993       3.389837160054221E-011
  -5436241.61073826       6.816845781565900E-011
  -5355704.69798658       1.345408213118846E-010
  -5275167.78523490       2.613891321125716E-010
  -5194630.87248322       5.007241859457225E-010
  -5114093.95973154       9.466845801266685E-010
  -5033557.04697987       1.767560756215809E-009
  -4953020.13422819       3.260589492527376E-009
  -4872483.22147651       5.944624706282093E-009
  -4791946.30872483       1.071513644483103E-008
  -4711409.39597315       1.910075292111986E-008
  -4630872.48322148       3.368372228933229E-008
  -4550335.57046980       5.878281557130273E-008
  -4469798.65771812       1.015533775633015E-007
  -4389261.74496644       1.737463542557260E-007
  -4308724.83221477       2.945030568252935E-007
  -4228187.91946309       4.947713745999923E-007
  -4147651.00671141       8.242529318639085E-007
  -4067114.09395973       1.362292900129115E-006
  -3986577.18120805       2.234903899933421E-006
  -3906040.26845638       3.641326586340323E-006
  -3825503.35570470       5.895410208582580E-006
  -3744966.44295302       9.490012546946306E-006
  -3664429.53020134       1.519712756727297E-005
  -3583892.61744966       2.422339100347868E-005
  -3503355.70469799       3.845123869533269E-005
  -3422818.79194631       6.081213056991830E-005
  -3342281.87919463       9.586253717664385E-005
  -3261744.96644295       1.506695183630794E-004
  -3181208.05369127       2.361657744440699E-004
  -3100671.14093960       3.692107295622601E-004
  -3020134.22818792       5.757030161123131E-004
  -2939597.31543624       8.952408039069979E-004
  -2859060.40268456       1.388030777224598E-003
  -2778523.48993289       2.145014344846703E-003
  -2697986.57718121       3.302516813810881E-003
  -2617449.66442953       5.063128057266998E-003
  -2536912.75167785       7.724970247219805E-003
  -2456375.83892617       1.172194972178060E-002
  -2375838.92617450       1.767793549086319E-002
  -2295302.01342282       2.647791329508216E-002
  -2214765.10067114       3.935882942955121E-002
  -2134228.18791946       5.802180613485711E-002
  -2053691.27516779       8.476539270208515E-002
  -1973154.36241611       0.122636244582290     
  -1892617.44966443       0.175588925406335     
  -1812080.53691275       0.248640435132031     
  -1731543.62416107       0.347997931975998     
  -1651006.71140940       0.481130708177985     
  -1570469.79865772       0.656751044256186     
  -1489932.88590604       0.884664778867137     
  -1409395.97315436        1.17545323026404     
  -1328859.06040268        1.53995538060579     
  -1248322.14765101        1.98853438933099     
  -1167785.23489933        2.53013594747718     
  -1087248.32214765        3.17117666755833     
  -1006711.40939597        3.91433579739931     
  -926174.496644295        4.75735844492165     
  -845637.583892617        5.69200721236826     
  -765100.671140940        6.70331511249728     
  -684563.758389262        7.76928995358678     
  -604026.845637584        8.86119509964465     
  -523489.932885906        9.94448294138480     
  -442953.020134228        10.9803889216018     
  -362416.107382550        11.9281130958752     
  -281879.194630872        12.7474339520066     
  -201342.281879194        13.4015283580599     
  -120805.369127517        13.8597244669974     
  -40268.4563758392        14.0999007853013     
   40268.4563758392        14.1102691418033     
   120805.369127517        13.8903405512548     
   201342.281879195        13.4509632791533     
   281879.194630872        12.8134289923855     
   362416.107382551        12.0077500269225     
   442953.020134228        11.0703027260243     
   523489.932885906        10.0410954446088     
   604026.845637584        8.96094711410093     
   684563.758389262        7.86885136410713     
   765100.671140940        6.79975643186070     
   845637.583892617        5.78292177047264     
   926174.496644296        4.84093064924534     
   1006711.40939597        3.98935692908064     
   1087248.32214765        3.23701471469634     
   1167785.23489933        2.58666952522245     
   1248322.14765101        2.03606263925108     
   1328859.06040268        1.57909593631002     
   1409395.97315436        1.20703915640728     
   1489932.88590604       0.909649247024229     
   1570469.79865772       0.676125861252411     
   1651006.71140940       0.495862090832648     
   1731543.62416107       0.358980471839252     
   1812080.53691275       0.256668246569717     
   1892617.44966443       0.181341627848041     
   1973154.36241611       0.126676695776525     
   2053691.27516779       8.754588594983014E-002
   2134228.18791946       5.989564509385557E-002
   2214765.10067114       4.059465710819817E-002
   2295302.01342282       2.727476333897673E-002
   2375838.92617450       1.817958434981046E-002
   2456375.83892617       1.202970063045387E-002
   2536912.75167785       7.908449881583622E-003
   2617449.66442953       5.169008204349475E-003
   2697986.57718121       3.361291203994603E-003
   2778523.48993289       2.176082489113664E-003
   2859060.40268456       1.403389369134856E-003
   2939597.31543624       9.020823540721983E-004
   3020134.22818792       5.781911305296031E-004
   3100671.14093960       3.696574059492769E-004
   3181208.05369128       2.357889943925052E-004
   3261744.96644295       1.500657340538463E-004
   3342281.87919463       9.529160283997640E-005
   3422818.79194631       6.036278848301730E-005
   3503355.70469799       3.813306679329721E-005
   3583892.61744967       2.401510704978652E-005
   3664429.53020134       1.507005192448129E-005
   3744966.44295302       9.418090474655302E-006
   3825503.35570470       5.858434428434494E-006
   3906040.26845638       3.625051043161017E-006
   3986577.18120805       2.229982493263936E-006
   4067114.09395973       1.362975604589806E-006
   4147651.00671141       8.272306859688682E-007
   4228187.91946309       4.982886837536689E-007
   4308724.83221477       2.977340254747836E-007
   4389261.74496644       1.763845533592509E-007
   4469798.65771812       1.035579530865882E-007
   4550335.57046980       6.023066087138010E-008
   4630872.48322148       3.468940524223745E-008
   4711409.39597316       1.977729562551396E-008
   4791946.30872483       1.115792836210622E-008
   4872483.22147651       6.227443380203148E-009
   4953020.13422819       3.437251072862584E-009
   5033557.04697987       1.875638604628411E-009
   5114093.95973154       1.011503962443843E-009
   5194630.87248322       5.388536225856050E-010
   5275167.78523490       2.833879739794021E-010
   5355704.69798658       1.469812083000914E-010
   5436241.61073826       7.505241080636904E-011
   5516778.52348993       3.761336172310430E-011
   5597315.43624161       1.839336350741092E-011
   5677852.34899329       8.676546718044550E-012
   5758389.26174497       3.854174936702896E-012
   5838926.17449665       1.520653529034304E-012
   5919463.08724832       4.364647700051850E-013
   6000000.00000000       0.000000000000000E+000
