   55.5555555555556       6.129221947002948E-025
   500.000000000000       4.468201917281112E-022
   1388.88888888889       9.576892684683207E-021
   2722.22222222222       7.210919301486106E-020
   4500.00000000000       3.257258952288035E-019
   6722.22222222222       1.085783673981243E-018
   9388.88888888889       2.958216970594122E-018
   12500.0000000000       6.980556803906197E-018
   16055.5555555556       1.479092003946419E-017
   20055.5555555556       2.882472357366217E-017
   24500.0000000000       5.253873864887676E-017
   29388.8888888889       9.066191631404603E-017
   34722.2222222222       1.494721799081410E-016
   40500.0000000000       2.370980894651887E-016
   46722.2222222222       3.638439270253883E-016
   53388.8888888889       5.425363384030555E-016
   60500.0000000000       7.888901695814104E-016
   68055.5555555556       1.121890582463734E-015
   76055.5555555556       1.564187896046520E-015
   84500.0000000000       2.142500890679891E-015
   93388.8888888889       2.888023540418203E-015
   102722.222222222       3.836829291523954E-015
   112500.000000000       5.030266109329225E-015
   122722.222222222       6.515334564216621E-015
   133388.888888889       8.345040263365882E-015
   144500.000000000       1.057871093250618E-014
   156055.555555556       1.328226747760008E-014
   168055.555555556       1.652843742756510E-014
   180500.000000000       2.039689825500205E-014
   193388.888888889       2.497433737295915E-014
   206722.222222222       3.035441492709879E-014
   220500.000000000       3.663761511917646E-014
   234722.222222222       4.393097168108621E-014
   249388.888888889       5.234765315845475E-014
   264500.000000000       6.200639424979313E-014
   280055.555555556       7.303076034373139E-014
   296055.555555556       8.554823370851450E-014
   312500.000000000       9.968911183636770E-014
   329388.888888889       1.155852108183885E-013
   346722.222222222       1.333683697312817E-013
   364500.000000000       1.531687558388438E-013
   382722.222222222       1.751129746342844E-013
   401388.888888889       1.993219939808914E-013
   420500.000000000       2.259088970270480E-013
   440055.555555556       2.549764848444073E-013
   460055.555555556       2.866147565427750E-013
   480500.000000000       3.208983011925594E-013
   501388.888888889       3.578836436576650E-013
   522722.222222222       3.976065931034794E-013
   544500.000000000       4.400796501644281E-013
   566722.222222222       4.852895353974753E-013
   589388.888888889       5.331949070868797E-013
   612500.000000000       5.837243411656200E-013
   636055.555555556       6.367746497456063E-013
   660055.555555556       6.922096157560158E-013
   684500.000000000       7.498592206889998E-013
   709388.888888889       8.095194404371914E-013
   734722.222222222       8.709526777764910E-013
   760500.000000000       9.338888924651615E-013
   786722.222222222       9.980274787979993E-013
   813388.888888889       1.063039926133489E-012
   840500.000000000       1.128573281466259E-012
   868055.555555556       1.194254413414033E-012
   896055.555555556       1.259695054832455E-012
   924500.000000000       1.324497578478036E-012
   953388.888888889       1.388261435326366E-012
   982722.222222222       1.450590158314585E-012
   1012500.00000000       1.511098812511815E-012
   1042722.22222222       1.569421747366350E-012
   1073388.88888889       1.625220485404808E-012
   1104500.00000000       1.678191567123182E-012
   1136055.55555556       1.728074155140355E-012
   1168055.55555556       1.774657196120051E-012
   1200500.00000000       1.817785936051171E-012
   1233388.88888889       1.857367588616033E-012
   1266722.22222222       1.893375969627459E-012
   1300500.00000000       1.925854927716035E-012
   1334722.22222222       1.954920427850275E-012
   1369388.88888889       1.980761171549166E-012
   1404500.00000000       2.003637676445647E-012
   1440055.55555556       2.023879773703992E-012
   1476055.55555556       2.041882520012027E-012
   1512500.00000000       2.058100562516805E-012
   1549388.88888889       2.073041030678002E-012
   1586722.22222222       2.087255058383830E-012
   1624500.00000000       2.101328067736983E-012
   1662722.22222222       2.115868964520109E-012
   1701388.88888889       2.131498398075699E-012
   1740500.00000000       2.148836242345438E-012
   1780055.55555556       2.168488437891385E-012
   1820055.55555556       2.191033316209362E-012
   1860500.00000000       2.217007491229329E-012
   1901388.88888889       2.246891372489566E-012
   1942722.22222222       2.281094307763787E-012
   1984500.00000000       2.319939324584422E-012
   2026722.22222222       2.363647405827233E-012
   2069388.88888889       2.412321212323541E-012
   2112500.00000000       2.465928163082861E-012
   2156055.55555556       2.524282813482587E-012
   2200055.55555556       2.587028547853178E-012
   2244500.00000000       2.653618727601368E-012
   2289388.88888889       2.723297652397376E-012
   2334722.22222222       2.795081985638232E-012
   2380500.00000000       2.867743711113264E-012
   2426722.22222222       2.939796223777386E-012
   2473388.88888889       3.009485812707992E-012
   2520500.00000000       3.074791553169715E-012
   2568055.55555556       3.133437402740904E-012
   2616055.55555556       3.182920997296734E-012
   2664500.00000000       3.220564036775745E-012
   2713388.88888889       3.243588990121945E-012
   2762722.22222222       3.249225759368092E-012
   2812500.00000000       3.234849612747358E-012
   2862722.22222222       3.198147855297854E-012
   2913388.88888889       3.137307423826603E-012
   2964500.00000000       3.051209326335903E-012
   3016055.55555556       2.939609660266793E-012
   3068055.55555556       2.803282393470502E-012
   3120500.00000000       2.644097962482598E-012
   3173388.88888889       2.465015510756242E-012
   3226722.22222222       2.269975760498353E-012
   3280500.00000000       2.063695173738544E-012
   3334722.22222222       1.851377717954130E-012
   3389388.88888889       1.638374785841074E-012
   3444500.00000000       1.429833118698455E-012
   3500055.55555556       1.230372613272933E-012
   3556055.55555556       1.043830153434432E-012
   3612500.00000000       8.730936880496167E-013
   3669388.88888889       7.200356660423376E-013
   3726722.22222222       5.855401133322288E-013
   3784500.00000000       4.696060001208625E-013
   3842722.22222222       3.715027446524936E-013
   3901388.88888889       2.899520076382492E-013
   3960500.00000000       2.233124459392255E-013
   4020055.55555556       1.697493288256573E-013
   4080055.55555556       1.273772585643606E-013
   4140500.00000000       9.437035770571390E-014
   4201388.88888889       6.903932337374300E-014
   4262722.22222222       4.987831690425845E-014
   4324500.00000000       3.558674084507063E-014
   4386722.22222222       2.507178051815852E-014
   4449388.88888889       1.743748710262004E-014
   4512500.00000000       1.196549451961307E-014
   4576055.55555556       8.091488007827875E-015
   4640055.55555556       5.380496870970205E-015
   4704500.00000000       3.503110638611567E-015
   4769388.88888889       2.213893894391363E-015
   4834722.22222222       1.332626313218256E-015
   4900500.00000000       7.285081665437188E-016
   4966722.22222222       3.071203276658716E-016
   5033388.88888889       0.000000000000000E+000
