   55.5555555555556       0.408710518133276     
   500.000000000000       0.408710437448258     
   1388.88888888889       0.408709809380237     
   2722.22222222222       0.408707739334851     
   4500.00000000000       0.408702878186688     
   6722.22222222222       0.408693436092677     
   9388.88888888889       0.408677169443494     
   12500.0000000000       0.408651387241582     
   16055.5555555556       0.408612950890440     
   20055.5555555556       0.408558275592905     
   24500.0000000000       0.408483331996617     
   29388.8888888889       0.408383648453727     
   34722.2222222222       0.408254314090734     
   40500.0000000000       0.408089984128761     
   46722.2222222222       0.407884882639155     
   53388.8888888889       0.407632812501389     
   60500.0000000000       0.407327162108990     
   68055.5555555556       0.406960916526969     
   76055.5555555556       0.406526670327918     
   84500.0000000000       0.406016642341780     
   93388.8888888889       0.405422693786952     
   102722.222222222       0.404736349140051     
   112500.000000000       0.403948820436750     
   122722.222222222       0.403051034831821     
   133388.888888889       0.402033666492836     
   144500.000000000       0.400887172329048     
   156055.555555556       0.399601831970710     
   168055.555555556       0.398167792565639     
   180500.000000000       0.396575117776528     
   193388.888888889       0.394813842284106     
   206722.222222222       0.392874030860411     
   220500.000000000       0.390745842369479     
   234722.222222222       0.388419599205754     
   249388.888888889       0.385885861235283     
   264500.000000000       0.383135504601614     
   280055.555555556       0.380159805093576     
   296055.555555556       0.376950525314274     
   312500.000000000       0.373500005702849     
   329388.888888889       0.369801258506018     
   346722.222222222       0.365848063960961     
   364500.000000000       0.361635068100207     
   382722.222222222       0.357157880927050     
   401388.888888889       0.352413174225661     
   420500.000000000       0.347398777531639     
   440055.555555556       0.342113771017611     
   460055.555555556       0.336558574096156     
   480500.000000000       0.330735027823025     
   501388.888888889       0.324646469975313     
   522722.222222222       0.318297800843709     
   544500.000000000       0.311695538161527     
   566722.222222222       0.304847859635783     
   589388.888888889       0.297764631307717     
   612500.000000000       0.290457420155926     
   636055.555555556       0.282939489700763     
   660055.555555556       0.275225777148203     
   684500.000000000       0.267332850906846     
   709388.888888889       0.259278847867385     
   734722.222222222       0.251083389642088     
   760500.000000000       0.242767477584707     
   786722.222222222       0.234353366714972     
   813388.888888889       0.225864418981094     
   840500.000000000       0.217324936828817     
   868055.555555556       0.208759978403070     
   896055.555555556       0.200195156092784     
   924500.000000000       0.191656420723632     
   953388.888888889       0.183169834057646     
   982722.222222222       0.174761332419042     
   1012500.00000000       0.166456485058900     
   1042722.22222222       0.158280250803137     
   1073388.88888889       0.150256736760888     
   1104500.00000000       0.142408963300141     
   1136055.55555556       0.134758639135612     
   1168055.55555556       0.127325950654863     
   1200500.00000000       0.120129369291760     
   1233388.88888889       0.113185480450266     
   1266722.22222222       0.106508837230057     
   1300500.00000000       0.100111841636303     
   1334722.22222222       9.400465548955833E-002
   1369388.88888889       8.819514243996263E-002
   1404500.00000000       8.268884201285333E-002
   1440055.55555556       7.748897573899531E-002
   1476055.55555556       7.259648464007883E-002
   1512500.00000000       6.801009671881325E-002
   1549388.88888889       6.372642233843087E-002
   1586722.22222222       5.974007464711115E-002
   1624500.00000000       5.604381173872323E-002
   1662722.22222222       5.262869679195060E-002
   1701388.88888889       4.948427193684933E-002
   1740500.00000000       4.659874156955899E-002
   1780055.55555556       4.395916064256478E-002
   1820055.55555556       4.155162363289820E-002
   1860500.00000000       3.936144999759954E-002
   1901388.88888889       3.737336244292917E-002
   1942722.22222222       3.557165470444438E-002
   1984500.00000000       3.394034619918557E-002
   2026722.22222222       3.246332163436789E-002
   2069388.88888889       3.112445446728264E-002
   2112500.00000000       2.990771399569686E-002
   2156055.55555556       2.879725683991304E-002
   2200055.55555556       2.777750465941999E-002
   2244500.00000000       2.683321098028041E-002
   2289388.88888889       2.594952129495932E-002
   2334722.22222222       2.511203171832853E-002
   2380500.00000000       2.430685272944171E-002
   2426722.22222222       2.352068563658414E-002
   2473388.88888889       2.274092023702351E-002
   2520500.00000000       2.195576254124131E-002
   2568055.55555556       2.115440087901145E-002
   2616055.55555556       2.032721695675543E-002
   2664500.00000000       1.946604470012477E-002
   2713388.88888889       1.856447371402166E-002
   2762722.22222222       1.761818539391128E-002
   2812500.00000000       1.662529855188208E-002
   2862722.22222222       1.558668868280375E-002
   2913388.88888889       1.450623302261562E-002
   2964500.00000000       1.339092538728649E-002
   3016055.55555556       1.225080440840116E-002
   3068055.55555556       1.109864964609034E-002
   3120500.00000000       9.949423836925210E-003
   3173388.88888889       8.819474666146743E-003
   3226722.22222222       7.725550408983264E-003
   3280500.00000000       6.683721931970666E-003
   3334722.22222222       5.708328960125314E-003
   3389388.88888889       4.811073618772896E-003
   3444500.00000000       4.000366079328507E-003
   3500055.55555556       3.280989142074169E-003
   3556055.55555556       2.654099362233850E-003
   3612500.00000000       2.117533220150893E-003
   3669388.88888889       1.666348119004538E-003
   3726722.22222222       1.293506258500250E-003
   3784500.00000000       9.906062405344879E-004
   3842722.22222222       7.485796248252093E-004
   3901388.88888889       5.582919205925344E-004
   3960500.00000000       4.110132537725153E-004
   4020055.55555556       2.987478938130355E-004
   4080055.55555556       2.144305299091174E-004
   4140500.00000000       1.520093091954754E-004
   4201388.88888889       1.064414616892121E-004
   4262722.22222222       7.362810825914723E-005
   4324500.00000000       5.031221787366969E-005
   4386722.22222222       3.395922138659072E-005
   4449388.88888889       2.263475263477461E-005
   4512500.00000000       1.488922039512554E-005
   4576055.55555556       9.654893349207475E-006
   4640055.55555556       6.158086614313126E-006
   4704500.00000000       3.846860045527526E-006
   4769388.88888889       2.333251463012856E-006
   4834722.22222222       1.348300684033273E-006
   4900500.00000000       7.077928889298640E-007
   4966722.22222222       2.866103694196989E-007
   5033388.88888889       0.000000000000000E+000
