  -4000000.00000000       0.000000000000000E+000
  -3940000.00000000       3.636364917059429E-007
  -3880000.00000000       8.096437156294325E-007
  -3820000.00000000       1.385183124721548E-006
  -3760000.00000000       2.147661200722690E-006
  -3700000.00000000       3.170325778182270E-006
  -3640000.00000000       4.548352153990927E-006
  -3580000.00000000       6.406099196445615E-006
  -3520000.00000000       8.906154781548969E-006
  -3460000.00000000       1.226080398939861E-005
  -3400000.00000000       1.674667003283533E-005
  -3340000.00000000       2.272346624416849E-005
  -3280000.00000000       3.065804944747775E-005
  -3220000.00000000       4.115528919265228E-005
  -3160000.00000000       5.499766684061246E-005
  -3100000.00000000       7.319600098049481E-005
  -3040000.00000000       9.705426684060920E-005
  -2980000.00000000       1.282521241586813E-004
  -2920000.00000000       1.689494840292244E-004
  -2860000.00000000       2.219181994947970E-004
  -2800000.00000000       2.907067052524601E-004
  -2740000.00000000       3.798440798420821E-004
  -2680000.00000000       4.950905067547968E-004
  -2620000.00000000       6.437412550438381E-004
  -2560000.00000000       8.349910484758127E-004
  -2500000.00000000       1.080364738784885E-003
  -2440000.00000000       1.394218437275324E-003
  -2380000.00000000       1.794312475773540E-003
  -2320000.00000000       2.302453462556841E-003
  -2260000.00000000       2.945197335880290E-003
  -2200000.00000000       3.754598303101616E-003
  -2140000.00000000       4.768980327078715E-003
  -2080000.00000000       6.033698044388839E-003
  -2020000.00000000       7.601843584154565E-003
  -1960000.00000000       9.534844577372940E-003
  -1900000.00000000       1.190288833921935E-002
  -1840000.00000000       1.478509757422178E-002
  -1780000.00000000       1.826937642531627E-002
  -1720000.00000000       2.245184253951646E-002
  -1660000.00000000       2.743576219070220E-002
  -1600000.00000000       3.332991434312278E-002
  -1540000.00000000       4.024632371998035E-002
  -1480000.00000000       4.829732626535729E-002
  -1420000.00000000       5.759196089073040E-002
  -1360000.00000000       6.823171902583432E-002
  -1300000.00000000       8.030572827505900E-002
  -1240000.00000000       9.388549295050123E-002
  -1180000.00000000       0.109019366179507     
  -1120000.00000000       0.125726972743119     
  -1060000.00000000       0.143993846931865     
  -1000000.00000000       0.163766578129743     
  -940000.000000000       0.184948777881051     
  -880000.000000000       0.207398180621955     
  -820000.000000000       0.230925174894655     
  -760000.000000000       0.255293016133269     
  -700000.000000000       0.280219917721921     
  -640000.000000000       0.305383128230049     
  -580000.000000000       0.330425014169333     
  -520000.000000000       0.354961051602276     
  -460000.000000000       0.378589524552000     
  -400000.000000000       0.400902612379917     
  -340000.000000000       0.421498455863567     
  -280000.000000000       0.439993706858561     
  -220000.000000000       0.456036013514758     
  -160000.000000000       0.469315867924566     
  -100000.000000000       0.479577253937457     
  -40000.0000000000       0.486626573684040     
   20000.0000000000       0.490339410571450     
   80000.0000000000       0.490664790856314     
   140000.000000000       0.487626730612613     
   200000.000000000       0.481323001309671     
   260000.000000000       0.471921183061497     
   320000.000000000       0.459652224700413     
   380000.000000000       0.444801847894662     
   440000.000000000       0.427700234621138     
   500000.000000000       0.408710518133276     
   560000.000000000       0.388216627539129     
   620000.000000000       0.366611052963856     
   680000.000000000       0.344283065045805     
   740000.000000000       0.321607868296692     
   800000.000000000       0.298937088640460     
   860000.000000000       0.276590897869713     
   920000.000000000       0.254851966898491     
   980000.000000000       0.233961335149329     
   1040000.00000000       0.214116175187013     
   1100000.00000000       0.195469339944898     
   1160000.00000000       0.178130503713816     
   1220000.00000000       0.162168648429000     
   1280000.00000000       0.147615611737312     
   1340000.00000000       0.134470398032471     
   1400000.00000000       0.122703953335779     
   1460000.00000000       0.112264130451719     
   1520000.00000000       0.103080598364855     
   1580000.00000000       9.506949563432143E-002
   1640000.00000000       8.813767358149432E-002
   1700000.00000000       8.218642337616988E-002
   1760000.00000000       7.711462763149322E-002
   1820000.00000000       7.282132091116826E-002
   1880000.00000000       6.920767595690670E-002
   1940000.00000000       6.617846254434062E-002
   2000000.00000000       6.364304572191906E-002
   2060000.00000000       6.151600050644299E-002
   2120000.00000000       5.971742975339393E-002
   2180000.00000000       5.817306800266679E-002
   2240000.00000000       5.681425388528349E-002
   2300000.00000000       5.557784417617691E-002
   2360000.00000000       5.440613347919838E-002
   2420000.00000000       5.324683375731269E-002
   2480000.00000000       5.205315208443798E-002
   2540000.00000000       5.078399271703794E-002
   2600000.00000000       4.940429135807842E-002
   2660000.00000000       4.788547002024264E-002
   2720000.00000000       4.620598138450314E-002
   2780000.00000000       4.435188810202154E-002
   2840000.00000000       4.231740132198025E-002
   2900000.00000000       4.010528634711392E-002
   2960000.00000000       3.772703140445852E-002
   3020000.00000000       3.520267676858430E-002
   3080000.00000000       3.256022015694801E-002
   3140000.00000000       2.983454258965382E-002
   3200000.00000000       2.706585311805725E-002
   3260000.00000000       2.429770716227355E-002
   3320000.00000000       2.157471871271729E-002
   3380000.00000000       1.894014014620837E-002
   3440000.00000000       1.643352003530092E-002
   3500000.00000000       1.408865424620363E-002
   3560000.00000000       1.193201982942639E-002
   3620000.00000000       9.981825066600279E-003
   3680000.00000000       8.247731864203064E-003
   3740000.00000000       6.731223850860389E-003
   3800000.00000000       5.426520521541611E-003
   3860000.00000000       4.321884231887334E-003
   3920000.00000000       3.401143067758786E-003
   3980000.00000000       2.645256302440675E-003
   4040000.00000000       2.033776305244755E-003
   4100000.00000000       1.546101643412402E-003
   4160000.00000000       1.162462195296266E-003
   4220000.00000000       8.646190285490660E-004
   4280000.00000000       6.362952124310599E-004
   4340000.00000000       4.633758558392648E-004
   4400000.00000000       3.339266565388857E-004
   4460000.00000000       2.380824289937033E-004
   4520000.00000000       1.678528225200343E-004
   4580000.00000000       1.168844915631816E-004
   4640000.00000000       8.020973893999318E-005
   4700000.00000000       5.400248059896374E-005
   4760000.00000000       3.535439323157699E-005
   4820000.00000000       2.207755945423834E-005
   4880000.00000000       1.253473262868758E-005
   4940000.00000000       5.493793497703175E-006
   5000000.00000000       0.000000000000000E+000
