  5.000000000000000E-003   51.6576871137187     
  1.000000000000000E-002   52.9109963060690     
  1.500000000000000E-002   53.8815689457786     
  2.000000000000000E-002   54.6485011587665     
  2.500000000000000E-002   55.2651601352585     
  3.000000000000000E-002   55.7686389504968     
  3.500000000000000E-002   56.1853600769403     
  4.000000000000000E-002   56.5345402102022     
  4.500000000000000E-002   56.8304082496292     
  5.000000000000000E-002   57.0836668723140     
  5.500000000000000E-002   57.3024797121855     
  6.000000000000000E-002   57.4931524788915     
  6.500000000000000E-002   57.6606117431853     
  7.000000000000001E-002   57.8087470827241     
  7.500000000000000E-002   57.9406592033328     
  8.000000000000000E-002   58.0588422697304     
  8.500000000000001E-002   58.1653195063267     
  9.000000000000000E-002   58.2617451541043     
  9.500000000000000E-002   58.3494819051202     
  0.100000000000000        58.4296602608904     
  0.105000000000000        58.5032244278760     
  0.110000000000000        58.5709680897287     
  0.115000000000000        58.6335624997716     
  0.120000000000000        58.6915786991219     
  0.125000000000000        58.7455052066279     
  0.130000000000000        58.7957621929280     
  0.135000000000000        58.8427129059485     
  0.140000000000000        58.8866729338031     
  0.145000000000000        58.9279177557189     
  0.150000000000000        58.9666889298193     
  0.155000000000000        59.0031991895124     
  0.160000000000000        59.0376366614205     
  0.165000000000000        59.0701683726633     
  0.170000000000000        59.1009431804524     
  0.175000000000000        59.1300942298834     
  0.180000000000000        59.1577410246641     
  0.185000000000000        59.1839911789247     
  0.190000000000000        59.2089419051434     
  0.195000000000000        59.2326812828488     
  0.200000000000000        59.2552893444688     
  0.205000000000000        59.2768390080903     
  0.210000000000000        59.2973968815659     
  0.215000000000000        59.3170239581136     
  0.220000000000000        59.3357762200775     
  0.225000000000000        59.3537051646941     
  0.230000000000000        59.3708582633941     
  0.235000000000000        59.3872793642869     
  0.240000000000000        59.4030090459140     
  0.245000000000000        59.4180849290839     
  0.250000000000000        59.4325419525311     
  0.255000000000000        59.4464126172703     
  0.260000000000000        59.4597272037778     
  0.265000000000000        59.4725139655226     
  0.270000000000000        59.4847993018553     
  0.275000000000000        59.4966079128325     
  0.280000000000000        59.5079629381900     
  0.285000000000000        59.5188860823733     
  0.290000000000000        59.5293977272717     
  0.295000000000000        59.5395170340810     
  0.300000000000000        59.5492620355363     
  0.305000000000000        59.5586497195866     
  0.310000000000000        59.5676961054574     
  0.315000000000000        59.5764163129164     
  0.320000000000000        59.5848246254690     
  0.325000000000000        59.5929345481082     
  0.330000000000000        59.6007588601844     
  0.335000000000000        59.6083096638790     
  0.340000000000000        59.6155984287206     
  0.345000000000000        59.6226360325264     
  0.350000000000000        59.6294327991111     
  0.355000000000000        59.6359985330669     
  0.360000000000000        59.6423425518858     
  0.365000000000000        59.6484737156653     
  0.370000000000000        59.6544004546138     
  0.375000000000000        59.6601307945518     
  0.380000000000000        59.6656723805775     
  0.385000000000000        59.6710324990604     
  0.390000000000000        59.6762180980977     
  0.395000000000000        59.6812358065645     
  0.400000000000000        59.6860919518704     
  0.405000000000000        59.6907925765287     
  0.410000000000000        59.6953434536310     
  0.415000000000000        59.6997501013117     
  0.420000000000000        59.7040177962841     
  0.425000000000000        59.7081515865150     
  0.430000000000000        59.7121563031026     
  0.435000000000000        59.7160365714221     
  0.440000000000000        59.7197968215830     
  0.445000000000000        59.7234412982583     
  0.450000000000000        59.7269740699212     
  0.455000000000000        59.7303990375387     
  0.460000000000000        59.7337199427536     
  0.465000000000000        59.7369403755943     
  0.470000000000000        59.7400637817429     
  0.475000000000000        59.7430934693904     
  0.480000000000000        59.7460326157091     
  0.485000000000000        59.7488842729635     
  0.490000000000000        59.7516513742874     
  0.495000000000000        59.7543367391450     
  0.500000000000000        59.7569430784979     
  0.505000000000000        59.7594729996974     
  0.510000000000000        59.7619290111164     
  0.515000000000000        59.7643135265390     
  0.520000000000000        59.7666288693230     
  0.525000000000000        59.7688772763474     
  0.530000000000000        59.7710609017579     
  0.535000000000000        59.7731818205251     
  0.540000000000000        59.7752420318214     
  0.545000000000000        59.7772434622323     
  0.550000000000000        59.7791879688082     
  0.555000000000000        59.7810773419675     
  0.560000000000000        59.7829133082582     
  0.565000000000000        59.7846975329880     
  0.570000000000000        59.7864316227261     
  0.575000000000000        59.7881171276903     
  0.580000000000000        59.7897555440178     
  0.585000000000000        59.7913483159337     
  0.590000000000000        59.7928968378164     
  0.595000000000000        59.7944024561690     
  0.600000000000000        59.7958664715016     
  0.605000000000000        59.7972901401266     
  0.610000000000000        59.7986746758750     
  0.615000000000000        59.8000212517342     
  0.620000000000000        59.8013310014148     
  0.625000000000000        59.8026050208476     
  0.630000000000000        59.8038443696147     
  0.635000000000000        59.8050500723197     
  0.640000000000000        59.8062231198969     
  0.645000000000000        59.8073644708664     
  0.650000000000000        59.8084750525334     
  0.655000000000000        59.8095557621388     
  0.660000000000000        59.8106074679609     
  0.665000000000000        59.8116310103693     
  0.670000000000000        59.8126272028376     
  0.675000000000000        59.8135968329126     
  0.680000000000000        59.8145406631437     
  0.685000000000000        59.8154594319757     
  0.690000000000000        59.8163538546036     
  0.695000000000000        59.8172246237947     
  0.700000000000000        59.8180724106762     
  0.705000000000000        59.8188978654918     
  0.710000000000000        59.8197016183294     
  0.715000000000000        59.8204842798190     
  0.720000000000000        59.8212464418030     
  0.725000000000000        59.8219886779814     
  0.730000000000000        59.8227115445316     
  0.735000000000000        59.8234155807035     
  0.740000000000000        59.8241013093930     
  0.745000000000000        59.8247692376932     
  0.750000000000000        59.8254198574242     
  0.755000000000000        59.8260536456431     
  0.760000000000000        59.8266710651352     
  0.765000000000000        59.8272725648873     
  0.770000000000000        59.8278585805414     
  0.775000000000000        59.8284295348342     
  0.780000000000000        59.8289858380179     
  0.785000000000000        59.8295278882683     
  0.790000000000000        59.8300560720757     
  0.795000000000000        59.8305707646222     
  0.800000000000000        59.8310723301465     
  0.805000000000000        59.8315611222942     
  0.810000000000000        59.8320374844566     
  0.815000000000000        59.8325017500962     
  0.820000000000000        59.8329542430619     
  0.825000000000000        59.8333952778929     
  0.830000000000000        59.8338251601108     
  0.835000000000000        59.8342441865028     
  0.840000000000000        59.8346526453951     
  0.845000000000000        59.8350508169148     
  0.850000000000000        59.8354389732454     
  0.855000000000000        59.8358173788722     
  0.860000000000000        59.8361862908191     
  0.865000000000000        59.8365459588776     
  0.870000000000000        59.8368966258283     
  0.875000000000000        59.8372385276550     
  0.880000000000000        59.8375718937506     
  0.885000000000000        59.8378969471175     
  0.890000000000000        59.8382139045597     
  0.895000000000000        59.8385229768703     
  0.900000000000000        59.8388243690117     
  0.905000000000000        59.8391182802894     
  0.910000000000000        59.8394049045215     
  0.915000000000000        59.8396844302013     
  0.920000000000000        59.8399570406555     
  0.925000000000000        59.8402229141968     
  0.930000000000000        59.8404822242717     
  0.935000000000000        59.8407351396035     
  0.940000000000000        59.8409818243307     
  0.945000000000000        59.8412224381406     
  0.950000000000000        59.8414571363999     
  0.955000000000000        59.8416860702792     
  0.960000000000000        59.8419093868752     
  0.965000000000000        59.8421272293286     
  0.970000000000000        59.8423397369373     
  0.975000000000000        59.8425470452677     
  0.980000000000000        59.8427492862612     
  0.985000000000000        59.8429465883384     
  0.990000000000000        59.8431390764984     
  0.995000000000000        59.8433268724176     
   1.00000000000000        59.8435100945428     
   1.00500000000000        59.8436888581833     
   1.01000000000000        59.8438632755995     
   1.01500000000000        59.8440334560878     
   1.02000000000000        59.8441995060660     
   1.02500000000000        59.8443615291512     
   1.03000000000000        59.8445196262408     
   1.03500000000000        59.8446738955869     
   1.04000000000000        59.8448244328697     
   1.04500000000000        59.8449713312705     
   1.05000000000000        59.8451146815391     
   1.05500000000000        59.8452545720627     
   1.06000000000000        59.8453910889296     
   1.06500000000000        59.8455243159941     
   1.07000000000000        59.8456543349361     
   1.07500000000000        59.8457812253224     
   1.08000000000000        59.8459050646634     
   1.08500000000000        59.8460259284695     
   1.09000000000000        59.8461438903060     
   1.09500000000000        59.8462590218451     
   1.10000000000000        59.8463713929191     
   1.10500000000000        59.8464810715678     
   1.11000000000000        59.8465881240886     
   1.11500000000000        59.8466926150832     
   1.12000000000000        59.8467946075031     
   1.12500000000000        59.8468941626937     
   1.13000000000000        59.8469913404379     
   1.13500000000000        59.8470861989978     
   1.14000000000000        59.8471787951553     
   1.14500000000000        59.8472691842511     
   1.15000000000000        59.8473574202240     
   1.15500000000000        59.8474435556477     
   1.16000000000000        59.8475276417667     
   1.16500000000000        59.8476097285322     
   1.17000000000000        59.8476898646354     
   1.17500000000000        59.8477680975421     
   1.18000000000000        59.8478444735235     
   1.18500000000000        59.8479190376890     
   1.19000000000000        59.8479918340152     
   1.19500000000000        59.8480629053773     
   1.20000000000000        59.8481322935769     
   1.20500000000000        59.8482000393698     
   1.21000000000000        59.8482661824946     
   1.21500000000000        59.8483307616975     
   1.22000000000000        59.8483938147598     
   1.22500000000000        59.8484553785214     
   1.23000000000000        59.8485154889071     
   1.23500000000000        59.8485741809481     
   1.24000000000000        59.8486314888070     
   1.24500000000000        59.8486874457986     
   1.25000000000000        59.8487420844138     
   1.25500000000000        59.8487954363389     
   1.26000000000000        59.8488475324769     
   1.26500000000000        59.8488984029683     
   1.27000000000000        59.8489480772098     
   1.27500000000000        59.8489965838737     
   1.28000000000000        59.8490439509266     
   1.28500000000000        59.8490902056469     
   1.29000000000000        59.8491353746426     
   1.29500000000000        59.8491794838694     
   1.30000000000000        59.8492225586449     
   1.30500000000000        59.8492646236674     
   1.31000000000000        59.8493057030302     
   1.31500000000000        59.8493458202368     
   1.32000000000000        59.8493849982170     
   1.32500000000000        59.8494232593400     
   1.33000000000000        59.8494606254295     
   1.33500000000000        59.8494971177775     
   1.34000000000000        59.8495327571566     
   1.34500000000000        59.8495675638346     
   1.35000000000000        59.8496015575863     
   1.35500000000000        59.8496347577053     
   1.36000000000000        59.8496671830180     
   1.36500000000000        59.8496988518931     
   1.37000000000000        59.8497297822544     
   1.37500000000000        59.8497599915917     
   1.38000000000000        59.8497894969714     
   1.38500000000000        59.8498183150468     
   1.39000000000000        59.8498464620695     
   1.39500000000000        59.8498739538980     
   1.40000000000000        59.8499008060085     
   1.40500000000000        59.8499270335037     
   1.41000000000000        59.8499526511227     
   1.41500000000000        59.8499776732497     
   1.42000000000000        59.8500021139225     
   1.42500000000000        59.8500259868415     
   1.43000000000000        59.8500493053783     
   1.43500000000000        59.8500720825828     
   1.44000000000000        59.8500943311919     
   1.44500000000000        59.8501160636375     
   1.45000000000000        59.8501372920532     
   1.45500000000000        59.8501580282819     
   1.46000000000000        59.8501782838833     
   1.46500000000000        59.8501980701406     
   1.47000000000000        59.8502173980676     
   1.47500000000000        59.8502362784143     
   1.48000000000000        59.8502547216744     
   1.48500000000000        59.8502727380914     
   1.49000000000000        59.8502903376644     
   1.49500000000000        59.8503075301543     
   1.50000000000000        59.8503243250894     
   1.50500000000000        59.8503407317713     
   1.51000000000000        59.8503567592802     
   1.51500000000000        59.8503724164807     
   1.52000000000000        59.8503877120264     
   1.52500000000000        59.8504026543657     
   1.53000000000000        59.8504172517465     
   1.53500000000000        59.8504315122205     
   1.54000000000000        59.8504454436492     
   1.54500000000000        59.8504590537076     
   1.55000000000000        59.8504723498884     
   1.55500000000000        59.8504853395077     
   1.56000000000000        59.8504980297083     
   1.56500000000000        59.8505104274637     
   1.57000000000000        59.8505225395828     
   1.57500000000000        59.8505343727141     
   1.58000000000000        59.8505459333483     
   1.58500000000000        59.8505572278234     
   1.59000000000000        59.8505682623280     
   1.59500000000000        59.8505790429046     
   1.60000000000000        59.8505895754532     
   1.60500000000000        59.8505998657350     
   1.61000000000000        59.8506099193756     
   1.61500000000000        59.8506197418679     
   1.62000000000000        59.8506293385760     
   1.62500000000000        59.8506387147377     
   1.63000000000000        59.8506478754676     
   1.63500000000000        59.8506568257605     
   1.64000000000000        59.8506655704934     
   1.64500000000000        59.8506741144293     
   1.65000000000000        59.8506824622189     
   1.65500000000000        59.8506906184048     
   1.66000000000000        59.8506985874220     
   1.66500000000000        59.8507063736026     
   1.67000000000000        59.8507139811761     
   1.67500000000000        59.8507214142740     
   1.68000000000000        59.8507286769309     
   1.68500000000000        59.8507357730867     
   1.69000000000000        59.8507427065891     
   1.69500000000000        59.8507494811967     
   1.70000000000000        59.8507561005788     
   1.70500000000000        59.8507625683205     
   1.71000000000000        59.8507688879225     
   1.71500000000000        59.8507750628037     
   1.72000000000000        59.8507810963033     
   1.72500000000000        59.8507869916830     
   1.73000000000000        59.8507927521279     
   1.73500000000000        59.8507983807493     
   1.74000000000000        59.8508038805856     
   1.74500000000000        59.8508092546053     
   1.75000000000000        59.8508145057064     
