  5.000000000000000E-003   20.7988993493583     
  1.000000000000000E-002   20.8239418829222     
  1.500000000000000E-002   20.8449892117167     
  2.000000000000000E-002   20.8629464102508     
  2.500000000000000E-002   20.8784557206269     
  3.000000000000000E-002   20.8919878780181     
  3.500000000000000E-002   20.9038971381401     
  4.000000000000000E-002   20.9144560210992     
  4.500000000000000E-002   20.9238781045681     
  5.000000000000000E-002   20.9323334639633     
  5.500000000000000E-002   20.9399594210549     
  6.000000000000000E-002   20.9468682049018     
  6.500000000000000E-002   20.9531525254842     
  7.000000000000001E-002   20.9588897028322     
  7.500000000000000E-002   20.9641447755970     
  8.000000000000000E-002   20.9689728751882     
  8.500000000000001E-002   20.9734210625929     
  9.000000000000000E-002   20.9775297661993     
  9.500000000000000E-002   20.9813339193164     
  0.100000000000000        20.9848638688844     
  0.105000000000000        20.9881461078775     
  0.110000000000000        20.9912038704516     
  0.115000000000000        20.9940576192180     
  0.120000000000000        20.9967254469905     
  0.125000000000000        20.9992234101691     
  0.130000000000000        21.0015658070665     
  0.135000000000000        21.0037654115788     
  0.140000000000000        21.0058336704017     
  0.145000000000000        21.0077808702989     
  0.150000000000000        21.0096162806307     
  0.155000000000000        21.0113482753306     
  0.160000000000000        21.0129844377230     
  0.165000000000000        21.0145316509468     
  0.170000000000000        21.0159961762463     
  0.175000000000000        21.0173837209950     
  0.180000000000000        21.0186994979932     
  0.185000000000000        21.0199482773211     
  0.190000000000000        21.0211344318177     
  0.195000000000000        21.0222619770823     
  0.200000000000000        21.0233346067542     
  0.205000000000000        21.0243557237084     
  0.210000000000000        21.0253284677084     
  0.215000000000000        21.0262557399775     
  0.220000000000000        21.0271402250801     
  0.225000000000000        21.0279844104522     
  0.230000000000000        21.0287906038679     
  0.235000000000000        21.0295609490934     
  0.240000000000000        21.0302974399431     
  0.245000000000000        21.0310019329237     
  0.250000000000000        21.0316761586304     
  0.255000000000000        21.0323217320343     
  0.260000000000000        21.0329401617856     
  0.265000000000000        21.0335328586403     
  0.270000000000000        21.0341011431043     
  0.275000000000000        21.0346462523785     
  0.280000000000000        21.0351693466785     
  0.285000000000000        21.0356715149922     
  0.290000000000000        21.0361537803336     
  0.295000000000000        21.0366171045427     
  0.300000000000000        21.0370623926769     
  0.305000000000000        21.0374904970326     
  0.310000000000000        21.0379022208341     
  0.315000000000000        21.0382983216203     
  0.320000000000000        21.0386795143575     
  0.325000000000000        21.0390464743049     
  0.330000000000000        21.0393998396531     
  0.335000000000000        21.0397402139587     
  0.340000000000000        21.0400681683909     
  0.345000000000000        21.0403842438081     
  0.350000000000000        21.0406889526786     
  0.355000000000000        21.0409827808590     
  0.360000000000000        21.0412661892423     
  0.365000000000000        21.0415396152865     
  0.370000000000000        21.0418034744340     
  0.375000000000000        21.0420581614306     
  0.380000000000000        21.0423040515518     
  0.385000000000000        21.0425415017443     
  0.390000000000000        21.0427708516897     
  0.395000000000000        21.0429924247955     
  0.400000000000000        21.0432065291201     
  0.405000000000000        21.0434134582363     
  0.410000000000000        21.0436134920380     
  0.415000000000000        21.0438068974947     
  0.420000000000000        21.0439939293572     
  0.425000000000000        21.0441748308184     
  0.430000000000000        21.0443498341328     
  0.435000000000000        21.0445191611965     
  0.440000000000000        21.0446830240923     
  0.445000000000000        21.0448416256008     
  0.450000000000000        21.0449951596804     
  0.455000000000000        21.0451438119189     
  0.460000000000000        21.0452877599582     
  0.465000000000000        21.0454271738931     
  0.470000000000000        21.0455622166480     
  0.475000000000000        21.0456930443310     
  0.480000000000000        21.0458198065678     
  0.485000000000000        21.0459426468165     
  0.490000000000000        21.0460617026650     
  0.495000000000000        21.0461771061117     
  0.500000000000000        21.0462889838301     
  0.505000000000000        21.0463974574194     
  0.510000000000000        21.0465026436412     
  0.515000000000000        21.0466046546437     
  0.520000000000000        21.0467035981734     
  0.525000000000000        21.0467995777758     
  0.530000000000000        21.0468926929855     
  0.535000000000000        21.0469830395066     
  0.540000000000000        21.0470707093830     
  0.545000000000000        21.0471557911608     
  0.550000000000000        21.0472383700417     
  0.555000000000000        21.0473185280294     
  0.560000000000000        21.0473963440673     
  0.565000000000000        21.0474718941710     
  0.570000000000000        21.0475452515531     
  0.575000000000000        21.0476164867418     
  0.580000000000000        21.0476856676945     
  0.585000000000000        21.0477528599054     
  0.590000000000000        21.0478181265078     
  0.595000000000000        21.0478815283716     
  0.600000000000000        21.0479431241965     
  0.605000000000000        21.0480029706003     
  0.610000000000000        21.0480611222035     
  0.615000000000000        21.0481176317096     
  0.620000000000000        21.0481725499820     
  0.625000000000000        21.0482259261172     
  0.630000000000000        21.0482778075148     
  0.635000000000000        21.0483282399439     
  0.640000000000000        21.0483772676072     
  0.645000000000000        21.0484249332019     
  0.650000000000000        21.0484712779775     
  0.655000000000000        21.0485163417919     
  0.660000000000000        21.0485601631643     
  0.665000000000000        21.0486027793260     
  0.670000000000000        21.0486442262693     
  0.675000000000000        21.0486845387940     
  0.680000000000000        21.0487237505519     
  0.685000000000000        21.0487618940894     
  0.690000000000000        21.0487990008888     
  0.695000000000000        21.0488351014070     
  0.700000000000000        21.0488702251131     
  0.705000000000000        21.0489044005246     
  0.710000000000000        21.0489376552419     
  0.715000000000000        21.0489700159810     
  0.720000000000000        21.0490015086057     
  0.725000000000000        21.0490321581574     
  0.730000000000000        21.0490619888853     
  0.735000000000000        21.0490910242732     
  0.740000000000000        21.0491192870676     
  0.745000000000000        21.0491467993026     
  0.750000000000000        21.0491735823255     
  0.755000000000000        21.0491996568199     
  0.760000000000000        21.0492250428293     
  0.765000000000000        21.0492497597788     
  0.770000000000000        21.0492738264963     
  0.775000000000000        21.0492972612326     
  0.780000000000000        21.0493200816818     
  0.785000000000000        21.0493423049992     
  0.790000000000000        21.0493639478199     
  0.795000000000000        21.0493850262763     
  0.800000000000000        21.0494055560147     
  0.805000000000000        21.0494255522114     
  0.810000000000000        21.0494450295886     
  0.815000000000000        21.0494640024289     
  0.820000000000000        21.0494824845903     
  0.825000000000000        21.0495004895196     
  0.830000000000000        21.0495180302659     
  0.835000000000000        21.0495351194940     
  0.840000000000000        21.0495517694960     
  0.845000000000000        21.0495679922041     
  0.850000000000000        21.0495837992015     
  0.855000000000000        21.0495992017342     
  0.860000000000000        21.0496142107212     
  0.865000000000000        21.0496288367652     
  0.870000000000000        21.0496430901624     
  0.875000000000000        21.0496569809126     
  0.880000000000000        21.0496705187277     
  0.885000000000000        21.0496837130417     
  0.890000000000000        21.0496965730186     
  0.895000000000000        21.0497091075612     
  0.900000000000000        21.0497213253191     
  0.905000000000000        21.0497332346963     
  0.910000000000000        21.0497448438593     
  0.915000000000000        21.0497561607438     
  0.920000000000000        21.0497671930622     
  0.925000000000000        21.0497779483101     
  0.930000000000000        21.0497884337732     
  0.935000000000000        21.0497986565333     
  0.940000000000000        21.0498086234748     
  0.945000000000000        21.0498183412905     
  0.950000000000000        21.0498278164873     
  0.955000000000000        21.0498370553918     
  0.960000000000000        21.0498460641558     
  0.965000000000000        21.0498548487614     
  0.970000000000000        21.0498634150261     
  0.975000000000000        21.0498717686076     
  0.980000000000000        21.0498799150084     
  0.985000000000000        21.0498878595809     
  0.990000000000000        21.0498956075310     
  0.995000000000000        21.0499031639232     
   1.00000000000000        21.0499105336840     
   1.00500000000000        21.0499177216065     
   1.01000000000000        21.0499247323540     
   1.01500000000000        21.0499315704638     
   1.02000000000000        21.0499382403508     
   1.02500000000000        21.0499447463112     
   1.03000000000000        21.0499510925256     
   1.03500000000000        21.0499572830627     
   1.04000000000000        21.0499633218822     
   1.04500000000000        21.0499692128380     
   1.05000000000000        21.0499749596814     
   1.05500000000000        21.0499805660635     
   1.06000000000000        21.0499860355388     
   1.06500000000000        21.0499913715673     
   1.07000000000000        21.0499965775173     
   1.07500000000000        21.0500016566682     
   1.08000000000000        21.0500066122128     
   1.08500000000000        21.0500114472599     
   1.09000000000000        21.0500161648364     
   1.09500000000000        21.0500207678897     
   1.10000000000000        21.0500252592900     
   1.10500000000000        21.0500296418324     
   1.11000000000000        21.0500339182388     
   1.11500000000000        21.0500380911604     
   1.12000000000000        21.0500421631790     
   1.12500000000000        21.0500461368093     
   1.13000000000000        21.0500500145009     
   1.13500000000000        21.0500537986396     
   1.14000000000000        21.0500574915495     
   1.14500000000000        21.0500610954948     
   1.15000000000000        21.0500646126810     
   1.15500000000000        21.0500680452567     
   1.16000000000000        21.0500713953155     
   1.16500000000000        21.0500746648967     
   1.17000000000000        21.0500778559877     
   1.17500000000000        21.0500809705247     
   1.18000000000000        21.0500840103943     
   1.18500000000000        21.0500869774349     
   1.19000000000000        21.0500898734379     
   1.19500000000000        21.0500927001493     
   1.20000000000000        21.0500954592701     
   1.20500000000000        21.0500981524586     
   1.21000000000000        21.0501007813305     
   1.21500000000000        21.0501033474608     
   1.22000000000000        21.0501058523844     
   1.22500000000000        21.0501082975974     
   1.23000000000000        21.0501106845582     
   1.23500000000000        21.0501130146881     
   1.24000000000000        21.0501152893729     
   1.24500000000000        21.0501175099632     
   1.25000000000000        21.0501196777757     
   1.25500000000000        21.0501217940942     
   1.26000000000000        21.0501238601698     
   1.26500000000000        21.0501258772228     
   1.27000000000000        21.0501278464424     
   1.27500000000000        21.0501297689885     
   1.28000000000000        21.0501316459917     
   1.28500000000000        21.0501334785545     
   1.29000000000000        21.0501352677518     
   1.29500000000000        21.0501370146318     
   1.30000000000000        21.0501387202167     
   1.30500000000000        21.0501403855031     
   1.31000000000000        21.0501420114630     
   1.31500000000000        21.0501435990441     
   1.32000000000000        21.0501451491708     
   1.32500000000000        21.0501466627444     
   1.33000000000000        21.0501481406442     
   1.33500000000000        21.0501495837275     
   1.34000000000000        21.0501509928305     
   1.34500000000000        21.0501523687688     
   1.35000000000000        21.0501537123379     
   1.35500000000000        21.0501550243137     
   1.36000000000000        21.0501563054531     
   1.36500000000000        21.0501575564941     
   1.37000000000000        21.0501587781570     
   1.37500000000000        21.0501599711441     
   1.38000000000000        21.0501611361406     
   1.38500000000000        21.0501622738149     
   1.39000000000000        21.0501633848191     
   1.39500000000000        21.0501644697893     
   1.40000000000000        21.0501655293460     
   1.40500000000000        21.0501665640948     
   1.41000000000000        21.0501675746262     
   1.41500000000000        21.0501685615165     
   1.42000000000000        21.0501695253279     
   1.42500000000000        21.0501704666091     
   1.43000000000000        21.0501713858951     
   1.43500000000000        21.0501722837083     
   1.44000000000000        21.0501731605581     
   1.44500000000000        21.0501740169417     
   1.45000000000000        21.0501748533443     
   1.45500000000000        21.0501756702393     
   1.46000000000000        21.0501764680884     
   1.46500000000000        21.0501772473426     
   1.47000000000000        21.0501780084417     
   1.47500000000000        21.0501787518148     
   1.48000000000000        21.0501794778810     
   1.48500000000000        21.0501801870488     
   1.49000000000000        21.0501808797174     
   1.49500000000000        21.0501815562759     
   1.50000000000000        21.0501822171044     
   1.50500000000000        21.0501828625737     
   1.51000000000000        21.0501834930456     
   1.51500000000000        21.0501841088734     
   1.52000000000000        21.0501847104019     
   1.52500000000000        21.0501852979673     
   1.53000000000000        21.0501858718983     
   1.53500000000000        21.0501864325152     
   1.54000000000000        21.0501869801310     
   1.54500000000000        21.0501875150511     
   1.55000000000000        21.0501880375734     
   1.55500000000000        21.0501885479890     
   1.56000000000000        21.0501890465819     
   1.56500000000000        21.0501895336293     
   1.57000000000000        21.0501900094017     
   1.57500000000000        21.0501904741634     
   1.58000000000000        21.0501909281722     
   1.58500000000000        21.0501913716798     
   1.59000000000000        21.0501918049321     
   1.59500000000000        21.0501922281688     
   1.60000000000000        21.0501926416241     
   1.60500000000000        21.0501930455267     
   1.61000000000000        21.0501934400998     
   1.61500000000000        21.0501938255613     
   1.62000000000000        21.0501942021239     
   1.62500000000000        21.0501945699952     
   1.63000000000000        21.0501949293781     
   1.63500000000000        21.0501952804705     
   1.64000000000000        21.0501956234657     
   1.64500000000000        21.0501959585524     
   1.65000000000000        21.0501962859148     
   1.65500000000000        21.0501966057328     
   1.66000000000000        21.0501969181820     
   1.66500000000000        21.0501972234340     
   1.67000000000000        21.0501975216562     
   1.67500000000000        21.0501978130121     
   1.68000000000000        21.0501980976613     
   1.68500000000000        21.0501983757596     
   1.69000000000000        21.0501986474594     
   1.69500000000000        21.0501989129091     
   1.70000000000000        21.0501991722540     
   1.70500000000000        21.0501994256357     
   1.71000000000000        21.0501996731926     
   1.71500000000000        21.0501999150598     
   1.72000000000000        21.0502001513693     
   1.72500000000000        21.0502003822499     
   1.73000000000000        21.0502006078275     
   1.73500000000000        21.0502008282248     
   1.74000000000000        21.0502010435620     
   1.74500000000000        21.0502012539562     
   1.75000000000000        21.0502014595218     
