  5.000000000000000E-003  7.499999780593110E+019
  1.000000000000000E-002  7.499999625251650E+019
  1.500000000000000E-002  7.499999512481171E+019
  2.000000000000000E-002  7.499999427725132E+019
  2.500000000000000E-002  7.499999362337764E+019
  3.000000000000000E-002  7.499999310847912E+019
  3.500000000000000E-002  7.499999269627353E+019
  4.000000000000000E-002  7.499999236180340E+019
  4.500000000000000E-002  7.499999208738190E+019
  5.000000000000000E-002  7.499999186015902E+019
  5.500000000000000E-002  7.499999167059778E+019
  6.000000000000000E-002  7.499999151148940E+019
  6.500000000000000E-002  7.499999137729567E+019
  7.000000000000001E-002  7.499999126370016E+019
  7.500000000000000E-002  7.499999116729588E+019
  8.000000000000000E-002  7.499999108536156E+019
  8.500000000000001E-002  7.499999101570163E+019
  9.000000000000000E-002  7.499999095652691E+019
  9.500000000000000E-002  7.499999090636731E+019
  0.100000000000000       7.499999086400466E+019
  0.105000000000000       7.499999082842235E+019
  0.110000000000000       7.499999079876619E+019
  0.115000000000000       7.499999077431363E+019
  0.120000000000000       7.499999075445005E+019
  0.125000000000000       7.499999073864999E+019
  0.130000000000000       7.499999072646133E+019
  0.135000000000000       7.499999071749387E+019
  0.140000000000000       7.499999071140884E+019
  0.145000000000000       7.499999070791107E+019
  0.150000000000000       7.499999070674246E+019
  0.155000000000000       7.499999070767632E+019
  0.160000000000000       7.499999071051266E+019
  0.165000000000000       7.499999071507518E+019
  0.170000000000000       7.499999072120724E+019
  0.175000000000000       7.499999072876950E+019
  0.180000000000000       7.499999073763765E+019
  0.185000000000000       7.499999074770081E+019
  0.190000000000000       7.499999075885915E+019
  0.195000000000000       7.499999077102331E+019
  0.200000000000000       7.499999078411259E+019
  0.205000000000000       7.499999079805421E+019
  0.210000000000000       7.499999081278236E+019
  0.215000000000000       7.499999082823705E+019
  0.220000000000000       7.499999084436447E+019
  0.225000000000000       7.499999086111523E+019
  0.230000000000000       7.499999087844421E+019
  0.235000000000000       7.499999089631050E+019
  0.240000000000000       7.499999091467660E+019
  0.245000000000000       7.499999093350792E+019
  0.250000000000000       7.499999095277309E+019
  0.255000000000000       7.499999097244336E+019
  0.260000000000000       7.499999099249176E+019
  0.265000000000000       7.499999101289400E+019
  0.270000000000000       7.499999103362738E+019
  0.275000000000000       7.499999105467113E+019
  0.280000000000000       7.499999107600574E+019
  0.285000000000000       7.499999109761340E+019
  0.290000000000000       7.499999111947764E+019
  0.295000000000000       7.499999114158308E+019
  0.300000000000000       7.499999116391545E+019
  0.305000000000000       7.499999118646156E+019
  0.310000000000000       7.499999120920892E+019
  0.315000000000000       7.499999123214624E+019
  0.320000000000000       7.499999125526281E+019
  0.325000000000000       7.499999127854865E+019
  0.330000000000000       7.499999130199438E+019
  0.335000000000000       7.499999132559124E+019
  0.340000000000000       7.499999134933112E+019
  0.345000000000000       7.499999137320632E+019
  0.350000000000000       7.499999139720995E+019
  0.355000000000000       7.499999142133516E+019
  0.360000000000000       7.499999144557563E+019
  0.365000000000000       7.499999146992571E+019
  0.370000000000000       7.499999149437962E+019
  0.375000000000000       7.499999151893194E+019
  0.380000000000000       7.499999154357833E+019
  0.385000000000000       7.499999156831365E+019
  0.390000000000000       7.499999159313379E+019
  0.395000000000000       7.499999161803463E+019
  0.400000000000000       7.499999164301240E+019
  0.405000000000000       7.499999166806337E+019
  0.410000000000000       7.499999169318398E+019
  0.415000000000000       7.499999171837103E+019
  0.420000000000000       7.499999174362179E+019
  0.425000000000000       7.499999176893297E+019
  0.430000000000000       7.499999179430191E+019
  0.435000000000000       7.499999181972595E+019
  0.440000000000000       7.499999184520276E+019
  0.445000000000000       7.499999187072991E+019
  0.450000000000000       7.499999189630530E+019
  0.455000000000000       7.499999192192660E+019
  0.460000000000000       7.499999194759181E+019
  0.465000000000000       7.499999197329934E+019
  0.470000000000000       7.499999199904716E+019
  0.475000000000000       7.499999202483372E+019
  0.480000000000000       7.499999205065715E+019
  0.485000000000000       7.499999207651618E+019
  0.490000000000000       7.499999210240919E+019
  0.495000000000000       7.499999212833471E+019
  0.500000000000000       7.499999215429139E+019
  0.505000000000000       7.499999218027820E+019
  0.510000000000000       7.499999220629381E+019
  0.515000000000000       7.499999223233695E+019
  0.520000000000000       7.499999225840656E+019
  0.525000000000000       7.499999228450166E+019
  0.530000000000000       7.499999231062129E+019
  0.535000000000000       7.499999233676447E+019
  0.540000000000000       7.499999236293029E+019
  0.545000000000000       7.499999238911761E+019
  0.550000000000000       7.499999241532603E+019
  0.555000000000000       7.499999244155452E+019
  0.560000000000000       7.499999246780224E+019
  0.565000000000000       7.499999249406865E+019
  0.570000000000000       7.499999252035296E+019
  0.575000000000000       7.499999254665437E+019
  0.580000000000000       7.499999257297242E+019
  0.585000000000000       7.499999259930658E+019
  0.590000000000000       7.499999262565589E+019
  0.595000000000000       7.499999265202014E+019
  0.600000000000000       7.499999267839846E+019
  0.605000000000000       7.499999270479069E+019
  0.610000000000000       7.499999273119629E+019
  0.615000000000000       7.499999275761458E+019
  0.620000000000000       7.499999278404531E+019
  0.625000000000000       7.499999281048789E+019
  0.630000000000000       7.499999283694202E+019
  0.635000000000000       7.499999286340729E+019
  0.640000000000000       7.499999288988303E+019
  0.645000000000000       7.499999291636920E+019
  0.650000000000000       7.499999294286533E+019
  0.655000000000000       7.499999296937099E+019
  0.660000000000000       7.499999299588609E+019
  0.665000000000000       7.499999302240998E+019
  0.670000000000000       7.499999304894274E+019
  0.675000000000000       7.499999307548369E+019
  0.680000000000000       7.499999310203295E+019
  0.685000000000000       7.499999312858984E+019
  0.690000000000000       7.499999315515436E+019
  0.695000000000000       7.499999318172610E+019
  0.700000000000000       7.499999320830506E+019
  0.705000000000000       7.499999323489067E+019
  0.710000000000000       7.499999326148303E+019
  0.715000000000000       7.499999328808175E+019
  0.720000000000000       7.499999331468660E+019
  0.725000000000000       7.499999334129749E+019
  0.730000000000000       7.499999336791422E+019
  0.735000000000000       7.499999339453640E+019
  0.740000000000000       7.499999342116415E+019
  0.745000000000000       7.499999344779708E+019
  0.750000000000000       7.499999347443510E+019
  0.755000000000000       7.499999350107798E+019
  0.760000000000000       7.499999352772554E+019
  0.765000000000000       7.499999355437780E+019
  0.770000000000000       7.499999358103460E+019
  0.775000000000000       7.499999360769561E+019
  0.780000000000000       7.499999363436082E+019
  0.785000000000000       7.499999366103012E+019
  0.790000000000000       7.499999368770331E+019
  0.795000000000000       7.499999371438044E+019
  0.800000000000000       7.499999374106110E+019
  0.805000000000000       7.499999376774534E+019
  0.810000000000000       7.499999379443309E+019
  0.815000000000000       7.499999382112430E+019
  0.820000000000000       7.499999384781860E+019
  0.825000000000000       7.499999387451616E+019
  0.830000000000000       7.499999390121683E+019
  0.835000000000000       7.499999392792037E+019
  0.840000000000000       7.499999395462691E+019
  0.845000000000000       7.499999398133606E+019
  0.850000000000000       7.499999400804801E+019
  0.855000000000000       7.499999403476253E+019
  0.860000000000000       7.499999406147962E+019
  0.865000000000000       7.499999408819927E+019
  0.870000000000000       7.499999411492115E+019
  0.875000000000000       7.499999414164555E+019
  0.880000000000000       7.499999416837204E+019
  0.885000000000000       7.499999419510079E+019
  0.890000000000000       7.499999422183170E+019
  0.895000000000000       7.499999424856470E+019
  0.900000000000000       7.499999427529964E+019
  0.905000000000000       7.499999430203653E+019
  0.910000000000000       7.499999432877523E+019
  0.915000000000000       7.499999435551585E+019
  0.920000000000000       7.499999438225842E+019
  0.925000000000000       7.499999440900237E+019
  0.930000000000000       7.499999443574830E+019
  0.935000000000000       7.499999446249585E+019
  0.940000000000000       7.499999448924494E+019
  0.945000000000000       7.499999451599546E+019
  0.950000000000000       7.499999454274765E+019
  0.955000000000000       7.499999456950118E+019
  0.960000000000000       7.499999459625624E+019
  0.965000000000000       7.499999462301259E+019
  0.970000000000000       7.499999464977018E+019
  0.975000000000000       7.499999467652914E+019
  0.980000000000000       7.499999470328935E+019
  0.985000000000000       7.499999473005081E+019
  0.990000000000000       7.499999475681339E+019
  0.995000000000000       7.499999478357706E+019
   1.00000000000000       7.499999481034205E+019
   1.00500000000000       7.499999483710798E+019
   1.01000000000000       7.499999486387505E+019
   1.01500000000000       7.499999489064310E+019
   1.02000000000000       7.499999491741221E+019
   1.02500000000000       7.499999494418214E+019
   1.03000000000000       7.499999497095320E+019
   1.03500000000000       7.499999499772520E+019
   1.04000000000000       7.499999502449795E+019
   1.04500000000000       7.499999505127165E+019
   1.05000000000000       7.499999507804615E+019
   1.05500000000000       7.499999510482158E+019
   1.06000000000000       7.499999513159767E+019
   1.06500000000000       7.499999515837461E+019
   1.07000000000000       7.499999518515244E+019
   1.07500000000000       7.499999521193080E+019
   1.08000000000000       7.499999523871000E+019
   1.08500000000000       7.499999526548981E+019
   1.09000000000000       7.499999529227048E+019
   1.09500000000000       7.499999531905163E+019
   1.10000000000000       7.499999534583328E+019
   1.10500000000000       7.499999537261568E+019
   1.11000000000000       7.499999539939874E+019
   1.11500000000000       7.499999542618237E+019
   1.12000000000000       7.499999545296654E+019
   1.12500000000000       7.499999547975138E+019
   1.13000000000000       7.499999550653674E+019
   1.13500000000000       7.499999553332265E+019
   1.14000000000000       7.499999556010895E+019
   1.14500000000000       7.499999558689584E+019
   1.15000000000000       7.499999561368324E+019
   1.15500000000000       7.499999564047109E+019
   1.16000000000000       7.499999566725934E+019
   1.16500000000000       7.499999569404807E+019
   1.17000000000000       7.499999572083737E+019
   1.17500000000000       7.499999574762693E+019
   1.18000000000000       7.499999577441708E+019
   1.18500000000000       7.499999580120754E+019
   1.19000000000000       7.499999582799836E+019
   1.19500000000000       7.499999585478957E+019
   1.20000000000000       7.499999588158112E+019
   1.20500000000000       7.499999590837325E+019
   1.21000000000000       7.499999593516561E+019
   1.21500000000000       7.499999596195824E+019
   1.22000000000000       7.499999598875124E+019
   1.22500000000000       7.499999601554463E+019
   1.23000000000000       7.499999604233837E+019
   1.23500000000000       7.499999606913242E+019
   1.24000000000000       7.499999609592668E+019
   1.24500000000000       7.499999612272121E+019
   1.25000000000000       7.499999614951608E+019
   1.25500000000000       7.499999617631122E+019
   1.26000000000000       7.499999620310663E+019
   1.26500000000000       7.499999622990235E+019
   1.27000000000000       7.499999625669829E+019
   1.27500000000000       7.499999628349448E+019
   1.28000000000000       7.499999631029102E+019
   1.28500000000000       7.499999633708771E+019
   1.29000000000000       7.499999636388469E+019
   1.29500000000000       7.499999639068182E+019
   1.30000000000000       7.499999641747929E+019
   1.30500000000000       7.499999644427677E+019
   1.31000000000000       7.499999647107459E+019
   1.31500000000000       7.499999649787267E+019
   1.32000000000000       7.499999652467078E+019
   1.32500000000000       7.499999655146914E+019
   1.33000000000000       7.499999657826777E+019
   1.33500000000000       7.499999660506664E+019
   1.34000000000000       7.499999663186551E+019
   1.34500000000000       7.499999665866459E+019
   1.35000000000000       7.499999668546391E+019
   1.35500000000000       7.499999671226335E+019
   1.36000000000000       7.499999673906304E+019
   1.36500000000000       7.499999676586279E+019
   1.37000000000000       7.499999679266274E+019
   1.37500000000000       7.499999681946277E+019
   1.38000000000000       7.499999684626294E+019
   1.38500000000000       7.499999687306338E+019
   1.39000000000000       7.499999689986402E+019
   1.39500000000000       7.499999692666472E+019
   1.40000000000000       7.499999695346547E+019
   1.40500000000000       7.499999698026645E+019
   1.41000000000000       7.499999700706735E+019
   1.41500000000000       7.499999703386862E+019
   1.42000000000000       7.499999706067005E+019
   1.42500000000000       7.499999708747145E+019
   1.43000000000000       7.499999711427294E+019
   1.43500000000000       7.499999714107454E+019
   1.44000000000000       7.499999716787628E+019
   1.44500000000000       7.499999719467801E+019
   1.45000000000000       7.499999722148002E+019
   1.45500000000000       7.499999724828213E+019
   1.46000000000000       7.499999727508428E+019
   1.46500000000000       7.499999730188670E+019
   1.47000000000000       7.499999732868892E+019
   1.47500000000000       7.499999735549139E+019
   1.48000000000000       7.499999738229388E+019
   1.48500000000000       7.499999740909652E+019
   1.49000000000000       7.499999743589917E+019
   1.49500000000000       7.499999746270195E+019
   1.50000000000000       7.499999748950480E+019
   1.50500000000000       7.499999751630771E+019
   1.51000000000000       7.499999754311072E+019
   1.51500000000000       7.499999756991378E+019
   1.52000000000000       7.499999759671684E+019
   1.52500000000000       7.499999762352013E+019
   1.53000000000000       7.499999765032342E+019
   1.53500000000000       7.499999767712683E+019
   1.54000000000000       7.499999770393015E+019
   1.54500000000000       7.499999773073367E+019
   1.55000000000000       7.499999775753721E+019
   1.55500000000000       7.499999778434082E+019
   1.56000000000000       7.499999781114459E+019
   1.56500000000000       7.499999783794827E+019
   1.57000000000000       7.499999786475194E+019
   1.57500000000000       7.499999789155567E+019
   1.58000000000000       7.499999791835944E+019
   1.58500000000000       7.499999794516338E+019
   1.59000000000000       7.499999797196739E+019
   1.59500000000000       7.499999799877157E+019
   1.60000000000000       7.499999802557568E+019
   1.60500000000000       7.499999805237977E+019
   1.61000000000000       7.499999807918388E+019
   1.61500000000000       7.499999810598815E+019
   1.62000000000000       7.499999813279246E+019
   1.62500000000000       7.499999815959672E+019
   1.63000000000000       7.499999818640107E+019
   1.63500000000000       7.499999821320566E+019
   1.64000000000000       7.499999824000998E+019
   1.64500000000000       7.499999826681455E+019
   1.65000000000000       7.499999829361905E+019
   1.65500000000000       7.499999832042355E+019
   1.66000000000000       7.499999834722812E+019
   1.66500000000000       7.499999837403270E+019
   1.67000000000000       7.499999840083734E+019
   1.67500000000000       7.499999842764209E+019
   1.68000000000000       7.499999845444685E+019
   1.68500000000000       7.499999848125143E+019
   1.69000000000000       7.499999850805638E+019
   1.69500000000000       7.499999853486118E+019
   1.70000000000000       7.499999856166606E+019
   1.70500000000000       7.499999858847090E+019
   1.71000000000000       7.499999861527586E+019
   1.71500000000000       7.499999864208073E+019
   1.72000000000000       7.499999866888572E+019
   1.72500000000000       7.499999869569075E+019
   1.73000000000000       7.499999872249566E+019
   1.73500000000000       7.499999874930072E+019
   1.74000000000000       7.499999877610588E+019
   1.74500000000000       7.499999880291100E+019
   1.75000000000000       7.499999882971614E+019
