  5.000000000000000E-003   18.8678317459296        12.8535330769574     
  1.000000000000000E-002   19.6000830143511        13.5642294540438     
  1.500000000000000E-002   20.2333860094879        14.1694238074856     
  2.000000000000000E-002   20.7868647328335        14.6910056408908     
  2.500000000000000E-002   21.2748049437940        15.1451298029888     
  3.000000000000000E-002   21.7081521717315        15.5440030664000     
  3.500000000000000E-002   22.0954685174695        15.8970322712853     
  4.000000000000000E-002   22.4435689484224        16.2115894609736     
  4.500000000000000E-002   22.7579585561137        16.4935370647438     
  5.000000000000000E-002   23.0431413755501        16.7475974067088     
  5.500000000000000E-002   23.3028436348351        16.9776182430763     
  6.000000000000000E-002   23.5401784265223        17.1867671242120     
  6.500000000000000E-002   23.7577693267345        17.3776759824378     
  7.000000000000001E-002   23.9578446482843        17.5525502549469     
  7.500000000000000E-002   24.1423103031977        17.7132523153249     
  8.000000000000000E-002   24.3128068304282        17.8613660157447     
  8.500000000000001E-002   24.4707545304914        17.9982471539216     
  9.000000000000000E-002   24.6173895499625        18.1250633237066     
  9.500000000000000E-002   24.7537929969802        18.2428256686792     
  0.100000000000000        24.8809146319457        18.3524143967842     
  0.105000000000000        24.9995922934069        18.4545994420712     
  0.110000000000000        25.1105679404157        18.5500573184470     
  0.115000000000000        25.2145009879079        18.6393849608866     
  0.120000000000000        25.3119794595011        18.7231111651432     
  0.125000000000000        25.4035293677981        18.8017060993347     
  0.130000000000000        25.4896226455623        18.8755892570375     
  0.135000000000000        25.5706838847134        18.9451361426679     
  0.140000000000000        25.6470960887945        19.0106839194988     
  0.145000000000000        25.7192056046105        19.0725362039971     
  0.150000000000000        25.7873263673964        19.1309671538709     
  0.155000000000000        25.8517435691034        19.1862249687943     
  0.160000000000000        25.9127168396907        19.2385349003748     
  0.165000000000000        25.9704830155365        19.2881018501615     
  0.170000000000000        26.0252585563808        19.3351126203282     
  0.175000000000000        26.0772416619278        19.3797378702949     
  0.180000000000000        26.1266141308622        19.4221338233917     
  0.185000000000000        26.1735429981809        19.4624437602446     
  0.190000000000000        26.2181819811126        19.5007993295134     
  0.195000000000000        26.2606727592406        19.5373217016704     
  0.200000000000000        26.3011461105916        19.5721225874422     
  0.205000000000000        26.3397229222368        19.6053051391839     
  0.210000000000000        26.3765150912638        19.6369647506810     
  0.215000000000000        26.4116263297270        19.6671897685592     
  0.220000000000000        26.4451528852818        19.6960621265558     
  0.225000000000000        26.4771841876046        19.7236579122927     
  0.230000000000000        26.5078034293387        19.7500478748274     
  0.235000000000000        26.5370880891500        19.7752978801163     
  0.240000000000000        26.5651104034891        19.7994693205525     
  0.245000000000000        26.5919377928096        19.8226194839180     
  0.250000000000000        26.6176332472709        19.8448018863868     
  0.255000000000000        26.6422556763266        19.8660665736192     
  0.260000000000000        26.6658602260659        19.8864603934727     
  0.265000000000000        26.6884985677064        19.9060272434145     
  0.270000000000000        26.7102191602377        19.9248082953424     
  0.275000000000000        26.7310674898623        19.9428422001926     
  0.280000000000000        26.7510862885769        19.9601652744299     
  0.285000000000000        26.7703157339714        19.9768116702699     
  0.290000000000000        26.7887936320908        19.9928135312695     
  0.295000000000000        26.8065555850005        20.0082011347348     
  0.300000000000000        26.8236351445178        20.0230030222357     
  0.305000000000000        26.8400639534157        20.0372461193692     
  0.310000000000000        26.8558718752649        20.0509558457950     
  0.315000000000000        26.8710871139599        20.0641562164514     
  0.320000000000000        26.8857363238662        20.0768699347682     
  0.325000000000000        26.8998447114293        20.0891184786035     
  0.330000000000000        26.9134361290024        20.1009221795600     
  0.335000000000000        26.9265331615746        20.1123002962682     
  0.340000000000000        26.9391572070126        20.1232710821634     
  0.345000000000000        26.9513285503718        20.1338518482356     
  0.350000000000000        26.9630664327773        20.1440590211784     
  0.355000000000000        26.9743891153286        20.1539081973281     
  0.360000000000000        26.9853139384391        20.1634141927411     
  0.365000000000000        26.9958573769831        20.1725910897302     
  0.370000000000000        27.0060350915901        20.1814522801462     
  0.375000000000000        27.0158619763921        20.1900105056673     
  0.380000000000000        27.0253522035061        20.1982778953338     
  0.385000000000000        27.0345192645077        20.2062660005459     
  0.390000000000000        27.0433760091253        20.2139858277199     
  0.395000000000000        27.0519346813723        20.2214478687845     
  0.400000000000000        27.0602069533073        20.2286621296805     
  0.405000000000000        27.0682039566033        20.2356381570149     
  0.410000000000000        27.0759363120867        20.2423850630055     
  0.415000000000000        27.0834141573969        20.2489115488433     
  0.420000000000000        27.0906471729010        20.2552259265874     
  0.425000000000000        27.0976446059925        20.2613361396980     
  0.430000000000000        27.1044152938869        20.2672497823053     
  0.435000000000000        27.1109676850209        20.2729741173033     
  0.440000000000000        27.1173098591542        20.2785160933509     
  0.445000000000000        27.1234495462624        20.2838823608559     
  0.450000000000000        27.1293941443054        20.2890792870124     
  0.455000000000000        27.1351507359464        20.2941129699543     
  0.460000000000000        27.1407261042941        20.2989892520866     
  0.465000000000000        27.1461267477312        20.3037137326478     
  0.470000000000000        27.1513588938927        20.3082917795545     
  0.475000000000000        27.1564285128461        20.3127285405759     
  0.480000000000000        27.1613413295294        20.3170289538807     
  0.485000000000000        27.1661028354910        20.3211977579975     
  0.490000000000000        27.1707182999800        20.3252395012260     
  0.495000000000000        27.1751927804245        20.3291585505331     
  0.500000000000000        27.1795311323389        20.3329590999671     
  0.505000000000000        27.1837380186940        20.3366451786188     
  0.510000000000000        27.1878179187856        20.3402206581591     
  0.515000000000000        27.1917751366295        20.3436892599764     
  0.520000000000000        27.1956138089130        20.3470545619409     
  0.525000000000000        27.1993379125302        20.3503200048160     
  0.530000000000000        27.2029512717255        20.3534888983386     
  0.535000000000000        27.2064575648679        20.3565644269887     
  0.540000000000000        27.2098603308791        20.3595496554644     
  0.545000000000000        27.2131629753345        20.3624475338818     
  0.550000000000000        27.2163687762567        20.3652609027137     
  0.555000000000000        27.2194808896194        20.3679924974839     
  0.560000000000000        27.2225023545771        20.3706449532289     
  0.565000000000000        27.2254360984377        20.3732208087418     
  0.570000000000000        27.2282849413914        20.3757225106098     
  0.575000000000000        27.2310516010092        20.3781524170570     
  0.580000000000000        27.2337386965253        20.3805128016026     
  0.585000000000000        27.2363487529136        20.3828058565461     
  0.590000000000000        27.2388842047705        20.3850336962866     
  0.595000000000000        27.2413474000142        20.3871983604877     
  0.600000000000000        27.2437406034104        20.3893018170940     
  0.605000000000000        27.2460659999335        20.3913459652085     
  0.610000000000000        27.2483256979729        20.3933326378377     
  0.615000000000000        27.2505217323912        20.3952636045116     
  0.620000000000000        27.2526560674423        20.3971405737842     
  0.625000000000000        27.2547305995590        20.3989651956224     
  0.630000000000000        27.2567471600122        20.4007390636873     
  0.635000000000000        27.2587075174533        20.4024637175141     
  0.640000000000000        27.2606133803426        20.4041406445958     
  0.645000000000000        27.2624663992699        20.4057712823758     
  0.650000000000000        27.2642681691736        20.4073570201526     
  0.655000000000000        27.2660202314632        20.4088992009032     
  0.660000000000000        27.2677240760487        20.4103991230267     
  0.665000000000000        27.2693811432838        20.4118580420143     
  0.670000000000000        27.2709928258242        20.4132771720471     
  0.675000000000000        27.2725604704082        20.4146576875276     
  0.680000000000000        27.2740853795609        20.4160007245452     
  0.685000000000000        27.2755688132270        20.4173073822821     
  0.690000000000000        27.2770119903352        20.4185787243594     
  0.695000000000000        27.2784160902972        20.4198157801284     
  0.700000000000000        27.2797822544453        20.4210195459081     
  0.705000000000000        27.2811115874102        20.4221909861730     
  0.710000000000000        27.2824051584425        20.4233310346917     
  0.715000000000000        27.2836640026807        20.4244405956204     
  0.720000000000000        27.2848891223680        20.4255205445516     
  0.725000000000000        27.2860814880194        20.4265717295214     
  0.730000000000000        27.2872420395427        20.4275949719767     
  0.735000000000000        27.2883716873150        20.4285910677040     
  0.740000000000000        27.2894713132160        20.4295607877216     
  0.745000000000000        27.2905417716207        20.4305048791372     
  0.750000000000000        27.2915838903538        20.4314240659720     
  0.755000000000000        27.2925984716062        20.4323190499526     
  0.760000000000000        27.2935862928161        20.4331905112724     
  0.765000000000000        27.2945481075163        20.4340391093248     
  0.770000000000000        27.2954846461492        20.4348654834066     
  0.775000000000000        27.2963966168496        20.4356702533969     
  0.780000000000000        27.2972847061994        20.4364540204080     
  0.785000000000000        27.2981495799519        20.4372173674140     
  0.790000000000000        27.2989918837303        20.4379608598546     
  0.795000000000000        27.2998122436995        20.4386850462165     
  0.800000000000000        27.3006112672127        20.4393904585939     
  0.805000000000000        27.3013895434341        20.4400776132280     
  0.810000000000000        27.3021476439387        20.4407470110261     
  0.815000000000000        27.3028861232901        20.4413991380629     
  0.820000000000000        27.3036055195969        20.4420344660628     
  0.825000000000000        27.3043063550492        20.4426534528646     
  0.830000000000000        27.3049891364351        20.4432565428700     
  0.835000000000000        27.3056543556394        20.4438441674758     
  0.840000000000000        27.3063024901230        20.4444167454906     
  0.845000000000000        27.3069340033872        20.4449746835367     
  0.850000000000000        27.3075493454192        20.4455183764375     
  0.855000000000000        27.3081489531234        20.4460482075918     
  0.860000000000000        27.3087332507368        20.4465645493348     
  0.865000000000000        27.3093026502299        20.4470677632861     
  0.870000000000000        27.3098575516938        20.4475582006856     
  0.875000000000000        27.3103983437131        20.4480362027187     
  0.880000000000000        27.3109254037270        20.4485021008289     
  0.885000000000000        27.3114390983765        20.4489562170206     
  0.890000000000000        27.3119397838409        20.4493988641511     
  0.895000000000000        27.3124278061619        20.4498303462129     
  0.900000000000000        27.3129035015572        20.4502509586064     
  0.905000000000000        27.3133671967232        20.4506609884027     
  0.910000000000000        27.3138192091271        20.4510607145988     
  0.915000000000000        27.3142598472895        20.4514504083630     
  0.920000000000000        27.3146894110578        20.4518303332727     
  0.925000000000000        27.3151081918697        20.4522007455448     
  0.930000000000000        27.3155164730083        20.4525618942564     
  0.935000000000000        27.3159145298488        20.4529140215613     
  0.940000000000000        27.3163026300968        20.4532573628964     
  0.945000000000000        27.3166810340191        20.4535921471834     
  0.950000000000000        27.3170499946659        20.4539185970225     
  0.955000000000000        27.3174097580875        20.4542369288810     
  0.960000000000000        27.3177605635420        20.4545473532746     
  0.965000000000000        27.3181026436974        20.4548500749438     
  0.970000000000000        27.3184362248271        20.4551452930238     
  0.975000000000000        27.3187615269982        20.4554332012097     
  0.980000000000000        27.3190787642552        20.4557139879158     
  0.985000000000000        27.3193881447960        20.4559878364302     
  0.990000000000000        27.3196898711441        20.4562549250643     
  0.995000000000000        27.3199841403139        20.4565154272973     
   1.00000000000000        27.3202711439714        20.4567695119168     
   1.00500000000000        27.3205510685899        20.4570173431542     
   1.01000000000000        27.3208240956001        20.4572590808168     
   1.01500000000000        27.3210904015363        20.4574948804143     
   1.02000000000000        27.3213501581777        20.4577248932831     
   1.02500000000000        27.3216035326851        20.4579492667054     
   1.03000000000000        27.3218506877332        20.4581681440250     
   1.03500000000000        27.3220917816395        20.4583816647600     
   1.04000000000000        27.3223269684887        20.4585899647112     
   1.04500000000000        27.3225563982529        20.4587931760677     
   1.05000000000000        27.3227802169090        20.4589914275091     
   1.05500000000000        27.3229985665517        20.4591848443048     
   1.06000000000000        27.3232115855036        20.4593735484099     
   1.06500000000000        27.3234194084214        20.4595576585583     
   1.07000000000000        27.3236221663991        20.4597372903534     
   1.07500000000000        27.3238199870686        20.4599125563553     
   1.08000000000000        27.3240129946964        20.4600835661661     
   1.08500000000000        27.3242013102777        20.4602504265119     
   1.09000000000000        27.3243850516277        20.4604132413233     
   1.09500000000000        27.3245643334708        20.4605721118125     
   1.10000000000000        27.3247392675253        20.4607271365490     
   1.10500000000000        27.3249099625879        20.4608784115321     
   1.11000000000000        27.3250765246142        20.4610260302622     
   1.11500000000000        27.3252390567968        20.4611700838091     
   1.12000000000000        27.3253976596420        20.4613106608793     
   1.12500000000000        27.3255524310433        20.4614478478802     
   1.13000000000000        27.3257034663535        20.4615817289834     
   1.13500000000000        27.3258508584538        20.4617123861855     
   1.14000000000000        27.3259946978218        20.4618398993673     
   1.14500000000000        27.3261350725968        20.4619643463516     
   1.15000000000000        27.3262720686439        20.4620858029587     
   1.15500000000000        27.3264057696152        20.4622043430608     
   1.16000000000000        27.3265362570106        20.4623200386349     
   1.16500000000000        27.3266636102353        20.4624329598133     
   1.17000000000000        27.3267879066569        20.4625431749339     
   1.17500000000000        27.3269092216604        20.4626507505883     
   1.18000000000000        27.3270276287014        20.4627557516685     
   1.18500000000000        27.3271431993580        20.4628582414125     
   1.19000000000000        27.3272560033812        20.4629582814487     
   1.19500000000000        27.3273661087440        20.4630559318385     
   1.20000000000000        27.3274735816888        20.4631512511185     
   1.20500000000000        27.3275784867732        20.4632442963407     
   1.21000000000000        27.3276808869160        20.4633351231123     
   1.21500000000000        27.3277808434397        20.4634237856334     
   1.22000000000000        27.3278784161133        20.4635103367352     
   1.22500000000000        27.3279736631937        20.4635948279150     
   1.23000000000000        27.3280666414653        20.4636773093726     
   1.23500000000000        27.3281574062794        20.4637578300436     
   1.24000000000000        27.3282460115916        20.4638364376329     
   1.24500000000000        27.3283325099989        20.4639131786473     
   1.25000000000000        27.3284169527749        20.4639880984265     
   1.25500000000000        27.3284993899054        20.4640612411740     
   1.26000000000000        27.3285798701216        20.4641326499864     
   1.26500000000000        27.3286584409329        20.4642023668828     
   1.27000000000000        27.3287351486589        20.4642704328324     
   1.27500000000000        27.3288100384610        20.4643368877824     
   1.28000000000000        27.3288831543716        20.4644017706837     
   1.28500000000000        27.3289545393244        20.4644651195177     
   1.29000000000000        27.3290242351826        20.4645269713207     
   1.29500000000000        27.3290922827664        20.4645873622087     
   1.30000000000000        27.3291587218804        20.4646463274012     
   1.30500000000000        27.3292235913401        20.4647039012441     
   1.31000000000000        27.3292869289965        20.4647601172325     
   1.31500000000000        27.3293487717622        20.4648150080323     
   1.32000000000000        27.3294091556348        20.4648686055017     
   1.32500000000000        27.3294681157207        20.4649209407120     
   1.33000000000000        27.3295256862578        20.4649720439675     
   1.33500000000000        27.3295819006383        20.4650219448254     
   1.34000000000000        27.3296367914298        20.4650706721148     
   1.34500000000000        27.3296903903968        20.4651182539551     
   1.35000000000000        27.3297427285209        20.4651647177745     
   1.35500000000000        27.3297938360212        20.4652100903272     
   1.36000000000000        27.3298437423734        20.4652543977108     
   1.36500000000000        27.3298924763291        20.4652976653830     
   1.37000000000000        27.3299400659336        20.4653399181776     
   1.37500000000000        27.3299865385447        20.4653811803204     
   1.38000000000000        27.3300319208492        20.4654214754449     
   1.38500000000000        27.3300762388809        20.4654608266068     
   1.39000000000000        27.3301195180362        20.4654992562988     
   1.39500000000000        27.3301617830911        20.4655367864650     
   1.40000000000000        27.3302030582161        20.4655734385144     
   1.40500000000000        27.3302433669918        20.4656092333345     
   1.41000000000000        27.3302827324241        20.4656441913046     
   1.41500000000000        27.3303211769579        20.4656783323080     
   1.42000000000000        27.3303587224920        20.4657116757453     
   1.42500000000000        27.3303953903924        20.4657442405457     
   1.43000000000000        27.3304312015056        20.4657760451792     
   1.43500000000000        27.3304661761720        20.4658071076680     
   1.44000000000000        27.3305003342380        20.4658374455977     
   1.44500000000000        27.3305336950690        20.4658670761282     
   1.45000000000000        27.3305662775609        20.4658960160042     
   1.45500000000000        27.3305981001523        20.4659242815658     
   1.46000000000000        27.3306291808353        20.4659518887583     
   1.46500000000000        27.3306595371672        20.4659788531421     
   1.47000000000000        27.3306891862809        20.4660051899023     
   1.47500000000000        27.3307181448958        20.4660309138579     
   1.48000000000000        27.3307464293276        20.4660560394710     
   1.48500000000000        27.3307740554991        20.4660805808557     
   1.49000000000000        27.3308010389489        20.4661045517864     
   1.49500000000000        27.3308273948418        20.4661279657066     
   1.50000000000000        27.3308531379776        20.4661508357366     
   1.50500000000000        27.3308782828003        20.4661731746819     
   1.51000000000000        27.3309028434067        20.4661949950406     
   1.51500000000000        27.3309268335553        20.4662163090115     
   1.52000000000000        27.3309502666741        20.4662371285007     
   1.52500000000000        27.3309731558693        20.4662574651296     
   1.53000000000000        27.3309955139330        20.4662773302411     
   1.53500000000000        27.3310173533506        20.4662967349071     
   1.54000000000000        27.3310386863092        20.4663156899348     
   1.54500000000000        27.3310595247037        20.4663342058733     
   1.55000000000000        27.3310798801450        20.4663522930197     
   1.55500000000000        27.3310997639666        20.4663699614256     
   1.56000000000000        27.3311191872310        20.4663872209029     
   1.56500000000000        27.3311381607373        20.4664040810297     
   1.57000000000000        27.3311566950267        20.4664205511559     
   1.57500000000000        27.3311748003888        20.4664366404088     
   1.58000000000000        27.3311924868686        20.4664523576988     
   1.58500000000000        27.3312097642716        20.4664677117242     
   1.59000000000000        27.3312266421702        20.4664827109767     
   1.59500000000000        27.3312431299090        20.4664973637463     
   1.60000000000000        27.3312592366105        20.4665116781263     
   1.60500000000000        27.3312749711805        20.4665256620178     
   1.61000000000000        27.3312903423133        20.4665393231348     
   1.61500000000000        27.3313053584969        20.4665526690082     
   1.62000000000000        27.3313200280179        20.4665657069908     
   1.62500000000000        27.3313343589667        20.4665784442611     
   1.63000000000000        27.3313483592417        20.4665908878279     
   1.63500000000000        27.3313620365543        20.4666030445339     
   1.64000000000000        27.3313753984336        20.4666149210606     
   1.64500000000000        27.3313884522303        20.4666265239310     
   1.65000000000000        27.3314012051216        20.4666378595145     
   1.65500000000000        27.3314136641147        20.4666489340301     
   1.66000000000000        27.3314258360516        20.4666597535498     
   1.66500000000000        27.3314377276124        20.4666703240026     
   1.67000000000000        27.3314493453200        20.4666806511778     
   1.67500000000000        27.3314606955429        20.4666907407282     
   1.68000000000000        27.3314717845000        20.4667005981734     
   1.68500000000000        27.3314826182632        20.4667102289034     
   1.69000000000000        27.3314932027616        20.4667196381808     
   1.69500000000000        27.3315035437845        20.4667288311452     
   1.70000000000000        27.3315136469853        20.4667378128146     
   1.70500000000000        27.3315235178840        20.4667465880896     
   1.71000000000000        27.3315331618710        20.4667551617554     
   1.71500000000000        27.3315425842101        20.4667635384853     
   1.72000000000000        27.3315517900413        20.4667717228423     
   1.72500000000000        27.3315607843838        20.4667797192828     
   1.73000000000000        27.3315695721392        20.4667875321587     
   1.73500000000000        27.3315781580940        20.4667951657197     
   1.74000000000000        27.3315865469224        20.4668026241159     
   1.74500000000000        27.3315947431889        20.4668099114005     
   1.75000000000000        27.3316027513515        20.4668170315316     
