  5.000000000000000E-003   2.33344622001339     
  1.000000000000000E-002   2.33369581360187     
  1.500000000000000E-002   2.33370147384431     
  2.000000000000000E-002   2.33354561740387     
  2.500000000000000E-002   2.33328474432803     
  3.000000000000000E-002   2.33295789728235     
  3.500000000000000E-002   2.33259217386533     
  4.000000000000000E-002   2.33220639453766     
  4.500000000000000E-002   2.33181358655750     
  5.000000000000000E-002   2.33142269116853     
  5.500000000000000E-002   2.33103975167529     
  6.000000000000000E-002   2.33066874899119     
  6.500000000000000E-002   2.33031219445113     
  7.000000000000001E-002   2.32997155346381     
  7.500000000000000E-002   2.32964755003763     
  8.000000000000000E-002   2.32934038664848     
  8.500000000000001E-002   2.32904990346844     
  9.000000000000000E-002   2.32877569386464     
  9.500000000000000E-002   2.32851718818115     
  0.100000000000000        2.32827371440642     
  0.105000000000000        2.32804454193209     
  0.110000000000000        2.32782891290720     
  0.115000000000000        2.32762606447613     
  0.120000000000000        2.32743524431142     
  0.125000000000000        2.32725572121763     
  0.130000000000000        2.32708679211856     
  0.135000000000000        2.32692778640015     
  0.140000000000000        2.32677806833104     
  0.145000000000000        2.32663703809718     
  0.150000000000000        2.32650413184938     
  0.155000000000000        2.32637882106022     
  0.160000000000000        2.32626061140985     
  0.165000000000000        2.32614904136332     
  0.170000000000000        2.32604368055883     
  0.175000000000000        2.32594412809421     
  0.180000000000000        2.32585001077485     
  0.185000000000000        2.32576098136801     
  0.190000000000000        2.32567671689511     
  0.195000000000000        2.32559691698342     
  0.200000000000000        2.32552130229101     
  0.205000000000000        2.32544961301332     
  0.210000000000000        2.32538160747577     
  0.215000000000000        2.32531706081366     
  0.220000000000000        2.32525576373858     
  0.225000000000000        2.32519752138936     
  0.230000000000000        2.32514215226414     
  0.235000000000000        2.32508948722981     
  0.240000000000000        2.32503936860459     
  0.245000000000000        2.32499164930963     
  0.250000000000000        2.32494619208464     
  0.255000000000000        2.32490286876381     
  0.260000000000000        2.32486155960736     
  0.265000000000000        2.32482215268478     
  0.270000000000000        2.32478454330601     
  0.275000000000000        2.32474863349661     
  0.280000000000000        2.32471433151390     
  0.285000000000000        2.32468155140046     
  0.290000000000000        2.32465021257239     
  0.295000000000000        2.32462023943924     
  0.300000000000000        2.32459156105337     
  0.305000000000000        2.32456411078612     
  0.310000000000000        2.32453782602882     
  0.315000000000000        2.32451264791649     
  0.320000000000000        2.32448852107251     
  0.325000000000000        2.32446539337258     
  0.330000000000000        2.32444321572617     
  0.335000000000000        2.32442194187457     
  0.340000000000000        2.32440152820350     
  0.345000000000000        2.32438193356991     
  0.350000000000000        2.32436311914111     
  0.355000000000000        2.32434504824581     
  0.360000000000000        2.32432768623575     
  0.365000000000000        2.32431100035738     
  0.370000000000000        2.32429495963257     
  0.375000000000000        2.32427953474773     
  0.380000000000000        2.32426469795087     
  0.385000000000000        2.32425042295561     
  0.390000000000000        2.32423668485195     
  0.395000000000000        2.32422346002321     
  0.400000000000000        2.32421072606846     
  0.405000000000000        2.32419846173038     
  0.410000000000000        2.32418664682780     
  0.415000000000000        2.32417526219290     
  0.420000000000000        2.32416428961235     
  0.425000000000000        2.32415371177254     
  0.430000000000000        2.32414351220819     
  0.435000000000000        2.32413367525441     
  0.440000000000000        2.32412418600173     
  0.445000000000000        2.32411503025407     
  0.450000000000000        2.32410619448935     
  0.455000000000000        2.32409766582253     
  0.460000000000000        2.32408943197100     
  0.465000000000000        2.32408148122202     
  0.470000000000000        2.32407380240233     
  0.475000000000000        2.32406638484938     
  0.480000000000000        2.32405921838448     
  0.485000000000000        2.32405229328748     
  0.490000000000000        2.32404560027296     
  0.495000000000000        2.32403913046784     
  0.500000000000000        2.32403287539028     
  0.505000000000000        2.32402682692982     
  0.510000000000000        2.32402097732872     
  0.515000000000000        2.32401531916424     
  0.520000000000000        2.32400984533207     
  0.525000000000000        2.32400454903057     
  0.530000000000000        2.32399942374605     
  0.535000000000000        2.32399446323869     
  0.540000000000000        2.32398966152932     
  0.545000000000000        2.32398501288704     
  0.550000000000000        2.32398051181727     
  0.555000000000000        2.32397615305067     
  0.560000000000000        2.32397193153251     
  0.565000000000000        2.32396784241272     
  0.570000000000000        2.32396388103639     
  0.575000000000000        2.32396004293476     
  0.580000000000000        2.32395632381675     
  0.585000000000000        2.32395271956089     
  0.590000000000000        2.32394922620766     
  0.595000000000000        2.32394583995224     
  0.600000000000000        2.32394255713758     
  0.605000000000000        2.32393937424794     
  0.610000000000000        2.32393628790262     
  0.615000000000000        2.32393329485004     
  0.620000000000000        2.32393039196220     
  0.625000000000000        2.32392757622928     
  0.630000000000000        2.32392484475459     
  0.635000000000000        2.32392219474978     
  0.640000000000000        2.32391962353020     
  0.645000000000000        2.32391712851054     
  0.650000000000000        2.32391470720065     
  0.655000000000000        2.32391235720164     
  0.660000000000000        2.32391007620203     
  0.665000000000000        2.32390786197418     
  0.670000000000000        2.32390571237083     
  0.675000000000000        2.32390362532189     
  0.680000000000000        2.32390159883124     
  0.685000000000000        2.32389963097377     
  0.690000000000000        2.32389771989257     
  0.695000000000000        2.32389586379617     
  0.700000000000000        2.32389406095596     
  0.705000000000000        2.32389230970374     
  0.710000000000000        2.32389060842927     
  0.715000000000000        2.32388895557811     
  0.720000000000000        2.32388734964937     
  0.725000000000000        2.32388578919369     
  0.730000000000000        2.32388427281125     
  0.735000000000000        2.32388279914985     
  0.740000000000000        2.32388136690312     
  0.745000000000000        2.32387997480880     
  0.750000000000000        2.32387862164703     
  0.755000000000000        2.32387730623879     
  0.760000000000000        2.32387602744440     
  0.765000000000000        2.32387478416200     
  0.770000000000000        2.32387357532619     
  0.775000000000000        2.32387239990667     
  0.780000000000000        2.32387125690700     
  0.785000000000000        2.32387014536327     
  0.790000000000000        2.32386906434302     
  0.795000000000000        2.32386801294404     
  0.800000000000000        2.32386699029328     
  0.805000000000000        2.32386599554588     
  0.810000000000000        2.32386502788405     
  0.815000000000000        2.32386408651618     
  0.820000000000000        2.32386317067594     
  0.825000000000000        2.32386227962128     
  0.830000000000000        2.32386141263369     
  0.835000000000000        2.32386056901733     
  0.840000000000000        2.32385974809823     
  0.845000000000000        2.32385894922356     
  0.850000000000000        2.32385817176088     
  0.855000000000000        2.32385741509743     
  0.860000000000000        2.32385667863951     
  0.865000000000000        2.32385596181174     
  0.870000000000000        2.32385526405653     
  0.875000000000000        2.32385458483339     
  0.880000000000000        2.32385392361846     
  0.885000000000000        2.32385327990385     
  0.890000000000000        2.32385265319712     
  0.895000000000000        2.32385204302083     
  0.900000000000000        2.32385144891199     
  0.905000000000000        2.32385087042158     
  0.910000000000000        2.32385030711412     
  0.915000000000000        2.32384975856717     
  0.920000000000000        2.32384922437099     
  0.925000000000000        2.32384870412802     
  0.930000000000000        2.32384819745258     
  0.935000000000000        2.32384770397039     
  0.940000000000000        2.32384722331831     
  0.945000000000000        2.32384675514389     
  0.950000000000000        2.32384629910505     
  0.955000000000000        2.32384585486979     
  0.960000000000000        2.32384542211582     
  0.965000000000000        2.32384500053025     
  0.970000000000000        2.32384458980936     
  0.975000000000000        2.32384418965821     
  0.980000000000000        2.32384379979043     
  0.985000000000000        2.32384341992794     
  0.990000000000000        2.32384304980066     
  0.995000000000000        2.32384268914635     
   1.00000000000000        2.32384233771021     
   1.00500000000000        2.32384199524482     
   1.01000000000000        2.32384166150977     
   1.01500000000000        2.32384133627157     
   1.02000000000000        2.32384101930329     
   1.02500000000000        2.32384071038453     
   1.03000000000000        2.32384040930106     
   1.03500000000000        2.32384011584475     
   1.04000000000000        2.32383982981332     
   1.04500000000000        2.32383955101017     
   1.05000000000000        2.32383927924424     
   1.05500000000000        2.32383901432982     
   1.06000000000000        2.32383875608638     
   1.06500000000000        2.32383850433842     
   1.07000000000000        2.32383825891533     
   1.07500000000000        2.32383801965129     
   1.08000000000000        2.32383778638497     
   1.08500000000000        2.32383755895961     
   1.09000000000000        2.32383733722270     
   1.09500000000000        2.32383712102598     
   1.10000000000000        2.32383691022525     
   1.10500000000000        2.32383670468027     
   1.11000000000000        2.32383650425465     
   1.11500000000000        2.32383630881571     
   1.12000000000000        2.32383611823440     
   1.12500000000000        2.32383593238519     
   1.13000000000000        2.32383575114596     
   1.13500000000000        2.32383557439792     
   1.14000000000000        2.32383540202546     
   1.14500000000000        2.32383523391612     
   1.15000000000000        2.32383506996049     
   1.15500000000000        2.32383491005209     
   1.16000000000000        2.32383475408729     
   1.16500000000000        2.32383460196528     
   1.17000000000000        2.32383445358792     
   1.17500000000000        2.32383430885973     
   1.18000000000000        2.32383416768774     
   1.18500000000000        2.32383402998147     
   1.19000000000000        2.32383389565289     
   1.19500000000000        2.32383376461626     
   1.20000000000000        2.32383363678814     
   1.20500000000000        2.32383351208729     
   1.21000000000000        2.32383339043464     
   1.21500000000000        2.32383327175318     
   1.22000000000000        2.32383315596796     
   1.22500000000000        2.32383304300599     
   1.23000000000000        2.32383293279619     
   1.23500000000000        2.32383282526935     
   1.24000000000000        2.32383272035810     
   1.24500000000000        2.32383261799681     
   1.25000000000000        2.32383251812156     
   1.25500000000000        2.32383242067011     
   1.26000000000000        2.32383232558186     
   1.26500000000000        2.32383223279775     
   1.27000000000000        2.32383214226028     
   1.27500000000000        2.32383205391343     
   1.28000000000000        2.32383196770264     
   1.28500000000000        2.32383188357476     
   1.29000000000000        2.32383180147803     
   1.29500000000000        2.32383172136199     
   1.30000000000000        2.32383164317751     
   1.30500000000000        2.32383156687674     
   1.31000000000000        2.32383149241300     
   1.31500000000000        2.32383141974085     
   1.32000000000000        2.32383134881604     
   1.32500000000000        2.32383127959540     
   1.33000000000000        2.32383121203690     
   1.33500000000000        2.32383114609957     
   1.34000000000000        2.32383108174349     
   1.34500000000000        2.32383101892977     
   1.35000000000000        2.32383095762048     
   1.35500000000000        2.32383089777868     
   1.36000000000000        2.32383083936835     
   1.36500000000000        2.32383078235440     
   1.37000000000000        2.32383072670263     
   1.37500000000000        2.32383067237970     
   1.38000000000000        2.32383061935311     
   1.38500000000000        2.32383056759117     
   1.39000000000000        2.32383051706301     
   1.39500000000000        2.32383046773854     
   1.40000000000000        2.32383041958840     
   1.40500000000000        2.32383037258399     
   1.41000000000000        2.32383032669745     
   1.41500000000000        2.32383028190156     
   1.42000000000000        2.32383023816982     
   1.42500000000000        2.32383019547641     
   1.43000000000000        2.32383015379612     
   1.43500000000000        2.32383011310439     
   1.44000000000000        2.32383007337726     
   1.44500000000000        2.32383003459139     
   1.45000000000000        2.32382999672398     
   1.45500000000000        2.32382995975286     
   1.46000000000000        2.32382992365636     
   1.46500000000000        2.32382988841336     
   1.47000000000000        2.32382985400326     
   1.47500000000000        2.32382982040600     
   1.48000000000000        2.32382978760199     
   1.48500000000000        2.32382975557212     
   1.49000000000000        2.32382972429777     
   1.49500000000000        2.32382969376078     
   1.50000000000000        2.32382966394342     
   1.50500000000000        2.32382963482840     
   1.51000000000000        2.32382960639891     
   1.51500000000000        2.32382957863846     
   1.52000000000000        2.32382955153103     
   1.52500000000000        2.32382952506098     
   1.53000000000000        2.32382949921304     
   1.53500000000000        2.32382947397236     
   1.54000000000000        2.32382944932438     
   1.54500000000000        2.32382942525496     
   1.55000000000000        2.32382940175027     
   1.55500000000000        2.32382937879685     
   1.56000000000000        2.32382935638153     
   1.56500000000000        2.32382933449148     
   1.57000000000000        2.32382931311421     
   1.57500000000000        2.32382929223749     
   1.58000000000000        2.32382927184941     
   1.58500000000000        2.32382925193833     
   1.59000000000000        2.32382923249294     
   1.59500000000000        2.32382921350215     
   1.60000000000000        2.32382919495519     
   1.60500000000000        2.32382917684150     
   1.61000000000000        2.32382915915081     
   1.61500000000000        2.32382914187309     
   1.62000000000000        2.32382912499856     
   1.62500000000000        2.32382910851765     
   1.63000000000000        2.32382909242106     
   1.63500000000000        2.32382907669969     
   1.64000000000000        2.32382906134466     
   1.64500000000000        2.32382904634732     
   1.65000000000000        2.32382903169920     
   1.65500000000000        2.32382901739208     
   1.66000000000000        2.32382900341789     
   1.66500000000000        2.32382898976878     
   1.67000000000000        2.32382897643708     
   1.67500000000000        2.32382896341531     
   1.68000000000000        2.32382895069617     
   1.68500000000000        2.32382893827253     
   1.69000000000000        2.32382892613742     
   1.69500000000000        2.32382891428408     
   1.70000000000000        2.32382890270586     
   1.70500000000000        2.32382889139630     
   1.71000000000000        2.32382888034908     
   1.71500000000000        2.32382886955804     
   1.72000000000000        2.32382885901717     
   1.72500000000000        2.32382884872059     
   1.73000000000000        2.32382883866259     
   1.73500000000000        2.32382882883754     
   1.74000000000000        2.32382881924001     
   1.74500000000000        2.32382880986465     
   1.75000000000000        2.32382880070626     
