  5.000000000000000E-003 -0.342236500008198     
  1.000000000000000E-002 -0.605486802117212     
  1.500000000000000E-002 -0.813339270126174     
  2.000000000000000E-002 -0.980848403955189     
  2.500000000000000E-002  -1.11810693213509     
  3.000000000000000E-002  -1.23214194898216     
  3.500000000000000E-002  -1.32799701188794     
  4.000000000000000E-002  -1.40938408723370     
  4.500000000000000E-002  -1.47909361765059     
  5.000000000000000E-002  -1.53926174373847     
  5.500000000000000E-002  -1.59154970905323     
  6.000000000000000E-002  -1.63726742505105     
  6.500000000000000E-002  -1.67746048772790     
  7.000000000000001E-002  -1.71297266432885     
  7.500000000000000E-002  -1.74449154889354     
  8.000000000000000E-002  -1.77258244059486     
  8.500000000000001E-002  -1.79771383550979     
  9.000000000000000E-002  -1.82027685124488     
  9.500000000000000E-002  -1.84060019911262     
  0.100000000000000       -1.85896184596659     
  0.105000000000000       -1.87559818531860     
  0.110000000000000       -1.89071131379200     
  0.115000000000000       -1.90447485169887     
  0.120000000000000       -1.91703863441466     
  0.125000000000000       -1.92853252030605     
  0.130000000000000       -1.93906950188988     
  0.135000000000000       -1.94874826331218     
  0.140000000000000       -1.95765529475063     
  0.145000000000000       -1.96586664991053     
  0.150000000000000       -1.97344941424573     
  0.155000000000000       -1.98046293735508     
  0.160000000000000       -1.98695987207602     
  0.165000000000000       -1.99298705430847     
  0.170000000000000       -1.99858625097075     
  0.175000000000000       -2.00379479826847     
  0.180000000000000       -2.00864614832759     
  0.185000000000000       -2.01317033895195     
  0.190000000000000       -2.01739439863551     
  0.195000000000000       -2.02134269683738     
  0.200000000000000       -2.02503724781775     
  0.205000000000000       -2.02849797493725     
  0.210000000000000       -2.03174294118863     
  0.215000000000000       -2.03478855079695     
  0.220000000000000       -2.03764972595715     
  0.225000000000000       -2.04034006214571     
  0.230000000000000       -2.04287196491657     
  0.235000000000000       -2.04525677065404     
  0.240000000000000       -2.04750485339046     
  0.245000000000000       -2.04962571948936     
  0.250000000000000       -2.05162809173836     
  0.255000000000000       -2.05351998417734     
  0.260000000000000       -2.05530876880543     
  0.265000000000000       -2.05700123515262     
  0.270000000000000       -2.05860364357101     
  0.275000000000000       -2.06012177298632     
  0.280000000000000       -2.06156096375436     
  0.285000000000000       -2.06292615618328     
  0.290000000000000       -2.06422192521325     
  0.295000000000000       -2.06545251168136     
  0.300000000000000       -2.06662185054789     
  0.305000000000000       -2.06773359641536     
  0.310000000000000       -2.06879114662946     
  0.315000000000000       -2.06979766221889     
  0.320000000000000       -2.07075608690053     
  0.325000000000000       -2.07166916434864     
  0.330000000000000       -2.07253945390702     
  0.335000000000000       -2.07336934489955     
  0.340000000000000       -2.07416106968023     
  0.345000000000000       -2.07491671554590     
  0.350000000000000       -2.07563823562313     
  0.355000000000000       -2.07632745882780     
  0.360000000000000       -2.07698609898558     
  0.365000000000000       -2.07761576319229     
  0.370000000000000       -2.07821795948562     
  0.375000000000000       -2.07879410389070     
  0.380000000000000       -2.07934552689723     
  0.385000000000000       -2.07987347941958     
  0.390000000000000       -2.08037913828511     
  0.395000000000000       -2.08086361129391     
  0.400000000000000       -2.08132794188582     
  0.405000000000000       -2.08177311345003     
  0.410000000000000       -2.08220005330709     
  0.415000000000000       -2.08260963639170     
  0.420000000000000       -2.08300268866072     
  0.425000000000000       -2.08337999025057     
  0.430000000000000       -2.08374227840281     
  0.435000000000000       -2.08409025017875     
  0.440000000000000       -2.08442456497898     
  0.445000000000000       -2.08474584688365     
  0.450000000000000       -2.08505468682820     
  0.455000000000000       -2.08535164462694     
  0.460000000000000       -2.08563725085666     
  0.465000000000000       -2.08591200861133     
  0.470000000000000       -2.08617639513691     
  0.475000000000000       -2.08643086335633     
  0.480000000000000       -2.08667584329265     
  0.485000000000000       -2.08691174339778     
  0.490000000000000       -2.08713895179350     
  0.495000000000000       -2.08735783743222     
  0.500000000000000       -2.08756875118240     
  0.505000000000000       -2.08777202684433     
  0.510000000000000       -2.08796798210119     
  0.515000000000000       -2.08815691941085     
  0.520000000000000       -2.08833912684059     
  0.525000000000000       -2.08851487885127     
  0.530000000000000       -2.08868443703226     
  0.535000000000000       -2.08884805079202     
  0.540000000000000       -2.08900595800623     
  0.545000000000000       -2.08915838562758     
  0.550000000000000       -2.08930555025859     
  0.555000000000000       -2.08944765869046     
  0.560000000000000       -2.08958490841061     
  0.565000000000000       -2.08971748808015     
  0.570000000000000       -2.08984557798375     
  0.575000000000000       -2.08996935045394     
  0.580000000000000       -2.09008897027037     
  0.585000000000000       -2.09020459503728     
  0.590000000000000       -2.09031637553926     
  0.595000000000000       -2.09042445607683     
  0.600000000000000       -2.09052897478404     
  0.605000000000000       -2.09063006392780     
  0.610000000000000       -2.09072785019135     
  0.615000000000000       -2.09082245494212     
  0.620000000000000       -2.09091399448487     
  0.625000000000000       -2.09100258030164     
  0.630000000000000       -2.09108831927845     
  0.635000000000000       -2.09117131392032     
  0.640000000000000       -2.09125166255486     
  0.645000000000000       -2.09132945952507     
  0.650000000000000       -2.09140479537234     
  0.655000000000000       -2.09147775700975     
  0.660000000000000       -2.09154842788665     
  0.665000000000000       -2.09161688814482     
  0.670000000000000       -2.09168321476642     
  0.675000000000000       -2.09174748171528     
  0.680000000000000       -2.09180976006987     
  0.685000000000000       -2.09187011815089     
  0.690000000000000       -2.09192862164160     
  0.695000000000000       -2.09198533370304     
  0.700000000000000       -2.09204031508271     
  0.705000000000000       -2.09209362421888     
  0.710000000000000       -2.09214531733923     
  0.715000000000000       -2.09219544855504     
  0.720000000000000       -2.09224406995059     
  0.725000000000000       -2.09229123166885     
  0.730000000000000       -2.09233698199249     
  0.735000000000000       -2.09238136742157     
  0.740000000000000       -2.09242443274736     
  0.745000000000000       -2.09246622112276     
  0.750000000000000       -2.09250677412955     
  0.755000000000000       -2.09254613184243     
  0.760000000000000       -2.09258433289040     
  0.765000000000000       -2.09262141451470     
  0.770000000000000       -2.09265741262520     
  0.775000000000000       -2.09269236185316     
  0.780000000000000       -2.09272629560226     
  0.785000000000000       -2.09275924609734     
  0.790000000000000       -2.09279124443057     
  0.795000000000000       -2.09282232060630     
  0.800000000000000       -2.09285250358299     
  0.805000000000000       -2.09288182131431     
  0.810000000000000       -2.09291030078767     
  0.815000000000000       -2.09293796806162     
  0.820000000000000       -2.09296484830125     
  0.825000000000000       -2.09299096581261     
  0.830000000000000       -2.09301634407466     
  0.835000000000000       -2.09304100577125     
  0.840000000000000       -2.09306497282065     
  0.845000000000000       -2.09308826640420     
  0.850000000000000       -2.09311090699399     
  0.855000000000000       -2.09313291437891     
  0.860000000000000       -2.09315430769040     
  0.865000000000000       -2.09317510542606     
  0.870000000000000       -2.09319532547323     
  0.875000000000000       -2.09321498513127     
  0.880000000000000       -2.09323410113274     
  0.885000000000000       -2.09325268966409     
  0.890000000000000       -2.09327076638526     
  0.895000000000000       -2.09328834644872     
  0.900000000000000       -2.09330544451738     
  0.905000000000000       -2.09332207478217     
  0.910000000000000       -2.09333825097880     
  0.915000000000000       -2.09335398640381     
  0.920000000000000       -2.09336929392991     
  0.925000000000000       -2.09338418602124     
  0.930000000000000       -2.09339867474693     
  0.935000000000000       -2.09341277179567     
  0.940000000000000       -2.09342648848823     
  0.945000000000000       -2.09343983579052     
  0.950000000000000       -2.09345282432563     
  0.955000000000000       -2.09346546438577     
  0.960000000000000       -2.09347776594335     
  0.965000000000000       -2.09348973866190     
  0.970000000000000       -2.09350139190678     
  0.975000000000000       -2.09351273475495     
  0.980000000000000       -2.09352377600479     
  0.985000000000000       -2.09353452418544     
  0.990000000000000       -2.09354498756595     
  0.995000000000000       -2.09355517416356     
   1.00000000000000       -2.09356509175253     
   1.00500000000000       -2.09357474787183     
   1.01000000000000       -2.09358414983309     
   1.01500000000000       -2.09359330472789     
   1.02000000000000       -2.09360221943519     
   1.02500000000000       -2.09361090062813     
   1.03000000000000       -2.09361935478069     
   1.03500000000000       -2.09362758817431     
   1.04000000000000       -2.09363560690391     
   1.04500000000000       -2.09364341688408     
   1.05000000000000       -2.09365102385477     
   1.05500000000000       -2.09365843338699     
   1.06000000000000       -2.09366565088793     
   1.06500000000000       -2.09367268160657     
   1.07000000000000       -2.09367953063844     
   1.07500000000000       -2.09368620293049     
   1.08000000000000       -2.09369270328585     
   1.08500000000000       -2.09369903636834     
   1.09000000000000       -2.09370520670671     
   1.09500000000000       -2.09371121869917     
   1.10000000000000       -2.09371707661706     
   1.10500000000000       -2.09372278460906     
   1.11000000000000       -2.09372834670495     
   1.11500000000000       -2.09373376681924     
   1.12000000000000       -2.09373904875475     
   1.12500000000000       -2.09374419620598     
   1.13000000000000       -2.09374921276255     
   1.13500000000000       -2.09375410191225     
   1.14000000000000       -2.09375886704426     
   1.14500000000000       -2.09376351145220     
   1.15000000000000       -2.09376803833684     
   1.15500000000000       -2.09377245080902     
   1.16000000000000       -2.09377675189240     
   1.16500000000000       -2.09378094452591     
   1.17000000000000       -2.09378503156663     
   1.17500000000000       -2.09378901579179     
   1.18000000000000       -2.09379289990154     
   1.18500000000000       -2.09379668652103     
   1.19000000000000       -2.09380037820268     
   1.19500000000000       -2.09380397742838     
   1.20000000000000       -2.09380748661160     
   1.20500000000000       -2.09381090809921     
   1.21000000000000       -2.09381424417371     
   1.21500000000000       -2.09381749705495     
   1.22000000000000       -2.09382066890196     
   1.22500000000000       -2.09382376181484     
   1.23000000000000       -2.09382677783632     
   1.23500000000000       -2.09382971895359     
   1.24000000000000       -2.09383258709981     
   1.24500000000000       -2.09383538415563     
   1.25000000000000       -2.09383811195091     
   1.25500000000000       -2.09384077226589     
   1.26000000000000       -2.09384336683285     
   1.26500000000000       -2.09384589733740     
   1.27000000000000       -2.09384836541974     
   1.27500000000000       -2.09385077267620     
   1.28000000000000       -2.09385312066016     
   1.28500000000000       -2.09385541088353     
   1.29000000000000       -2.09385764481780     
   1.29500000000000       -2.09385982389521     
   1.30000000000000       -2.09386194950991     
   1.30500000000000       -2.09386402301888     
   1.31000000000000       -2.09386604574325     
   1.31500000000000       -2.09386801896893     
   1.32000000000000       -2.09386994394800     
   1.32500000000000       -2.09387182189937     
   1.33000000000000       -2.09387365400986     
   1.33500000000000       -2.09387544143486     
   1.34000000000000       -2.09387718529960     
   1.34500000000000       -2.09387888669970     
   1.35000000000000       -2.09388054670195     
   1.35500000000000       -2.09388216634527     
   1.36000000000000       -2.09388374664147     
   1.36500000000000       -2.09388528857591     
   1.37000000000000       -2.09388679310822     
   1.37500000000000       -2.09388826117310     
   1.38000000000000       -2.09388969368090     
   1.38500000000000       -2.09389109151842     
   1.39000000000000       -2.09389245554944     
   1.39500000000000       -2.09389378661521     
   1.40000000000000       -2.09389508553562     
   1.40500000000000       -2.09389635310895     
   1.41000000000000       -2.09389759011318     
   1.41500000000000       -2.09389879730613     
   1.42000000000000       -2.09389997542615     
   1.42500000000000       -2.09390112519270     
   1.43000000000000       -2.09390224730666     
   1.43500000000000       -2.09390334245109     
   1.44000000000000       -2.09390441129138     
   1.44500000000000       -2.09390545447608     
   1.45000000000000       -2.09390647263717     
   1.45500000000000       -2.09390746639040     
   1.46000000000000       -2.09390843633593     
   1.46500000000000       -2.09390938305864     
   1.47000000000000       -2.09391030712863     
   1.47500000000000       -2.09391120910134     
   1.48000000000000       -2.09391208951827     
   1.48500000000000       -2.09391294890717     
   1.49000000000000       -2.09391378778249     
   1.49500000000000       -2.09391460664560     
   1.50000000000000       -2.09391540598526     
   1.50500000000000       -2.09391618627799     
   1.51000000000000       -2.09391694798814     
   1.51500000000000       -2.09391769156852     
   1.52000000000000       -2.09391841746050     
   1.52500000000000       -2.09391912609440     
   1.53000000000000       -2.09391981788977     
   1.53500000000000       -2.09392049325550     
   1.54000000000000       -2.09392115259054     
   1.54500000000000       -2.09392179628356     
   1.55000000000000       -2.09392242471376     
   1.55500000000000       -2.09392303825071     
   1.56000000000000       -2.09392363725488     
   1.56500000000000       -2.09392422207776     
   1.57000000000000       -2.09392479306196     
   1.57500000000000       -2.09392535054179     
   1.58000000000000       -2.09392589484310     
   1.58500000000000       -2.09392642628375     
   1.59000000000000       -2.09392694517359     
   1.59500000000000       -2.09392745181503     
   1.60000000000000       -2.09392794650274     
   1.60500000000000       -2.09392842952436     
   1.61000000000000       -2.09392890116019     
   1.61500000000000       -2.09392936168380     
   1.62000000000000       -2.09392981136191     
   1.62500000000000       -2.09393025045471     
   1.63000000000000       -2.09393067921599     
   1.63500000000000       -2.09393109789331     
   1.64000000000000       -2.09393150672816     
   1.64500000000000       -2.09393190595602     
   1.65000000000000       -2.09393229580668     
   1.65500000000000       -2.09393267650437     
   1.66000000000000       -2.09393304826762     
   1.66500000000000       -2.09393341130973     
   1.67000000000000       -2.09393376583890     
   1.67500000000000       -2.09393411205808     
   1.68000000000000       -2.09393445016528     
   1.68500000000000       -2.09393478035381     
   1.69000000000000       -2.09393510281213     
   1.69500000000000       -2.09393541772422     
   1.70000000000000       -2.09393572526950     
   1.70500000000000       -2.09393602562306     
   1.71000000000000       -2.09393631895576     
   1.71500000000000       -2.09393660543430     
   1.72000000000000       -2.09393688522126     
   1.72500000000000       -2.09393715847546     
   1.73000000000000       -2.09393742535168     
   1.73500000000000       -2.09393768600110     
   1.74000000000000       -2.09393794057107     
   1.74500000000000       -2.09393818920564     
   1.75000000000000       -2.09393843204511     
