  5.000000000000000E-003 -0.363396446819776     
  1.000000000000000E-002 -0.644711811273633     
  1.500000000000000E-002 -0.868187542854754     
  2.000000000000000E-002  -1.04935015521004     
  2.500000000000000E-002  -1.19864496076819     
  3.000000000000000E-002  -1.32336918869899     
  3.500000000000000E-002  -1.42877770151147     
  4.000000000000000E-002  -1.51875064785630     
  4.500000000000000E-002  -1.59621432312971     
  5.000000000000000E-002  -1.66341601393805     
  5.500000000000000E-002  -1.72210891352751     
  6.000000000000000E-002  -1.77367975119296     
  6.500000000000000E-002  -1.81923886004917     
  7.000000000000001E-002  -1.85968499001798     
  7.500000000000000E-002  -1.89575276166889     
  8.000000000000000E-002  -1.92804795201114     
  8.500000000000001E-002  -1.95707410017315     
  9.000000000000000E-002  -1.98325282256573     
  9.500000000000000E-002  -2.00693950359350     
  0.100000000000000       -2.02843554213764     
  0.105000000000000       -2.04799800206365     
  0.110000000000000       -2.06584728456050     
  0.115000000000000       -2.08217327779681     
  0.120000000000000       -2.09714032351031     
  0.125000000000000       -2.11089125640764     
  0.130000000000000       -2.12355071103309     
  0.135000000000000       -2.13522784553670     
  0.140000000000000       -2.14601859802075     
  0.145000000000000       -2.15600756572366     
  0.150000000000000       -2.16526957798891     
  0.155000000000000       -2.17387101917388     
  0.160000000000000       -2.18187094623864     
  0.165000000000000       -2.18932203687667     
  0.170000000000000       -2.19627139710485     
  0.175000000000000       -2.20276125175541     
  0.180000000000000       -2.20882953697603     
  0.185000000000000       -2.21451041038440     
  0.190000000000000       -2.21983469175440     
  0.195000000000000       -2.22483024487411     
  0.200000000000000       -2.22952230941096     
  0.205000000000000       -2.23393379014389     
  0.210000000000000       -2.23808550972289     
  0.215000000000000       -2.24199643012803     
  0.220000000000000       -2.24568384718534     
  0.225000000000000       -2.24916356182586     
  0.230000000000000       -2.25245003121337     
  0.235000000000000       -2.25555650240103     
  0.240000000000000       -2.25849513078708     
  0.245000000000000       -2.26127708531243     
  0.250000000000000       -2.26391264206848     
  0.255000000000000       -2.26641126774911     
  0.260000000000000       -2.26878169418600     
  0.265000000000000       -2.27103198503682     
  0.270000000000000       -2.27316959555535     
  0.275000000000000       -2.27520142624935     
  0.280000000000000       -2.27713387112899     
  0.285000000000000       -2.27897286115746     
  0.290000000000000       -2.28072390344135     
  0.295000000000000       -2.28239211662876     
  0.300000000000000       -2.28398226292762     
  0.305000000000000       -2.28549877710766     
  0.310000000000000       -2.28694579280404     
  0.315000000000000       -2.28832716640535     
  0.320000000000000       -2.28964649877562     
  0.325000000000000       -2.29090715502969     
  0.330000000000000       -2.29211228255970     
  0.335000000000000       -2.29326482748463     
  0.340000000000000       -2.29436754967957     
  0.345000000000000       -2.29542303652120     
  0.350000000000000       -2.29643371547357     
  0.355000000000000       -2.29740186562380     
  0.360000000000000       -2.29832962826607     
  0.365000000000000       -2.29921901662213     
  0.370000000000000       -2.30007192477800     
  0.375000000000000       -2.30089013590720     
  0.380000000000000       -2.30167532984487     
  0.385000000000000       -2.30242909007074     
  0.390000000000000       -2.30315291015170     
  0.395000000000000       -2.30384819969265     
  0.400000000000000       -2.30451628983604     
  0.405000000000000       -2.30515843835006     
  0.410000000000000       -2.30577583433911     
  0.415000000000000       -2.30636960260864     
  0.420000000000000       -2.30694080771230     
  0.425000000000000       -2.30749045770848     
  0.430000000000000       -2.30801950764811     
  0.435000000000000       -2.30852886281690     
  0.440000000000000       -2.30901938175058     
  0.445000000000000       -2.30949187904111     
  0.450000000000000       -2.30994712795050     
  0.455000000000000       -2.31038586284671     
  0.460000000000000       -2.31080878147541     
  0.465000000000000       -2.31121654708033     
  0.470000000000000       -2.31160979038272     
  0.475000000000000       -2.31198911143142     
  0.480000000000000       -2.31235508133257     
  0.485000000000000       -2.31270824386791     
  0.490000000000000       -2.31304911700920     
  0.495000000000000       -2.31337819433738     
  0.500000000000000       -2.31369594637222     
  0.505000000000000       -2.31400282181916     
  0.510000000000000       -2.31429924873906     
  0.515000000000000       -2.31458563564690     
  0.520000000000000       -2.31486237254267     
  0.525000000000000       -2.31512983188119     
  0.530000000000000       -2.31538836948326     
  0.535000000000000       -2.31563832539324     
  0.540000000000000       -2.31588002468562     
  0.545000000000000       -2.31611377822528     
  0.550000000000000       -2.31633988338307     
  0.555000000000000       -2.31655862471044     
  0.560000000000000       -2.31677027457585     
  0.565000000000000       -2.31697509376484     
  0.570000000000000       -2.31717333204649     
  0.575000000000000       -2.31736522870860     
  0.580000000000000       -2.31755101306256     
  0.585000000000000       -2.31773090492130     
  0.590000000000000       -2.31790511505070     
  0.595000000000000       -2.31807384559649     
  0.600000000000000       -2.31823729048865     
  0.605000000000000       -2.31839563582367     
  0.610000000000000       -2.31854906022701     
  0.615000000000000       -2.31869773519637     
  0.620000000000000       -2.31884182542676     
  0.625000000000000       -2.31898148911918     
  0.630000000000000       -2.31911687827281     
  0.635000000000000       -2.31924813896276     
  0.640000000000000       -2.31937541160353     
  0.645000000000000       -2.31949883119891     
  0.650000000000000       -2.31961852757980     
  0.655000000000000       -2.31973462562975     
  0.660000000000000       -2.31984724549959     
  0.665000000000000       -2.31995650281146     
  0.670000000000000       -2.32006250885260     
  0.675000000000000       -2.32016537076052     
  0.680000000000000       -2.32026519169792     
  0.685000000000000       -2.32036207102061     
  0.690000000000000       -2.32045610443632     
  0.695000000000000       -2.32054738415692     
  0.700000000000000       -2.32063599904249     
  0.705000000000000       -2.32072203473961     
  0.710000000000000       -2.32080557381257     
  0.715000000000000       -2.32088669586881     
  0.720000000000000       -2.32096547767827     
  0.725000000000000       -2.32104199328794     
  0.730000000000000       -2.32111631413035     
  0.735000000000000       -2.32118850912795     
  0.740000000000000       -2.32125864479226     
  0.745000000000000       -2.32132678531882     
  0.750000000000000       -2.32139299267799     
  0.755000000000000       -2.32145732670149     
  0.760000000000000       -2.32151984516555     
  0.765000000000000       -2.32158060386973     
  0.770000000000000       -2.32163965671339     
  0.775000000000000       -2.32169705576768     
  0.780000000000000       -2.32175285134529     
  0.785000000000000       -2.32180709206691     
  0.790000000000000       -2.32185982492471     
  0.795000000000000       -2.32191109534368     
  0.800000000000000       -2.32196094723951     
  0.805000000000000       -2.32200942307507     
  0.810000000000000       -2.32205656391365     
  0.815000000000000       -2.32210240947069     
  0.820000000000000       -2.32214699816278     
  0.825000000000000       -2.32219036715537     
  0.830000000000000       -2.32223255240747     
  0.835000000000000       -2.32227358871583     
  0.840000000000000       -2.32231350975635     
  0.845000000000000       -2.32235234812416     
  0.850000000000000       -2.32239013537226     
  0.855000000000000       -2.32242690204820     
  0.860000000000000       -2.32246267773007     
  0.865000000000000       -2.32249749106000     
  0.870000000000000       -2.32253136977723     
  0.875000000000000       -2.32256434074965     
  0.880000000000000       -2.32259643000381     
  0.885000000000000       -2.32262766275421     
  0.890000000000000       -2.32265806343115     
  0.895000000000000       -2.32268765570778     
  0.900000000000000       -2.32271646252576     
  0.905000000000000       -2.32274450612022     
  0.910000000000000       -2.32277180804382     
  0.915000000000000       -2.32279838918965     
  0.920000000000000       -2.32282426981341     
  0.925000000000000       -2.32284946955508     
  0.930000000000000       -2.32287400745883     
  0.935000000000000       -2.32289790199359     
  0.940000000000000       -2.32292117107154     
  0.945000000000000       -2.32294383206677     
  0.950000000000000       -2.32296590183282     
  0.955000000000000       -2.32298739671997     
  0.960000000000000       -2.32300833259143     
  0.965000000000000       -2.32302872483926     
  0.970000000000000       -2.32304858839982     
  0.975000000000000       -2.32306793776829     
  0.980000000000000       -2.32308678701291     
  0.985000000000000       -2.32310514978875     
  0.990000000000000       -2.32312303935100     
  0.995000000000000       -2.32314046856741     
   1.00000000000000       -2.32315744993104     
   1.00500000000000       -2.32317399557177     
   1.01000000000000       -2.32319011726800     
   1.01500000000000       -2.32320582645748     
   1.02000000000000       -2.32322113424826     
   1.02500000000000       -2.32323605142883     
   1.03000000000000       -2.32325058847806     
   1.03500000000000       -2.32326475557498     
   1.04000000000000       -2.32327856260792     
   1.04500000000000       -2.32329201918354     
   1.05000000000000       -2.32330513463553     
   1.05500000000000       -2.32331791803302     
   1.06000000000000       -2.32333037818848     
   1.06500000000000       -2.32334252366586     
   1.07000000000000       -2.32335436278795     
   1.07500000000000       -2.32336590364373     
   1.08000000000000       -2.32337715409548     
   1.08500000000000       -2.32338812178561     
   1.09000000000000       -2.32339881414320     
   1.09500000000000       -2.32340923839065     
   1.10000000000000       -2.32341940154949     
   1.10500000000000       -2.32342931044666     
   1.11000000000000       -2.32343897172022     
   1.11500000000000       -2.32344839182497     
   1.12000000000000       -2.32345757703786     
   1.12500000000000       -2.32346653346319     
   1.13000000000000       -2.32347526703783     
   1.13500000000000       -2.32348378353596     
   1.14000000000000       -2.32349208857397     
   1.14500000000000       -2.32350018761513     
   1.15000000000000       -2.32350808597387     
   1.15500000000000       -2.32351578882018     
   1.16000000000000       -2.32352330118392     
   1.16500000000000       -2.32353062795862     
   1.17000000000000       -2.32353777390582     
   1.17500000000000       -2.32354474365836     
   1.18000000000000       -2.32355154172455     
   1.18500000000000       -2.32355817249142     
   1.19000000000000       -2.32356464022833     
   1.19500000000000       -2.32357094909035     
   1.20000000000000       -2.32357710312145     
   1.20500000000000       -2.32358310625762     
   1.21000000000000       -2.32358896233005     
   1.21500000000000       -2.32359467506804     
   1.22000000000000       -2.32360024810180     
   1.22500000000000       -2.32360568496537     
   1.23000000000000       -2.32361098909920     
   1.23500000000000       -2.32361616385292     
   1.24000000000000       -2.32362121248774     
   1.24500000000000       -2.32362613817894     
   1.25000000000000       -2.32363094401842     
   1.25500000000000       -2.32363563301676     
   1.26000000000000       -2.32364020810570     
   1.26500000000000       -2.32364467214022     
   1.27000000000000       -2.32364902790061     
   1.27500000000000       -2.32365327809478     
   1.28000000000000       -2.32365742535990     
   1.28500000000000       -2.32366147226462     
   1.29000000000000       -2.32366542131081     
   1.29500000000000       -2.32366927493540     
   1.30000000000000       -2.32367303551228     
   1.30500000000000       -2.32367670535378     
   1.31000000000000       -2.32368028671265     
   1.31500000000000       -2.32368378178333     
   1.32000000000000       -2.32368719270388     
   1.32500000000000       -2.32369052155727     
   1.33000000000000       -2.32369377037302     
   1.33500000000000       -2.32369694112835     
   1.34000000000000       -2.32370003575009     
   1.34500000000000       -2.32370305611562     
   1.35000000000000       -2.32370600405428     
   1.35500000000000       -2.32370888134874     
   1.36000000000000       -2.32371168973626     
   1.36500000000000       -2.32371443090983     
   1.37000000000000       -2.32371710651933     
   1.37500000000000       -2.32371971817279     
   1.38000000000000       -2.32372226743736     
   1.38500000000000       -2.32372475584057     
   1.39000000000000       -2.32372718487127     
   1.39500000000000       -2.32372955598045     
   1.40000000000000       -2.32373187058289     
   1.40500000000000       -2.32373413005722     
   1.41000000000000       -2.32373633574761     
   1.41500000000000       -2.32373848896429     
   1.42000000000000       -2.32374059098455     
   1.42500000000000       -2.32374264305370     
   1.43000000000000       -2.32374464638568     
   1.43500000000000       -2.32374660216414     
   1.44000000000000       -2.32374851154290     
   1.44500000000000       -2.32375037564712     
   1.45000000000000       -2.32375219557380     
   1.45500000000000       -2.32375397239249     
   1.46000000000000       -2.32375570714615     
   1.46500000000000       -2.32375740085175     
   1.47000000000000       -2.32375905450104     
   1.47500000000000       -2.32376066906092     
   1.48000000000000       -2.32376224547444     
   1.48500000000000       -2.32376378466122     
   1.49000000000000       -2.32376528751809     
   1.49500000000000       -2.32376675491964     
   1.50000000000000       -2.32376818771888     
   1.50500000000000       -2.32376958674776     
   1.51000000000000       -2.32377095281758     
   1.51500000000000       -2.32377228671972     
   1.52000000000000       -2.32377358922604     
   1.52500000000000       -2.32377486108937     
   1.53000000000000       -2.32377610304409     
   1.53500000000000       -2.32377731580635     
   1.54000000000000       -2.32377850007502     
   1.54500000000000       -2.32377965653149     
   1.55000000000000       -2.32378078584070     
   1.55500000000000       -2.32378188865115     
   1.56000000000000       -2.32378296559552     
   1.56500000000000       -2.32378401729109     
   1.57000000000000       -2.32378504433986     
   1.57500000000000       -2.32378604732937     
   1.58000000000000       -2.32378702683266     
   1.58500000000000       -2.32378798340891     
   1.59000000000000       -2.32378891760353     
   1.59500000000000       -2.32378982994889     
   1.60000000000000       -2.32379072096414     
   1.60500000000000       -2.32379159115612     
   1.61000000000000       -2.32379244101906     
   1.61500000000000       -2.32379327103542     
   1.62000000000000       -2.32379408167583     
   1.62500000000000       -2.32379487339958     
   1.63000000000000       -2.32379564665485     
   1.63500000000000       -2.32379640187894     
   1.64000000000000       -2.32379713949863     
   1.64500000000000       -2.32379785993029     
   1.65000000000000       -2.32379856358034     
   1.65500000000000       -2.32379925084543     
   1.66000000000000       -2.32379992211248     
   1.66500000000000       -2.32380057775916     
   1.67000000000000       -2.32380121815419     
   1.67500000000000       -2.32380184365724     
   1.68000000000000       -2.32380245461937     
   1.68500000000000       -2.32380305138327     
   1.69000000000000       -2.32380363428336     
   1.69500000000000       -2.32380420364604     
   1.70000000000000       -2.32380475978986     
   1.70500000000000       -2.32380530302576     
   1.71000000000000       -2.32380583365724     
   1.71500000000000       -2.32380635198052     
   1.72000000000000       -2.32380685828467     
   1.72500000000000       -2.32380735285203     
   1.73000000000000       -2.32380783595800     
   1.73500000000000       -2.32380830787152     
   1.74000000000000       -2.32380876885500     
   1.74500000000000       -2.32380921916478     
   1.75000000000000       -2.32380965905088     
