  5.000000000000000E-003 -2.115994681157808E-002
  1.000000000000000E-002 -3.922500915642167E-002
  1.500000000000000E-002 -5.484827272857941E-002
  2.000000000000000E-002 -6.850175125484947E-002
  2.500000000000000E-002 -8.053802863309491E-002
  3.000000000000000E-002 -9.122723971682924E-002
  3.500000000000000E-002 -0.100780689623536     
  4.000000000000000E-002 -0.109366560622599     
  4.500000000000000E-002 -0.117120705479127     
  5.000000000000000E-002 -0.124154270199580     
  5.500000000000000E-002 -0.130559204474283     
  6.000000000000000E-002 -0.136412326141907     
  6.500000000000000E-002 -0.141778372321269     
  7.000000000000001E-002 -0.146712325689129     
  7.500000000000000E-002 -0.151261212775354     
  8.000000000000000E-002 -0.155465511416270     
  8.500000000000001E-002 -0.159360264663363     
  9.000000000000000E-002 -0.162975971320847     
  9.500000000000000E-002 -0.166339304480886     
  0.100000000000000      -0.169473696171048     
  0.105000000000000      -0.172399816745046     
  0.110000000000000      -0.175135970768497     
  0.115000000000000      -0.177698426097939     
  0.120000000000000      -0.180101689095651     
  0.125000000000000      -0.182358736101596     
  0.130000000000000      -0.184481209143202     
  0.135000000000000      -0.186479582224518     
  0.140000000000000      -0.188363303270125     
  0.145000000000000      -0.190140915813133     
  0.150000000000000      -0.191820163743172     
  0.155000000000000      -0.193408081818793     
  0.160000000000000      -0.194911074162623     
  0.165000000000000      -0.196334982568203     
  0.170000000000000      -0.197685146134098     
  0.175000000000000      -0.198966453486934     
  0.180000000000000      -0.200183388648440     
  0.185000000000000      -0.201340071432459     
  0.190000000000000      -0.202440293118887     
  0.195000000000000      -0.203487548036731     
  0.200000000000000      -0.204485061593218     
  0.205000000000000      -0.205435815206635     
  0.210000000000000      -0.206342568534258     
  0.215000000000000      -0.207207879331077     
  0.220000000000000      -0.208034121228195     
  0.225000000000000      -0.208823499680145     
  0.230000000000000      -0.209578066296800     
  0.235000000000000      -0.210299731746994     
  0.240000000000000      -0.210990277396620     
  0.245000000000000      -0.211651365823074     
  0.250000000000000      -0.212284550330120     
  0.255000000000000      -0.212891283571769     
  0.260000000000000      -0.213472925380572     
  0.265000000000000      -0.214030749884206     
  0.270000000000000      -0.214565951984331     
  0.275000000000000      -0.215079653263027     
  0.280000000000000      -0.215572907374627     
  0.285000000000000      -0.216046704974184     
  0.290000000000000      -0.216501978228099     
  0.295000000000000      -0.216939604947397     
  0.300000000000000      -0.217360412379726     
  0.305000000000000      -0.217765180692300     
  0.310000000000000      -0.218154646174581     
  0.315000000000000      -0.218529504186461     
  0.320000000000000      -0.218890411875089     
  0.325000000000000      -0.219237990681056     
  0.330000000000000      -0.219572828652678     
  0.335000000000000      -0.219895482585079     
  0.340000000000000      -0.220206479999341     
  0.345000000000000      -0.220506320975301     
  0.350000000000000      -0.220795479850439     
  0.355000000000000      -0.221074406795995     
  0.360000000000000      -0.221343529280494     
  0.365000000000000      -0.221603253429841     
  0.370000000000000      -0.221853965292383     
  0.375000000000000      -0.222096032016497     
  0.380000000000000      -0.222329802947638     
  0.385000000000000      -0.222555610651161     
  0.390000000000000      -0.222773771866597     
  0.395000000000000      -0.222984588398741     
  0.400000000000000      -0.223188347950220     
  0.405000000000000      -0.223385324900034     
  0.410000000000000      -0.223575781032021     
  0.415000000000000      -0.223759966216941     
  0.420000000000000      -0.223938119051575     
  0.425000000000000      -0.224110467457916     
  0.430000000000000      -0.224277229245305     
  0.435000000000000      -0.224438612638149     
  0.440000000000000      -0.224594816771600     
  0.445000000000000      -0.224746032157457     
  0.450000000000000      -0.224892441122300     
  0.455000000000000      -0.225034218219772     
  0.460000000000000      -0.225171530618747     
  0.465000000000000      -0.225304538468993     
  0.470000000000000      -0.225433395245816     
  0.475000000000000      -0.225558248075090     
  0.480000000000000      -0.225679238039917     
  0.485000000000000      -0.225796500470129     
  0.490000000000000      -0.225910165215704     
  0.495000000000000      -0.226020356905161     
  0.500000000000000      -0.226127195189815     
  0.505000000000000      -0.226230794974833     
  0.510000000000000      -0.226331266637866     
  0.515000000000000      -0.226428716236055     
  0.520000000000000      -0.226523245702072     
  0.525000000000000      -0.226614953029913     
  0.530000000000000      -0.226703932451000     
  0.535000000000000      -0.226790274601221     
  0.540000000000000      -0.226874066679396     
  0.545000000000000      -0.226955392597695     
  0.550000000000000      -0.227034333124483     
  0.555000000000000      -0.227110966019984     
  0.560000000000000      -0.227185366165243     
  0.565000000000000      -0.227257605684692     
  0.570000000000000      -0.227327754062734     
  0.575000000000000      -0.227395878254662     
  0.580000000000000      -0.227462042792198     
  0.585000000000000      -0.227526309884015     
  0.590000000000000      -0.227588739511442     
  0.595000000000000      -0.227649389519659     
  0.600000000000000      -0.227708315704612     
  0.605000000000000      -0.227765571895871     
  0.610000000000000      -0.227821210035659     
  0.615000000000000      -0.227875280254249     
  0.620000000000000      -0.227927830941897     
  0.625000000000000      -0.227978908817537     
  0.630000000000000      -0.228028558994357     
  0.635000000000000      -0.228076825042448     
  0.640000000000000      -0.228123749048667     
  0.645000000000000      -0.228169371673838     
  0.650000000000000      -0.228213732207460     
  0.655000000000000      -0.228256868619998     
  0.660000000000000      -0.228298817612933     
  0.665000000000000      -0.228339614666636     
  0.670000000000000      -0.228379294086182     
  0.675000000000000      -0.228417889045239     
  0.680000000000000      -0.228455431628055     
  0.685000000000000      -0.228491952869725     
  0.690000000000000      -0.228527482794726     
  0.695000000000000      -0.228562050453885     
  0.700000000000000      -0.228595683959783     
  0.705000000000000      -0.228628410520732     
  0.710000000000000      -0.228660256473342     
  0.715000000000000      -0.228691247313769     
  0.720000000000000      -0.228721407727689     
  0.725000000000000      -0.228750761619088     
  0.730000000000000      -0.228779332137866     
  0.735000000000000      -0.228807141706380     
  0.740000000000000      -0.228834212044895     
  0.745000000000000      -0.228860564196066     
  0.750000000000000      -0.228886218548443     
  0.755000000000000      -0.228911194859059     
  0.760000000000000      -0.228935512275152     
  0.765000000000000      -0.228959189355035     
  0.770000000000000      -0.228982244088182     
  0.775000000000000      -0.229004693914522     
  0.780000000000000      -0.229026555743025     
  0.785000000000000      -0.229047845969570     
  0.790000000000000      -0.229068580494136     
  0.795000000000000      -0.229088774737373     
  0.800000000000000      -0.229108443656520     
  0.805000000000000      -0.229127601760757     
  0.810000000000000      -0.229146263125987     
  0.815000000000000      -0.229164441409070     
  0.820000000000000      -0.229182149861526     
  0.825000000000000      -0.229199401342767     
  0.830000000000000      -0.229216208332810     
  0.835000000000000      -0.229232582944576     
  0.840000000000000      -0.229248536935702     
  0.845000000000000      -0.229264081719963     
  0.850000000000000      -0.229279228378270     
  0.855000000000000      -0.229293987669288     
  0.860000000000000      -0.229308370039671     
  0.865000000000000      -0.229322385633936     
  0.870000000000000      -0.229336044304001     
  0.875000000000000      -0.229349355618384     
  0.880000000000000      -0.229362328871076     
  0.885000000000000      -0.229374973090121     
  0.890000000000000      -0.229387297045887     
  0.895000000000000      -0.229399309259064     
  0.900000000000000      -0.229411018008379     
  0.905000000000000      -0.229422431338055     
  0.910000000000000      -0.229433557065015     
  0.915000000000000      -0.229444402785840     
  0.920000000000000      -0.229454975883495     
  0.925000000000000      -0.229465283533840     
  0.930000000000000      -0.229475332711893     
  0.935000000000000      -0.229485130197924     
  0.940000000000000      -0.229494682583316     
  0.945000000000000      -0.229503996276248     
  0.950000000000000      -0.229513077507188     
  0.955000000000000      -0.229521932334198     
  0.960000000000000      -0.229530566648084     
  0.965000000000000      -0.229538986177356     
  0.970000000000000      -0.229547196493042     
  0.975000000000000      -0.229555203013341     
  0.980000000000000      -0.229563011008125     
  0.985000000000000      -0.229570625603306     
  0.990000000000000      -0.229578051785048     
  0.995000000000000      -0.229585294403849     
   1.00000000000000      -0.229592358178509     
   1.00500000000000      -0.229599247699947     
   1.01000000000000      -0.229605967434917     
   1.01500000000000      -0.229612521729598     
   1.02000000000000      -0.229618914813072     
   1.02500000000000      -0.229625150800696     
   1.03000000000000      -0.229631233697365     
   1.03500000000000      -0.229637167400679     
   1.04000000000000      -0.229642955704008     
   1.04500000000000      -0.229648602299457     
   1.05000000000000      -0.229654110780754     
   1.05500000000000      -0.229659484646034     
   1.06000000000000      -0.229664727300549     
   1.06500000000000      -0.229669842059285     
   1.07000000000000      -0.229674832149511     
   1.07500000000000      -0.229679700713242     
   1.08000000000000      -0.229684450809627     
   1.08500000000000      -0.229689085417275     
   1.09000000000000      -0.229693607436493     
   1.09500000000000      -0.229698019691478     
   1.10000000000000      -0.229702324932428     
   1.10500000000000      -0.229706525837592     
   1.11000000000000      -0.229710625015268     
   1.11500000000000      -0.229714625005732     
   1.12000000000000      -0.229718528283114     
   1.12500000000000      -0.229722337257215     
   1.13000000000000      -0.229726054275280     
   1.13500000000000      -0.229729681623706     
   1.14000000000000      -0.229733221529705     
   1.14500000000000      -0.229736676162928     
   1.15000000000000      -0.229740047637021     
   1.15500000000000      -0.229743338011159     
   1.16000000000000      -0.229746549291519     
   1.16500000000000      -0.229749683432713     
   1.17000000000000      -0.229752742339188     
   1.17500000000000      -0.229755727866574     
   1.18000000000000      -0.229758641823004     
   1.18500000000000      -0.229761485970389     
   1.19000000000000      -0.229764262025658     
   1.19500000000000      -0.229766971661963     
   1.20000000000000      -0.229769616509853     
   1.20500000000000      -0.229772198158405     
   1.21000000000000      -0.229774718156341     
   1.21500000000000      -0.229777178013090     
   1.22000000000000      -0.229779579199834     
   1.22500000000000      -0.229781923150530     
   1.23000000000000      -0.229784211262887     
   1.23500000000000      -0.229786444899332     
   1.24000000000000      -0.229788625387932     
   1.24500000000000      -0.229790754023308     
   1.25000000000000      -0.229792832067509     
   1.25500000000000      -0.229794860750870     
   1.26000000000000      -0.229796841272847     
   1.26500000000000      -0.229798774802817     
   1.27000000000000      -0.229800662480873     
   1.27500000000000      -0.229802505418586     
   1.28000000000000      -0.229804304699747     
   1.28500000000000      -0.229806061381091     
   1.29000000000000      -0.229807776493001     
   1.29500000000000      -0.229809451040190     
   1.30000000000000      -0.229811086002373     
   1.30500000000000      -0.229812682334900     
   1.31000000000000      -0.229814240969404     
   1.31500000000000      -0.229815762814397     
   1.32000000000000      -0.229817248755877     
   1.32500000000000      -0.229818699657902     
   1.33000000000000      -0.229820116363156     
   1.33500000000000      -0.229821499693493     
   1.34000000000000      -0.229822850450484     
   1.34500000000000      -0.229824169415921     
   1.35000000000000      -0.229825457352331     
   1.35500000000000      -0.229826715003467     
   1.36000000000000      -0.229827943094785     
   1.36500000000000      -0.229829142333917     
   1.37000000000000      -0.229830313411111     
   1.37500000000000      -0.229831456999687     
   1.38000000000000      -0.229832573756460     
   1.38500000000000      -0.229833664322156     
   1.39000000000000      -0.229834729321827     
   1.39500000000000      -0.229835769365238     
   1.40000000000000      -0.229836785047269     
   1.40500000000000      -0.229837776948263     
   1.41000000000000      -0.229838745634426     
   1.41500000000000      -0.229839691658155     
   1.42000000000000      -0.229840615558403     
   1.42500000000000      -0.229841517861009     
   1.43000000000000      -0.229842399079027     
   1.43500000000000      -0.229843259713051     
   1.44000000000000      -0.229844100251521     
   1.44500000000000      -0.229844921171033     
   1.45000000000000      -0.229845722936630     
   1.45500000000000      -0.229846506002093     
   1.46000000000000      -0.229847270810223     
   1.46500000000000      -0.229848017793109     
   1.47000000000000      -0.229848747372409     
   1.47500000000000      -0.229849459959584     
   1.48000000000000      -0.229850155956176     
   1.48500000000000      -0.229850835754043     
   1.49000000000000      -0.229851499735598     
   1.49500000000000      -0.229852148274048     
   1.50000000000000      -0.229852781733618     
   1.50500000000000      -0.229853400469774     
   1.51000000000000      -0.229854004829436     
   1.51500000000000      -0.229854595151202     
   1.52000000000000      -0.229855171765533     
   1.52500000000000      -0.229855734994969     
   1.53000000000000      -0.229856285154320     
   1.53500000000000      -0.229856822550850     
   1.54000000000000      -0.229857347484475     
   1.54500000000000      -0.229857860247926     
   1.55000000000000      -0.229858361126943     
   1.55500000000000      -0.229858850400432     
   1.56000000000000      -0.229859328340645     
   1.56500000000000      -0.229859795213330     
   1.57000000000000      -0.229860251277898     
   1.57500000000000      -0.229860696787578     
   1.58000000000000      -0.229861131989563     
   1.58500000000000      -0.229861557125162     
   1.59000000000000      -0.229861972429937     
   1.59500000000000      -0.229862378133854     
   1.60000000000000      -0.229862774461408     
   1.60500000000000      -0.229863161631761     
   1.61000000000000      -0.229863539858869     
   1.61500000000000      -0.229863909351613     
   1.62000000000000      -0.229864270313918     
   1.62500000000000      -0.229864622944874     
   1.63000000000000      -0.229864967438854     
   1.63500000000000      -0.229865303985626     
   1.64000000000000      -0.229865632770469     
   1.64500000000000      -0.229865953974275     
   1.65000000000000      -0.229866267773660     
   1.65500000000000      -0.229866574341065     
   1.66000000000000      -0.229866873844857     
   1.66500000000000      -0.229867166449427     
   1.67000000000000      -0.229867452315286     
   1.67500000000000      -0.229867731599162     
   1.68000000000000      -0.229868004454082     
   1.68500000000000      -0.229868271029470     
   1.69000000000000      -0.229868531471226     
   1.69500000000000      -0.229868785921820     
   1.70000000000000      -0.229869034520364     
   1.70500000000000      -0.229869277402701     
   1.71000000000000      -0.229869514701475     
   1.71500000000000      -0.229869746546217     
   1.72000000000000      -0.229869973063410     
   1.72500000000000      -0.229870194376571     
   1.73000000000000      -0.229870410606315     
   1.73500000000000      -0.229870621870428     
   1.74000000000000      -0.229870828283928     
   1.74500000000000      -0.229871029959146     
   1.75000000000000      -0.229871227005771     
