  5.000000000000000E-003  6.477471477041399E-002
  1.000000000000000E-002  6.728139293240898E-002
  1.500000000000000E-002  6.945516973788406E-002
  2.000000000000000E-002  7.135986262549072E-002
  2.500000000000000E-002  7.304309314949110E-002
  3.000000000000000E-002  7.454135217575147E-002
  3.500000000000000E-002  7.588321298929970E-002
  4.000000000000000E-002  7.709145593203788E-002
  4.500000000000000E-002  7.818452180232867E-002
  5.000000000000000E-002  7.917753479223132E-002
  5.500000000000000E-002  8.008304017129618E-002
  6.000000000000000E-002  8.091154757133645E-002
  6.500000000000000E-002  8.167193852940578E-002
  7.000000000000001E-002  8.237177720372638E-002
  7.500000000000000E-002  8.301755070408082E-002
  8.000000000000000E-002  8.361485738806693E-002
  8.500000000000001E-002  8.416855610366281E-002
  9.000000000000000E-002  8.468288571774209E-002
  9.500000000000000E-002  8.516156175527521E-002
  0.100000000000000       8.560785520695018E-002
  0.105000000000000       8.602465730189410E-002
  0.110000000000000       8.641453312934899E-002
  0.115000000000000       8.677976632363098E-002
  0.120000000000000       8.712239652970830E-002
  0.125000000000000       8.744425099362078E-002
  0.130000000000000       8.774697133897549E-002
  0.135000000000000       8.803203637400051E-002
  0.140000000000000       8.830078160616936E-002
  0.145000000000000       8.855441601087814E-002
  0.150000000000000       8.879403649816962E-002
  0.155000000000000       8.902064044038573E-002
  0.160000000000000       8.923513655904167E-002
  0.165000000000000       8.943835441740570E-002
  0.170000000000000       8.963105272349065E-002
  0.175000000000000       8.981392661426643E-002
  0.180000000000000       8.998761406424351E-002
  0.185000000000000       9.015270153891622E-002
  0.190000000000000       9.030972899487798E-002
  0.195000000000000       9.045919431294970E-002
  0.200000000000000       9.060155723784150E-002
  0.205000000000000       9.073724288711928E-002
  0.210000000000000       9.086664488327706E-002
  0.215000000000000       9.099012815515783E-002
  0.220000000000000       9.110803144858753E-002
  0.225000000000000       9.122066958068292E-002
  0.230000000000000       9.132833546770847E-002
  0.235000000000000       9.143130195244845E-002
  0.240000000000000       9.152982345371309E-002
  0.245000000000000       9.162413745772958E-002
  0.250000000000000       9.171446586872219E-002
  0.255000000000000       9.180101623383868E-002
  0.260000000000000       9.188398285576573E-002
  0.265000000000000       9.196354780478022E-002
  0.270000000000000       9.203988184060437E-002
  0.275000000000000       9.211314525323727E-002
  0.280000000000000       9.218348863088224E-002
  0.285000000000000       9.225105356218659E-002
  0.290000000000000       9.231597327919844E-002
  0.295000000000000       9.237837324675553E-002
  0.300000000000000       9.243837170339134E-002
  0.305000000000000       9.249608015831649E-002
  0.310000000000000       9.255160384853736E-002
  0.315000000000000       9.260504215976854E-002
  0.320000000000000       9.265648901440239E-002
  0.325000000000000       9.270603322948594E-002
  0.330000000000000       9.275375884735079E-002
  0.335000000000000       9.279974544126830E-002
  0.340000000000000       9.284406839830776E-002
  0.345000000000000       9.288679918131021E-002
  0.350000000000000       9.292800557175891E-002
  0.355000000000000       9.296775189512829E-002
  0.360000000000000       9.300609923015608E-002
  0.365000000000000       9.304310560334779E-002
  0.370000000000000       9.307882616990204E-002
  0.375000000000000       9.311331338214821E-002
  0.380000000000000       9.314661714646198E-002
  0.385000000000000       9.317878496958364E-002
  0.390000000000000       9.320986209513411E-002
  0.395000000000000       9.323989163109186E-002
  0.400000000000000       9.326891466891225E-002
  0.405000000000000       9.329697039490922E-002
  0.410000000000000       9.332409619448513E-002
  0.415000000000000       9.335032774971672E-002
  0.420000000000000       9.337569913079984E-002
  0.425000000000000       9.340024288177994E-002
  0.430000000000000       9.342399010098164E-002
  0.435000000000000       9.344697051651335E-002
  0.440000000000000       9.346921255718862E-002
  0.445000000000000       9.349074341918470E-002
  0.450000000000000       9.351158912872633E-002
  0.455000000000000       9.353177460107316E-002
  0.460000000000000       9.355132369605069E-002
  0.465000000000000       9.357025927036576E-002
  0.470000000000000       9.358860322690900E-002
  0.475000000000000       9.360637656125247E-002
  0.480000000000000       9.362359940551651E-002
  0.485000000000000       9.364029106978229E-002
  0.490000000000000       9.365647008120019E-002
  0.495000000000000       9.367215422094867E-002
  0.500000000000000       9.368736055916965E-002
  0.505000000000000       9.370210548801505E-002
  0.510000000000000       9.371640475291339E-002
  0.515000000000000       9.373027348217382E-002
  0.520000000000000       9.374372621502018E-002
  0.525000000000000       9.375677692816006E-002
  0.530000000000000       9.376943906096176E-002
  0.535000000000000       9.378172553934182E-002
  0.540000000000000       9.379364879841982E-002
  0.545000000000000       9.380522080402236E-002
  0.550000000000000       9.381645307310467E-002
  0.555000000000000       9.382735669314664E-002
  0.560000000000000       9.383794234058331E-002
  0.565000000000000       9.384822029832593E-002
  0.570000000000000       9.385820047242624E-002
  0.575000000000000       9.386789240792798E-002
  0.580000000000000       9.387730530395147E-002
  0.585000000000000       9.388644802805708E-002
  0.590000000000000       9.389532912992198E-002
  0.595000000000000       9.390395685437254E-002
  0.600000000000000       9.391233915380251E-002
  0.605000000000000       9.392048370001077E-002
  0.610000000000000       9.392839789549275E-002
  0.615000000000000       9.393608888421177E-002
  0.620000000000000       9.394356356187508E-002
  0.625000000000000       9.395082858574690E-002
  0.630000000000000       9.395789038401542E-002
  0.635000000000000       9.396475516473908E-002
  0.640000000000000       9.397142892440016E-002
  0.645000000000000       9.397791745607018E-002
  0.650000000000000       9.398422635722600E-002
  0.655000000000000       9.399036103721517E-002
  0.660000000000000       9.399632672440311E-002
  0.665000000000000       9.400212847300901E-002
  0.670000000000000       9.400777116964791E-002
  0.675000000000000       9.401325953959526E-002
  0.680000000000000       9.401859815278323E-002
  0.685000000000000       9.402379142954752E-002
  0.690000000000000       9.402884364612984E-002
  0.695000000000000       9.403375893995264E-002
  0.700000000000000       9.403854131467551E-002
  0.705000000000000       9.404319464504204E-002
  0.710000000000000       9.404772268152940E-002
  0.715000000000000       9.405212905480789E-002
  0.720000000000000       9.405641728001848E-002
  0.725000000000000       9.406059076088071E-002
  0.730000000000000       9.406465279363195E-002
  0.735000000000000       9.406860657081526E-002
  0.740000000000000       9.407245518491035E-002
  0.745000000000000       9.407620163182666E-002
  0.750000000000000       9.407984881425642E-002
  0.755000000000000       9.408339954489989E-002
  0.760000000000000       9.408685654955895E-002
  0.765000000000000       9.409022247011904E-002
  0.770000000000000       9.409349986741151E-002
  0.775000000000000       9.409669122396851E-002
  0.780000000000000       9.409979894666949E-002
  0.785000000000000       9.410282536929432E-002
  0.790000000000000       9.410577275497269E-002
  0.795000000000000       9.410864329854639E-002
  0.800000000000000       9.411143912884321E-002
  0.805000000000000       9.411416231086131E-002
  0.810000000000000       9.411681484788063E-002
  0.815000000000000       9.411939868349162E-002
  0.820000000000000       9.412191570354708E-002
  0.825000000000000       9.412436773805320E-002
  0.830000000000000       9.412675656297756E-002
  0.835000000000000       9.412908390200421E-002
  0.840000000000000       9.413135142821893E-002
  0.845000000000000       9.413356076573584E-002
  0.850000000000000       9.413571349126587E-002
  0.855000000000000       9.413781113563036E-002
  0.860000000000000       9.413985518521879E-002
  0.865000000000000       9.414184708339922E-002
  0.870000000000000       9.414378823187410E-002
  0.875000000000000       9.414567999199358E-002
  0.880000000000000       9.414752368601870E-002
  0.885000000000000       9.414932059834570E-002
  0.890000000000000       9.415107197668443E-002
  0.895000000000000       9.415277903319637E-002
  0.900000000000000       9.415444294559593E-002
  0.905000000000000       9.415606485821361E-002
  0.910000000000000       9.415764588301896E-002
  0.915000000000000       9.415918710061767E-002
  0.920000000000000       9.416068956120471E-002
  0.925000000000000       9.416215428549438E-002
  0.930000000000000       9.416358226561286E-002
  0.935000000000000       9.416497446596604E-002
  0.940000000000000       9.416633182407283E-002
  0.945000000000000       9.416765525137796E-002
  0.950000000000000       9.416894563403162E-002
  0.955000000000000       9.417020383364698E-002
  0.960000000000000       9.417143068803130E-002
  0.965000000000000       9.417262701189640E-002
  0.970000000000000       9.417379359754026E-002
  0.975000000000000       9.417493121551272E-002
  0.980000000000000       9.417604061525493E-002
  0.985000000000000       9.417712252572182E-002
  0.990000000000000       9.417817765598314E-002
  0.995000000000000       9.417920669580145E-002
   1.00000000000000       9.418021031620140E-002
   1.00500000000000       9.418118917001042E-002
   1.01000000000000       9.418214389238930E-002
   1.01500000000000       9.418307510134176E-002
   1.02000000000000       9.418398339821238E-002
   1.02500000000000       9.418486936816366E-002
   1.03000000000000       9.418573358064297E-002
   1.03500000000000       9.418657658983218E-002
   1.04000000000000       9.418739893508460E-002
   1.04500000000000       9.418820114134749E-002
   1.05000000000000       9.418898371957143E-002
   1.05500000000000       9.418974716710909E-002
   1.06000000000000       9.419049196809896E-002
   1.06500000000000       9.419121859384026E-002
   1.07000000000000       9.419192750315289E-002
   1.07500000000000       9.419261914272944E-002
   1.08000000000000       9.419329394747697E-002
   1.08500000000000       9.419395234084356E-002
   1.09000000000000       9.419459473514256E-002
   1.09500000000000       9.419522153185940E-002
   1.10000000000000       9.419583312195523E-002
   1.10500000000000       9.419642988615802E-002
   1.11000000000000       9.419701219524544E-002
   1.11500000000000       9.419758041032195E-002
   1.12000000000000       9.419813488308375E-002
   1.12500000000000       9.419867595607889E-002
   1.13000000000000       9.419920396295769E-002
   1.13500000000000       9.419971922871676E-002
   1.14000000000000       9.420022206993743E-002
   1.14500000000000       9.420071279501374E-002
   1.15000000000000       9.420119170437577E-002
   1.15500000000000       9.420165909070713E-002
   1.16000000000000       9.420211523915574E-002
   1.16500000000000       9.420256042753618E-002
   1.17000000000000       9.420299492652946E-002
   1.17500000000000       9.420341899987562E-002
   1.18000000000000       9.420383290456046E-002
   1.18500000000000       9.420423689099774E-002
   1.19000000000000       9.420463120320448E-002
   1.19500000000000       9.420501607897411E-002
   1.20000000000000       9.420539175004135E-002
   1.20500000000000       9.420575844224588E-002
   1.21000000000000       9.420611637568796E-002
   1.21500000000000       9.420646576488256E-002
   1.22000000000000       9.420680681890606E-002
   1.22500000000000       9.420713974154227E-002
   1.23000000000000       9.420746473142237E-002
   1.23500000000000       9.420778198216087E-002
   1.24000000000000       9.420809168248699E-002
   1.24500000000000       9.420839401637590E-002
   1.25000000000000       9.420868916317178E-002
   1.25500000000000       9.420897729771024E-002
   1.26000000000000       9.420925859043672E-002
   1.26500000000000       9.420953320752157E-002
   1.27000000000000       9.420980131097240E-002
   1.27500000000000       9.421006305874088E-002
   1.28000000000000       9.421031860483015E-002
   1.28500000000000       9.421056809939884E-002
   1.29000000000000       9.421081168885695E-002
   1.29500000000000       9.421104951596863E-002
   1.30000000000000       9.421128171994179E-002
   1.30500000000000       9.421150843652305E-002
   1.31000000000000       9.421172979808697E-002
   1.31500000000000       9.421194593372204E-002
   1.32000000000000       9.421215696931641E-002
   1.32500000000000       9.421236302763986E-002
   1.33000000000000       9.421256422842400E-002
   1.33500000000000       9.421276068844055E-002
   1.34000000000000       9.421295252157713E-002
   1.34500000000000       9.421313983891111E-002
   1.35000000000000       9.421332274878139E-002
   1.35500000000000       9.421350135685909E-002
   1.36000000000000       9.421367576621423E-002
   1.36500000000000       9.421384607738412E-002
   1.37000000000000       9.421401238843512E-002
   1.37500000000000       9.421417479502757E-002
   1.38000000000000       9.421433339047651E-002
   1.38500000000000       9.421448826581100E-002
   1.39000000000000       9.421463950983149E-002
   1.39500000000000       9.421478720916678E-002
   1.40000000000000       9.421493144832931E-002
   1.40500000000000       9.421507230976736E-002
   1.41000000000000       9.421520987391836E-002
   1.41500000000000       9.421534421925863E-002
   1.42000000000000       9.421547542235359E-002
   1.42500000000000       9.421560355790506E-002
   1.43000000000000       9.421572869879800E-002
   1.43500000000000       9.421585091614691E-002
   1.44000000000000       9.421597027933934E-002
   1.44500000000000       9.421608685607945E-002
   1.45000000000000       9.421620071243048E-002
   1.45500000000000       9.421631191285397E-002
   1.46000000000000       9.421642052025270E-002
   1.46500000000000       9.421652659600661E-002
   1.47000000000000       9.421663020001425E-002
   1.47500000000000       9.421673139072349E-002
   1.48000000000000       9.421683022517485E-002
   1.48500000000000       9.421692675903200E-002
   1.49000000000000       9.421702104661638E-002
   1.49500000000000       9.421711314094128E-002
   1.50000000000000       9.421720309374418E-002
   1.50500000000000       9.421729095551892E-002
   1.51000000000000       9.421737677554265E-002
   1.51500000000000       9.421746060191263E-002
   1.52000000000000       9.421754248156883E-002
   1.52500000000000       9.421762246032574E-002
   1.53000000000000       9.421770058290030E-002
   1.53500000000000       9.421777689293606E-002
   1.54000000000000       9.421785143303417E-002
   1.54500000000000       9.421792424477397E-002
   1.55000000000000       9.421799536874204E-002
   1.55500000000000       9.421806484455342E-002
   1.56000000000000       9.421813271087807E-002
   1.56500000000000       9.421819900546304E-002
   1.57000000000000       9.421826376515305E-002
   1.57500000000000       9.421832702591569E-002
   1.58000000000000       9.421838882286190E-002
   1.58500000000000       9.421844919026517E-002
   1.59000000000000       9.421850816158299E-002
   1.59500000000000       9.421856576947850E-002
   1.60000000000000       9.421862204583650E-002
   1.60500000000000       9.421867702178519E-002
   1.61000000000000       9.421873072771315E-002
   1.61500000000000       9.421878319328701E-002
   1.62000000000000       9.421883444747048E-002
   1.62500000000000       9.421888451854005E-002
   1.63000000000000       9.421893343410162E-002
   1.63500000000000       9.421898122110799E-002
   1.64000000000000       9.421902790587330E-002
   1.64500000000000       9.421907351408838E-002
   1.65000000000000       9.421911807083801E-002
   1.65500000000000       9.421916160061229E-002
   1.66000000000000       9.421920412732362E-002
   1.66500000000000       9.421924567431966E-002
   1.67000000000000       9.421928626439613E-002
   1.67500000000000       9.421932591981165E-002
   1.68000000000000       9.421936466229940E-002
   1.68500000000000       9.421940251308082E-002
   1.69000000000000       9.421943949287723E-002
   1.69500000000000       9.421947562192058E-002
   1.70000000000000       9.421951091996916E-002
   1.70500000000000       9.421954540631354E-002
   1.71000000000000       9.421957909979264E-002
   1.71500000000000       9.421961201880143E-002
   1.72000000000000       9.421964418130313E-002
   1.72500000000000       9.421967560483864E-002
   1.73000000000000       9.421970630653698E-002
   1.73500000000000       9.421973630312583E-002
   1.74000000000000       9.421976561093974E-002
   1.74500000000000       9.421979424593044E-002
   1.75000000000000       9.421982222367591E-002
