  5.000000000000000E-003  0.441648723411580        7.14313295205279     
  1.000000000000000E-002  0.259319120533482        4.00291315149279     
  1.500000000000000E-002  0.199286617450872        2.95520029929673     
  2.000000000000000E-002  0.169772917014263        2.43090857734046     
  2.500000000000000E-002  0.152427580963828        2.11614733830479     
  3.000000000000000E-002  0.141137826186488        1.90624901917802     
  3.500000000000000E-002  0.133286887818339        1.75633436730581     
  4.000000000000000E-002  0.127568622434080        1.64395026656590     
  4.500000000000000E-002  0.123259087877587        1.55661400306082     
  5.000000000000000E-002  0.119925218694162        1.48683006189519     
  5.500000000000000E-002  0.117292440828222        1.42982450625357     
  6.000000000000000E-002  0.115178505644029        1.38241184422626     
  6.500000000000000E-002  0.113457882133084        1.34238467534577     
  7.000000000000001E-002  0.112041424647099        1.30816478296180     
  7.500000000000000E-002  0.110864184885592        1.27859369933201     
  8.000000000000000E-002  0.109877803016324        1.25280174659686     
  8.500000000000001E-002  0.109045590903361        1.23012325489305     
  9.000000000000000E-002  0.108339259388441        1.21004000987088     
  9.500000000000000E-002  0.107736683074962        1.19214253623560     
  0.100000000000000       0.107220338845317        1.17610297956730     
  0.105000000000000       0.106776193041173        1.16165572379594     
  0.110000000000000       0.106392894169779        1.14858328549637     
  0.115000000000000       0.106061177853752        1.13670588085403     
  0.120000000000000       0.105773421887260        1.12587359546876     
  0.125000000000000       0.105523309184436        1.11596042922296     
  0.130000000000000       0.105305569425088        1.10685971216088     
  0.135000000000000       0.105115778876379        1.09848053652019     
  0.140000000000000       0.104950203750704        1.09074495132997     
  0.145000000000000       0.104805676512876        1.08358573585740     
  0.150000000000000       0.104679497384296        1.07694461711109     
  0.155000000000000       0.104569355301497        1.07077083134386     
  0.160000000000000       0.104473264029328        1.06501995447361     
  0.165000000000000       0.104389510177400        1.05965294451227     
  0.170000000000000       0.104316610638167        1.05463535246035     
  0.175000000000000       0.104253277536230        1.04993666805875     
  0.180000000000000       0.104198389206175        1.04552977424360     
  0.185000000000000       0.104150966039607        1.04139048979360     
  0.190000000000000       0.104110150288190        1.03749718396797     
  0.195000000000000       0.104075189098885        1.03383045024960     
  0.200000000000000       0.104045420203698        1.03037282887919     
  0.205000000000000       0.104020259800493        1.02710856987381     
  0.210000000000000       0.103999192250663        1.02402342980200     
  0.215000000000000       0.103981761290106        1.02110449683598     
  0.220000000000000       0.103967562505961        1.01834003959535     
  0.225000000000000       0.103956236876230        1.01571937609208     
  0.230000000000000       0.103947465205320        1.01323275972669     
  0.235000000000000       0.103940963317477        1.01087127980329     
  0.240000000000000       0.103936477893529        1.00862677445212     
  0.245000000000000       0.103933782855482        1.00649175419209     
  0.250000000000000       0.103932676219056        1.00445933464763     
  0.255000000000000       0.103932977347180        1.00252317716679     
  0.260000000000000       0.103934524547934        1.00067743627985     
  0.265000000000000       0.103937172969260       0.998916713097101     
  0.270000000000000       0.103940792749970       0.997236013877794     
  0.275000000000000       0.103945267392677       0.995630713113807     
  0.280000000000000       0.103950492329314       0.994096520564829     
  0.285000000000000       0.103956373654229       0.992629451760891     
  0.290000000000000       0.103962827003277       0.991225801554654     
  0.295000000000000       0.103969776560522       0.989882120362259     
  0.300000000000000       0.103977154176634       0.988595192779733     
  0.305000000000000       0.103984898585179       0.987362018302777     
  0.310000000000000       0.103992954705008       0.986179793912760     
  0.315000000000000       0.104001273018375       0.985045898322033     
  0.320000000000000       0.104009809015815       0.983957877697116     
  0.325000000000000       0.104018522700048       0.982913432701009     
  0.330000000000000       0.104027378142012       0.981910406714596     
  0.335000000000000       0.104036343083151       0.980946775114404     
  0.340000000000000       0.104045388578684       0.980020635497662     
  0.345000000000000       0.104054488677330       0.979130198759052     
  0.350000000000000       0.104063620133443       0.978273780933594     
  0.355000000000000       0.104072762148019       0.977449795730497     
  0.360000000000000       0.104081896135475       0.976656747690579     
  0.365000000000000       0.104091005513448       0.975893225907632     
  0.370000000000000       0.104100075513141       0.975157898260237     
  0.375000000000000       0.104109093008115       0.974449506106457     
  0.380000000000000       0.104118046359578       0.973766859398759     
  0.385000000000000       0.104126925276475       0.973108832180838     
  0.390000000000000       0.104135720688914       0.972474358432252     
  0.395000000000000       0.104144424633507       0.971862428229724     
  0.400000000000000       0.104153030149509       0.971272084197692     
  0.405000000000000       0.104161531184632       0.970702418222820     
  0.410000000000000       0.104169922509605       0.970152568410039     
  0.415000000000000       0.104178199640619       0.969621716259736     
  0.420000000000000       0.104186358768901       0.969109084047501     
  0.425000000000000       0.104194396696705       0.968613932389876     
  0.430000000000000       0.104202310779157       0.968135557980833     
  0.435000000000000       0.104210098871345       0.967673291485221     
  0.440000000000000       0.104217759280192       0.967226495576757     
  0.445000000000000       0.104225290720668       0.966794563109019     
  0.450000000000000       0.104232692275914       0.966376915409212     
  0.455000000000000       0.104239963360942       0.965973000685164     
  0.460000000000000       0.104247103689573       0.965582292536888     
  0.465000000000000       0.104254113244295       0.965204288564868     
  0.470000000000000       0.104260992248842       0.964838509067888     
  0.475000000000000       0.104267741143170       0.964484495823607     
  0.480000000000000       0.104274360560664       0.964141810946031     
  0.485000000000000       0.104280851307354       0.963810035814196     
  0.490000000000000       0.104287214342999       0.963488770066992     
  0.495000000000000       0.104293450763816       0.963177630659392     
  0.500000000000000       0.104299561786758       0.962876250975851     
  0.505000000000000       0.104305548735179       0.962584279996808     
  0.510000000000000       0.104311413025798       0.962301381514741     
  0.515000000000000       0.104317156156772       0.962027233396202     
  0.520000000000000       0.104322779696906       0.961761526886986     
  0.525000000000000       0.104328285275771       0.961503965957297     
  0.530000000000000       0.104333674574749       0.961254266684443     
  0.535000000000000       0.104338949318866       0.961012156670438     
  0.540000000000000       0.104344111269399       0.960777374492380     
  0.545000000000000       0.104349162217119       0.960549669183410     
  0.550000000000000       0.104354103976190       0.960328799742244     
  0.555000000000000       0.104358938378631       0.960114534669650     
  0.560000000000000       0.104363667269284       0.959906651529937     
  0.565000000000000       0.104368292501273       0.959704936536106     
  0.570000000000000       0.104372815931899       0.959509184157063     
  0.575000000000000       0.104377239418915       0.959319196745605     
  0.580000000000000       0.104381564817201       0.959134784185969     
  0.585000000000000       0.104385793975744       0.958955763559564     
  0.590000000000000       0.104389928734928       0.958781958828088     
  0.595000000000000       0.104393970924129       0.958613200532779     
  0.600000000000000       0.104397922359534       0.958449325508929     
  0.605000000000000       0.104401784842220       0.958290176614811     
  0.610000000000000       0.104405560156437       0.958135602474085     
  0.615000000000000       0.104409250068082       0.957985457231014     
  0.620000000000000       0.104412856323371       0.957839600317732     
  0.625000000000000       0.104416380647656       0.957697896232811     
  0.630000000000000       0.104419824744411       0.957560214330630     
  0.635000000000000       0.104423190294340       0.957426428620821     
  0.640000000000000       0.104426478954614       0.957296417577276     
  0.645000000000000       0.104429692358232       0.957170063956276     
  0.650000000000000       0.104432832113473       0.957047254623065     
  0.655000000000000       0.104435899803456       0.956927880386647     
  0.660000000000000       0.104438896985777       0.956811835842133     
  0.665000000000000       0.104441825192227       0.956699019220387     
  0.670000000000000       0.104444685928596       0.956589332244602     
  0.675000000000000       0.104447480674501       0.956482679993257     
  0.680000000000000       0.104450210883339       0.956378970769426     
  0.685000000000000       0.104452877982226       0.956278115975751     
  0.690000000000000       0.104455483372039       0.956180029995145     
  0.695000000000000       0.104458028427451       0.956084630076647     
  0.700000000000000       0.104460514497062       0.955991836226370     
  0.705000000000000       0.104462942903515       0.955901571103155     
  0.710000000000000       0.104465314943670       0.955813759918733     
  0.715000000000000       0.104467631888802       0.955728330342248     
  0.720000000000000       0.104469894984833       0.955645212408846     
  0.725000000000000       0.104472105452560       0.955564338432061     
  0.730000000000000       0.104474264487936       0.955485642920066     
  0.735000000000000       0.104476373262345       0.955409062495256     
  0.740000000000000       0.104478432922905       0.955334535817362     
  0.745000000000000       0.104480444592778       0.955262003509621     
  0.750000000000000       0.104482409371498       0.955191408088045     
  0.755000000000000       0.104484328335302       0.955122693893612     
  0.760000000000000       0.104486202537469       0.955055807027155     
  0.765000000000000       0.104488033008690       0.954990695286953     
  0.770000000000000       0.104489820757392       0.954927308108786     
  0.775000000000000       0.104491566770130       0.954865596508431     
  0.780000000000000       0.104493272011933       0.954805513026420     
  0.785000000000000       0.104494937426675       0.954747011674971     
  0.790000000000000       0.104496563937450       0.954690047887092     
  0.795000000000000       0.104498152446929       0.954634578467520     
  0.800000000000000       0.104499703837749       0.954580561545753     
  0.805000000000000       0.104501218972865       0.954527956530790     
  0.810000000000000       0.104502698695933       0.954476724067616     
  0.815000000000000       0.104504143831665       0.954426825995386     
  0.820000000000000       0.104505555186207       0.954378225307231     
  0.825000000000000       0.104506933547485       0.954330886111482     
  0.830000000000000       0.104508279685591       0.954284773594512     
  0.835000000000000       0.104509594353116       0.954239853984801     
  0.840000000000000       0.104510878285512       0.954196094518497     
  0.845000000000000       0.104512132201448       0.954153463406157     
  0.850000000000000       0.104513356803146       0.954111929800751     
  0.855000000000000       0.104514552776735       0.954071463766850     
  0.860000000000000       0.104515720792566       0.954032036250922     
  0.865000000000000       0.104516861505572       0.953993619052741     
  0.870000000000000       0.104517975555579       0.953956184797801     
  0.875000000000000       0.104519063567631       0.953919706910724     
  0.880000000000000       0.104520126152313       0.953884159589674     
  0.885000000000000       0.104521163906061       0.953849517781623     
  0.890000000000000       0.104522177411473       0.953815757158527     
  0.895000000000000       0.104523167237602       0.953782854094350     
  0.900000000000000       0.104524133940267       0.953750785642881     
  0.905000000000000       0.104525078062342       0.953719529516364     
  0.910000000000000       0.104526000134038       0.953689064064818     
  0.915000000000000       0.104526900673187       0.953659368256141     
  0.920000000000000       0.104527780185529       0.953630421656864     
  0.925000000000000       0.104528639164961       0.953602204413544     
  0.930000000000000       0.104529478093835       0.953574697234902     
  0.935000000000000       0.104530297443186       0.953547881374430     
  0.940000000000000       0.104531097673016       0.953521738613700     
  0.945000000000000       0.104531879232531       0.953496251246195     
  0.950000000000000       0.104532642560389       0.953471402061680     
  0.955000000000000       0.104533388084943       0.953447174331138     
  0.960000000000000       0.104534116224476       0.953423551792138     
  0.965000000000000       0.104534827387439       0.953400518634792     
  0.970000000000000       0.104535521972661       0.953378059488089     
  0.975000000000000       0.104536200369589       0.953356159406729     
  0.980000000000000       0.104536862958499       0.953334803858387     
  0.985000000000000       0.104537510110705       0.953313978711370     
  0.990000000000000       0.104538142188766       0.953293670222711     
  0.995000000000000       0.104538759546703       0.953273865026660     
   1.00000000000000       0.104539362530177       0.953254550123468     
   1.00500000000000       0.104539951476701       0.953235712868659     
   1.01000000000000       0.104540526715820       0.953217340962536     
   1.01500000000000       0.104541088569308       0.953199422440096     
   1.02000000000000       0.104541637351336       0.953181945661237     
   1.02500000000000       0.104542173368662       0.953164899301284     
   1.03000000000000       0.104542696920801       0.953148272341812     
   1.03500000000000       0.104543208300192       0.953132054061771     
   1.04000000000000       0.104543707792371       0.953116234028884     
   1.04500000000000       0.104544195676127       0.953100802091325     
   1.05000000000000       0.104544672223664       0.953085748369627     
   1.05500000000000       0.104545137700755       0.953071063248896     
   1.06000000000000       0.104545592366901       0.953056737371216     
   1.06500000000000       0.104546036475464       0.953042761628327     
   1.07000000000000       0.104546470273824       0.953029127154507     
   1.07500000000000       0.104546894003521       0.953015825319682     
   1.08000000000000       0.104547307900384       0.953002847722764     
   1.08500000000000       0.104547712194674       0.952990186185140     
   1.09000000000000       0.104548107111217       0.952977832744456     
   1.09500000000000       0.104548492869518       0.952965779648477     
   1.10000000000000       0.104548869683912       0.952954019349220     
   1.10500000000000       0.104549237763665       0.952942544497239     
   1.11000000000000       0.104549597313103       0.952931347936048     
   1.11500000000000       0.104549948531729       0.952920422696777     
   1.12000000000000       0.104550291614334       0.952909761992920     
   1.12500000000000       0.104550626751115       0.952899359215316     
   1.13000000000000       0.104550954127779       0.952889207927195     
   1.13500000000000       0.104551273925653       0.952879301859436     
   1.14000000000000       0.104551586321785       0.952869634905960     
   1.14500000000000       0.104551891489042       0.952860201119208     
   1.15000000000000       0.104552189596220       0.952850994705827     
   1.15500000000000       0.104552480808134       0.952842010022409     
   1.16000000000000       0.104552765285712       0.952833241571422     
   1.16500000000000       0.104553043186092       0.952824683997208     
   1.17000000000000       0.104553314662700       0.952816332082139     
   1.17500000000000       0.104553579865360       0.952808180742849     
   1.18000000000000       0.104553838940355       0.952800225026601     
   1.18500000000000       0.104554092030529       0.952792460107741     
   1.19000000000000       0.104554339275363       0.952784881284280     
   1.19500000000000       0.104554580811052       0.952777483974552     
   1.20000000000000       0.104554816770583       0.952770263713971     
   1.20500000000000       0.104555047283820       0.952763216151892     
   1.21000000000000       0.104555272477568       0.952756337048537     
   1.21500000000000       0.104555492475649       0.952749622272061     
   1.22000000000000       0.104555707398976       0.952743067795645     
   1.22500000000000       0.104555917365618       0.952736669694698     
   1.23000000000000       0.104556122490868       0.952730424144130     
   1.23500000000000       0.104556322887313       0.952724327415712     
   1.24000000000000       0.104556518664891       0.952718375875521     
   1.24500000000000       0.104556709930964       0.952712565981415     
   1.25000000000000       0.104556896790365       0.952706894280618     
   1.25500000000000       0.104557079345474       0.952701357407378     
   1.26000000000000       0.104557257696265       0.952695952080636     
   1.26500000000000       0.104557431940366       0.952690675101830     
   1.27000000000000       0.104557602173119       0.952685523352720     
   1.27500000000000       0.104557768487622       0.952680493793260     
   1.28000000000000       0.104557930974801       0.952675583459584     
   1.28500000000000       0.104558089723442       0.952670789461988     
   1.29000000000000       0.104558244820256       0.952666108983010     
   1.29500000000000       0.104558396349922       0.952661539275535     
   1.30000000000000       0.104558544395133       0.952657077660961     
   1.30500000000000       0.104558689036653       0.952652721527452     
   1.31000000000000       0.104558830353345       0.952648468328145     
   1.31500000000000       0.104558968422240       0.952644315579535     
   1.32000000000000       0.104559103318554       0.952640260859775     
   1.32500000000000       0.104559235115753       0.952636301807130     
   1.33000000000000       0.104559363885578       0.952632436118381     
   1.33500000000000       0.104559489698105       0.952628661547379     
   1.34000000000000       0.104559612621759       0.952624975903494     
   1.34500000000000       0.104559732723371       0.952621377050272     
   1.35000000000000       0.104559850068215       0.952617862903984     
   1.35500000000000       0.104559964720040       0.952614431432308     
   1.36000000000000       0.104560076741102       0.952611080652998     
   1.36500000000000       0.104560186192209       0.952607808632610     
   1.37000000000000       0.104560293132749       0.952604613485260     
   1.37500000000000       0.104560397620725       0.952601493371405     
   1.38000000000000       0.104560499712788       0.952598446496654     
   1.38500000000000       0.104560599464266       0.952595471110650     
   1.39000000000000       0.104560696929197       0.952592565505913     
   1.39500000000000       0.104560792160371       0.952589728016802     
   1.40000000000000       0.104560885209327       0.952586957018372     
   1.40500000000000       0.104560976126426       0.952584250925461     
   1.41000000000000       0.104561064960843       0.952581608191578     
   1.41500000000000       0.104561151760613       0.952579027307985     
   1.42000000000000       0.104561236572655       0.952576506802722     
   1.42500000000000       0.104561319442792       0.952574045239702     
   1.43000000000000       0.104561400415784       0.952571641217783     
   1.43500000000000       0.104561479535348       0.952569293369904     
   1.44000000000000       0.104561556844192       0.952567000362229     
   1.44500000000000       0.104561632384023       0.952564760893319     
   1.45000000000000       0.104561706195581       0.952562573693301     
   1.45500000000000       0.104561778318665       0.952560437523104     
   1.46000000000000       0.104561848792145       0.952558351173671     
   1.46500000000000       0.104561917653989       0.952556313465220     
   1.47000000000000       0.104561984941281       0.952554323246488     
   1.47500000000000       0.104562050690254       0.952552379394079     
   1.48000000000000       0.104562114936292       0.952550480811704     
   1.48500000000000       0.104562177713962       0.952548626429548     
   1.49000000000000       0.104562239057026       0.952546815203601     
   1.49500000000000       0.104562298998469       0.952545046115012     
   1.50000000000000       0.104562357570507       0.952543318169477     
   1.50500000000000       0.104562414804609       0.952541630396616     
   1.51000000000000       0.104562470731522       0.952539981849417     
   1.51500000000000       0.104562525381272       0.952538371603590     
   1.52000000000000       0.104562578783196       0.952536798757081     
   1.52500000000000       0.104562630965950       0.952535262429477     
   1.53000000000000       0.104562681957525       0.952533761761486     
   1.53500000000000       0.104562731785271       0.952532295914430     
   1.54000000000000       0.104562780475893       0.952530864069690     
   1.54500000000000       0.104562828055494       0.952529465428296     
   1.55000000000000       0.104562874549559       0.952528099210350     
   1.55500000000000       0.104562919982995       0.952526764654644     
   1.56000000000000       0.104562964380128       0.952525461018126     
   1.56500000000000       0.104563007764719       0.952524187575513     
   1.57000000000000       0.104563050159992       0.952522943618839     
   1.57500000000000       0.104563091588620       0.952521728457000     
   1.58000000000000       0.104563132072762       0.952520541415400     
   1.58500000000000       0.104563171634061       0.952519381835495     
   1.59000000000000       0.104563210293667       0.952518249074445     
   1.59500000000000       0.104563248072230       0.952517142504676     
   1.60000000000000       0.104563284989939       0.952516061513576     
   1.60500000000000       0.104563321066501       0.952515005503073     
   1.61000000000000       0.104563356321184       0.952513973889322     
   1.61500000000000       0.104563390772800       0.952512966102332     
   1.62000000000000       0.104563424439735       0.952511981585648     
   1.62500000000000       0.104563457339948       0.952511019796004     
   1.63000000000000       0.104563489490983       0.952510080203028     
   1.63500000000000       0.104563520909984       0.952509162288904     
   1.64000000000000       0.104563551613695       0.952508265548082     
   1.64500000000000       0.104563581618480       0.952507389486984     
   1.65000000000000       0.104563610940324       0.952506533623711     
   1.65500000000000       0.104563639594838       0.952505697487752     
   1.66000000000000       0.104563667597285       0.952504880619729     
   1.66500000000000       0.104563694962573       0.952504082571104     
   1.67000000000000       0.104563721705259       0.952503302903938     
   1.67500000000000       0.104563747839575       0.952502541190618     
   1.68000000000000       0.104563773379424       0.952501797013630     
   1.68500000000000       0.104563798338385       0.952501069965306     
   1.69000000000000       0.104563822729728       0.952500359647574     
   1.69500000000000       0.104563846566418       0.952499665671744     
   1.70000000000000       0.104563869861122       0.952498987658285     
   1.70500000000000       0.104563892626217       0.952498325236586     
   1.71000000000000       0.104563914873792       0.952497678044769     
   1.71500000000000       0.104563936615663       0.952497045729448     
   1.72000000000000       0.104563957863374       0.952496427945566     
   1.72500000000000       0.104563978628199       0.952495824356146     
   1.73000000000000       0.104563998921160       0.952495234632147     
   1.73500000000000       0.104564018753021       0.952494658452233     
   1.74000000000000       0.104564038134304       0.952494095502630     
   1.74500000000000       0.104564057075283       0.952493545476895     
   1.75000000000000       0.104564075586003       0.952493008075801     
