  5.000000000000000E-003   12.5785544972864     
  1.000000000000000E-002   13.0667220095674     
  1.500000000000000E-002   13.4889240063253     
  2.000000000000000E-002   13.8579098218890     
  2.500000000000000E-002   14.1832032958626     
  3.000000000000000E-002   14.4721014478210     
  3.500000000000000E-002   14.7303123449797     
  4.000000000000000E-002   14.9623792989483     
  4.500000000000000E-002   15.1719723707425     
  5.000000000000000E-002   15.3620942503667     
  5.500000000000000E-002   15.5352290898901     
  6.000000000000000E-002   15.6934522843482     
  6.500000000000000E-002   15.8385128844897     
  7.000000000000001E-002   15.9718964321896     
  7.500000000000000E-002   16.0948735354651     
  8.000000000000000E-002   16.2085378869521     
  8.500000000000001E-002   16.3138363536609     
  9.000000000000000E-002   16.4115930333084     
  9.500000000000000E-002   16.5025286646535     
  0.100000000000000        16.5872764212971     
  0.105000000000000        16.6663948622713     
  0.110000000000000        16.7403786269438     
  0.115000000000000        16.8096673252719     
  0.120000000000000        16.8746529730007     
  0.125000000000000        16.9356862451988     
  0.130000000000000        16.9930817637082     
  0.135000000000000        17.0471225898089     
  0.140000000000000        17.0980640591963     
  0.145000000000000        17.1461370697403     
  0.150000000000000        17.1915509115976     
  0.155000000000000        17.2344957127356     
  0.160000000000000        17.2751445597938     
  0.165000000000000        17.3136553436910     
  0.170000000000000        17.3501723709205     
  0.175000000000000        17.3848277746185     
  0.180000000000000        17.4177427539081     
  0.185000000000000        17.4490286654540     
  0.190000000000000        17.4787879874084     
  0.195000000000000        17.5071151728270     
  0.200000000000000        17.5340974070611     
  0.205000000000000        17.5598152814912     
  0.210000000000000        17.5843433941758     
  0.215000000000000        17.6077508864846     
  0.220000000000000        17.6301019235212     
  0.225000000000000        17.6514561250697     
  0.230000000000000        17.6718689528925     
  0.235000000000000        17.6913920594334     
  0.240000000000000        17.7100736023261     
  0.245000000000000        17.7279585285398     
  0.250000000000000        17.7450888315139     
  0.255000000000000        17.7615037842177     
  0.260000000000000        17.7772401507106     
  0.265000000000000        17.7923323784709     
  0.270000000000000        17.8068127734918     
  0.275000000000000        17.8207116599082     
  0.280000000000000        17.8340575257179     
  0.285000000000000        17.8468771559809     
  0.290000000000000        17.8591957547272     
  0.295000000000000        17.8710370566670     
  0.300000000000000        17.8824234296786     
  0.305000000000000        17.8933759689438     
  0.310000000000000        17.9039145835100     
  0.315000000000000        17.9140580759733     
  0.320000000000000        17.9238242159108     
  0.325000000000000        17.9332298076195     
  0.330000000000000        17.9422907526683     
  0.335000000000000        17.9510221077164     
  0.340000000000000        17.9594381380084     
  0.345000000000000        17.9675523669146     
  0.350000000000000        17.9753776218516     
  0.355000000000000        17.9829260768857     
  0.360000000000000        17.9902092922927     
  0.365000000000000        17.9972382513221     
  0.370000000000000        18.0040233943934     
  0.375000000000000        18.0105746509280     
  0.380000000000000        18.0169014690041     
  0.385000000000000        18.0230128430051     
  0.390000000000000        18.0289173394169     
  0.395000000000000        18.0346231209149     
  0.400000000000000        18.0401379688715     
  0.405000000000000        18.0454693044022     
  0.410000000000000        18.0506242080578     
  0.415000000000000        18.0556094382646     
  0.420000000000000        18.0604314486006     
  0.425000000000000        18.0650964039950     
  0.430000000000000        18.0696101959246     
  0.435000000000000        18.0739784566806     
  0.440000000000000        18.0782065727695     
  0.445000000000000        18.0822996975083     
  0.450000000000000        18.0862627628703     
  0.455000000000000        18.0901004906309     
  0.460000000000000        18.0938174028627     
  0.465000000000000        18.0974178318208     
  0.470000000000000        18.1009059292618     
  0.475000000000000        18.1042856752308     
  0.480000000000000        18.1075608863529     
  0.485000000000000        18.1107352236607     
  0.490000000000000        18.1138121999867     
  0.495000000000000        18.1167951869497     
  0.500000000000000        18.1196874215592     
  0.505000000000000        18.1224920124626     
  0.510000000000000        18.1252119458571     
  0.515000000000000        18.1278500910863     
  0.520000000000000        18.1304092059420     
  0.525000000000000        18.1328919416868     
  0.530000000000000        18.1353008478170     
  0.535000000000000        18.1376383765786     
  0.540000000000000        18.1399068872527     
  0.545000000000000        18.1421086502230     
  0.550000000000000        18.1442458508378     
  0.555000000000000        18.1463205930796     
  0.560000000000000        18.1483349030514     
  0.565000000000000        18.1502907322918     
  0.570000000000000        18.1521899609275     
  0.575000000000000        18.1540344006728     
  0.580000000000000        18.1558257976835     
  0.585000000000000        18.1575658352757     
  0.590000000000000        18.1592561365137     
  0.595000000000000        18.1608982666761     
  0.600000000000000        18.1624937356069     
  0.605000000000000        18.1640439999556     
  0.610000000000000        18.1655504653153     
  0.615000000000000        18.1670144882608     
  0.620000000000000        18.1684373782949     
  0.625000000000000        18.1698203997060     
  0.630000000000000        18.1711647733414     
  0.635000000000000        18.1724716783022     
  0.640000000000000        18.1737422535617     
  0.645000000000000        18.1749775995132     
  0.650000000000000        18.1761787794491     
  0.655000000000000        18.1773468209754     
  0.660000000000000        18.1784827173658     
  0.665000000000000        18.1795874288559     
  0.670000000000000        18.1806618838828     
  0.675000000000000        18.1817069802721     
  0.680000000000000        18.1827235863739     
  0.685000000000000        18.1837125421514     
  0.690000000000000        18.1846746602234     
  0.695000000000000        18.1856107268648     
  0.700000000000000        18.1865215029636     
  0.705000000000000        18.1874077249402     
  0.710000000000000        18.1882701056283     
  0.715000000000000        18.1891093351205     
  0.720000000000000        18.1899260815787     
  0.725000000000000        18.1907209920129     
  0.730000000000000        18.1914946930285     
  0.735000000000000        18.1922477915434     
  0.740000000000000        18.1929808754773     
  0.745000000000000        18.1936945144138     
  0.750000000000000        18.1943892602359     
  0.755000000000000        18.1950656477375     
  0.760000000000000        18.1957241952107     
  0.765000000000000        18.1963654050109     
  0.770000000000000        18.1969897640994     
  0.775000000000000        18.1975977445664     
  0.780000000000000        18.1981898041329     
  0.785000000000000        18.1987663866346     
  0.790000000000000        18.1993279224869     
  0.795000000000000        18.1998748291330     
  0.800000000000000        18.2004075114752     
  0.805000000000000        18.2009263622894     
  0.810000000000000        18.2014317626258     
  0.815000000000000        18.2019240821934     
  0.820000000000000        18.2024036797313     
  0.825000000000000        18.2028709033661     
  0.830000000000000        18.2033260909568     
  0.835000000000000        18.2037695704262     
  0.840000000000000        18.2042016600820     
  0.845000000000000        18.2046226689248     
  0.850000000000000        18.2050328969461     
  0.855000000000000        18.2054326354156     
  0.860000000000000        18.2058221671578     
  0.865000000000000        18.2062017668199     
  0.870000000000000        18.2065717011292     
  0.875000000000000        18.2069322291421     
  0.880000000000000        18.2072836024847     
  0.885000000000000        18.2076260655843     
  0.890000000000000        18.2079598558939     
  0.895000000000000        18.2082852041079     
  0.900000000000000        18.2086023343715     
  0.905000000000000        18.2089114644821     
  0.910000000000000        18.2092128060847     
  0.915000000000000        18.2095065648597     
  0.920000000000000        18.2097929407052     
  0.925000000000000        18.2100721279131     
  0.930000000000000        18.2103443153389     
  0.935000000000000        18.2106096865658     
  0.940000000000000        18.2108684200646     
  0.945000000000000        18.2111206893460     
  0.950000000000000        18.2113666631106     
  0.955000000000000        18.2116065053917     
  0.960000000000000        18.2118403756947     
  0.965000000000000        18.2120684291316     
  0.970000000000000        18.2122908165514     
  0.975000000000000        18.2125076846655     
  0.980000000000000        18.2127191761701     
  0.985000000000000        18.2129254298640     
  0.990000000000000        18.2131265807627     
  0.995000000000000        18.2133227602093     
   1.00000000000000        18.2135140959810     
   1.00500000000000        18.2137007123933     
   1.01000000000000        18.2138827304001     
   1.01500000000000        18.2140602676909     
   1.02000000000000        18.2142334387852     
   1.02500000000000        18.2144023551234     
   1.03000000000000        18.2145671251555     
   1.03500000000000        18.2147278544263     
   1.04000000000000        18.2148846456591     
   1.04500000000000        18.2150375988353     
   1.05000000000000        18.2151868112727     
   1.05500000000000        18.2153323777012     
   1.06000000000000        18.2154743903357     
   1.06500000000000        18.2156129389476     
   1.07000000000000        18.2157481109327     
   1.07500000000000        18.2158799913791     
   1.08000000000000        18.2160086631309     
   1.08500000000000        18.2161342068518     
   1.09000000000000        18.2162567010852     
   1.09500000000000        18.2163762223138     
   1.10000000000000        18.2164928450169     
   1.10500000000000        18.2166066417253     
   1.11000000000000        18.2167176830761     
   1.11500000000000        18.2168260378645     
   1.12000000000000        18.2169317730947     
   1.12500000000000        18.2170349540289     
   1.13000000000000        18.2171356442357     
   1.13500000000000        18.2172339056359     
   1.14000000000000        18.2173297985478     
   1.14500000000000        18.2174233817312     
   1.15000000000000        18.2175147124292     
   1.15500000000000        18.2176038464102     
   1.16000000000000        18.2176908380071     
   1.16500000000000        18.2177757401569     
   1.17000000000000        18.2178586044379     
   1.17500000000000        18.2179394811070     
   1.18000000000000        18.2180184191343     
   1.18500000000000        18.2180954662387     
   1.19000000000000        18.2181706689208     
   1.19500000000000        18.2182440724960     
   1.20000000000000        18.2183157211258     
   1.20500000000000        18.2183856578488     
   1.21000000000000        18.2184539246107     
   1.21500000000000        18.2185205622931     
   1.22000000000000        18.2185856107422     
   1.22500000000000        18.2186491087958     
   1.23000000000000        18.2187110943102     
   1.23500000000000        18.2187716041863     
   1.24000000000000        18.2188306743944     
   1.24500000000000        18.2188883399992     
   1.25000000000000        18.2189446351833     
   1.25500000000000        18.2189995932703     
   1.26000000000000        18.2190532467478     
   1.26500000000000        18.2191056272886     
   1.27000000000000        18.2191567657726     
   1.27500000000000        18.2192066923073     
   1.28000000000000        18.2192554362477     
   1.28500000000000        18.2193030262163     
   1.29000000000000        18.2193494901217     
   1.29500000000000        18.2193948551776     
   1.30000000000000        18.2194391479203     
   1.30500000000000        18.2194823942267     
   1.31000000000000        18.2195246193310     
   1.31500000000000        18.2195658478415     
   1.32000000000000        18.2196061037566     
   1.32500000000000        18.2196454104805     
   1.33000000000000        18.2196837908385     
   1.33500000000000        18.2197212670922     
   1.34000000000000        18.2197578609532     
   1.34500000000000        18.2197935935978     
   1.35000000000000        18.2198284856806     
   1.35500000000000        18.2198625573475     
   1.36000000000000        18.2198958282490     
   1.36500000000000        18.2199283175527     
   1.37000000000000        18.2199600439558     
   1.37500000000000        18.2199910256964     
   1.38000000000000        18.2200212805662     
   1.38500000000000        18.2200508259206     
   1.39000000000000        18.2200796786908     
   1.39500000000000        18.2201078553941     
   1.40000000000000        18.2201353721441     
   1.40500000000000        18.2201622446612     
   1.41000000000000        18.2201884882827     
   1.41500000000000        18.2202141179719     
   1.42000000000000        18.2202391483280     
   1.42500000000000        18.2202635935949     
   1.43000000000000        18.2202874676704     
   1.43500000000000        18.2203107841146     
   1.44000000000000        18.2203335561586     
   1.44500000000000        18.2203557967127     
   1.45000000000000        18.2203775183740     
   1.45500000000000        18.2203987334349     
   1.46000000000000        18.2204194538902     
   1.46500000000000        18.2204396914448     
   1.47000000000000        18.2204594575206     
   1.47500000000000        18.2204787632639     
   1.48000000000000        18.2204976195518     
   1.48500000000000        18.2205160369994     
   1.49000000000000        18.2205340259659     
   1.49500000000000        18.2205515965612     
   1.50000000000000        18.2205687586517     
   1.50500000000000        18.2205855218669     
   1.51000000000000        18.2206018956045     
   1.51500000000000        18.2206178890369     
   1.52000000000000        18.2206335111161     
   1.52500000000000        18.2206487705795     
   1.53000000000000        18.2206636759553     
   1.53500000000000        18.2206782355671     
   1.54000000000000        18.2206924575395     
   1.54500000000000        18.2207063498025     
   1.55000000000000        18.2207199200967     
   1.55500000000000        18.2207331759777     
   1.56000000000000        18.2207461248207     
   1.56500000000000        18.2207587738249     
   1.57000000000000        18.2207711300178     
   1.57500000000000        18.2207832002592     
   1.58000000000000        18.2207949912457     
   1.58500000000000        18.2208065095144     
   1.59000000000000        18.2208177614468     
   1.59500000000000        18.2208287532727     
   1.60000000000000        18.2208394910737     
   1.60500000000000        18.2208499807870     
   1.61000000000000        18.2208602282089     
   1.61500000000000        18.2208702389979     
   1.62000000000000        18.2208800186786     
   1.62500000000000        18.2208895726445     
   1.63000000000000        18.2208989061611     
   1.63500000000000        18.2209080243695     
   1.64000000000000        18.2209169322891     
   1.64500000000000        18.2209256348202     
   1.65000000000000        18.2209341367477     
   1.65500000000000        18.2209424427432     
   1.66000000000000        18.2209505573677     
   1.66500000000000        18.2209584850750     
   1.67000000000000        18.2209662302133     
   1.67500000000000        18.2209737970286     
   1.68000000000000        18.2209811896666     
   1.68500000000000        18.2209884121755     
   1.69000000000000        18.2209954685077     
   1.69500000000000        18.2210023625230     
   1.70000000000000        18.2210090979902     
   1.70500000000000        18.2210156785893     
   1.71000000000000        18.2210221079140     
   1.71500000000000        18.2210283894734     
   1.72000000000000        18.2210345266942     
   1.72500000000000        18.2210405229225     
   1.73000000000000        18.2210463814262     
   1.73500000000000        18.2210521053960     
   1.74000000000000        18.2210576979482     
   1.74500000000000        18.2210631621260     
   1.75000000000000        18.2210685009010     
