  5.000000000000000E-003   12.5202934605852     
  1.000000000000000E-002   12.9682718497550     
  1.500000000000000E-002   13.3532936341351     
  2.000000000000000E-002   13.6910568674869     
  2.500000000000000E-002   13.9842869299378     
  3.000000000000000E-002   14.2328355169820     
  3.500000000000000E-002   14.4646042924971     
  4.000000000000000E-002   14.6623022476573     
  4.500000000000000E-002   14.8251917268664     
  5.000000000000000E-002   14.9955661110265     
  5.500000000000000E-002   15.1346454766175     
  6.000000000000000E-002   15.2582131588275     
  6.500000000000000E-002   15.3673483164755     
  7.000000000000001E-002   15.4582863072932     
  7.500000000000000E-002   15.5586860197912     
  8.000000000000000E-002   15.6485977841984     
  8.500000000000001E-002   15.7218519262829     
  9.000000000000000E-002   15.7864695396242     
  9.500000000000000E-002   15.8519944514380     
  0.100000000000000        15.9037612680243     
  0.105000000000000        15.9529429289495     
  0.110000000000000        16.0012204073921     
  0.115000000000000        16.0367678221782     
  0.120000000000000        16.0688493561727     
  0.125000000000000        16.1025140527600     
  0.130000000000000        16.1350573490385     
  0.135000000000000        16.1801300221158     
  0.140000000000000        16.2143948487163     
  0.145000000000000        16.2421007795802     
  0.150000000000000        16.2750521515245     
  0.155000000000000        16.2930479917825     
  0.160000000000000        16.3137569276832     
  0.165000000000000        16.3342424703975     
  0.170000000000000        16.3613794047678     
  0.175000000000000        16.3741151738343     
  0.180000000000000        16.3862059890232     
  0.185000000000000        16.3977339590415     
  0.190000000000000        16.4103631122031     
  0.195000000000000        16.4256888412427     
  0.200000000000000        16.4346032775415     
  0.205000000000000        16.4427055157524     
  0.210000000000000        16.4599621222646     
  0.215000000000000        16.4673850653283     
  0.220000000000000        16.4740202579137     
  0.225000000000000        16.4806770777611     
  0.230000000000000        16.4869098642175     
  0.235000000000000        16.4924855653595     
  0.240000000000000        16.5006102091710     
  0.245000000000000        16.5104335738419     
  0.250000000000000        16.5146689095262     
  0.255000000000000        16.5222403407363     
  0.260000000000000        16.5265505458285     
  0.265000000000000        16.5306090086097     
  0.270000000000000        16.5344331379881     
  0.275000000000000        16.5441550065507     
  0.280000000000000        16.5475725777380     
  0.285000000000000        16.5507993717006     
  0.290000000000000        16.5586521311009     
  0.295000000000000        16.5613030275928     
  0.300000000000000        16.5640391665170     
  0.305000000000000        16.5663361157720     
  0.310000000000000        16.5687885892521     
  0.315000000000000        16.5771679529866     
  0.320000000000000        16.5793814091282     
  0.325000000000000        16.5843947459327     
  0.330000000000000        16.5863922934524     
  0.335000000000000        16.5882891236625     
  0.340000000000000        16.5900912004376     
  0.345000000000000        16.5918040790097     
  0.350000000000000        16.5934329378312     
  0.355000000000000        16.5949826076573     
  0.360000000000000        16.5956366147427     
  0.365000000000000        16.5970413538763     
  0.370000000000000        16.5983795568620     
  0.375000000000000        16.5996549078949     
  0.380000000000000        16.6008708555837     
  0.385000000000000        16.6032360578990     
  0.390000000000000        16.6043439952520     
  0.395000000000000        16.6054015708507     
  0.400000000000000        16.6064114516249     
  0.405000000000000        16.6073761416700     
  0.410000000000000        16.6082979935488     
  0.415000000000000        16.6091792187130     
  0.420000000000000        16.6100218971240     
  0.425000000000000        16.6108279861331     
  0.430000000000000        16.6113308310409     
  0.435000000000000        16.6120691280505     
  0.440000000000000        16.6127760526541     
  0.445000000000000        16.6142528015006     
  0.450000000000000        16.6149021367576     
  0.455000000000000        16.6155244488044     
  0.460000000000000        16.6161210364755     
  0.465000000000000        16.6166931269474     
  0.470000000000000        16.6172418802236     
  0.475000000000000        16.6177683933051     
  0.480000000000000        16.6182737040752     
  0.485000000000000        16.6187587949090     
  0.490000000000000        16.6192245960417     
  0.495000000000000        16.6196719887055     
  0.500000000000000        16.6201018080546     
  0.505000000000000        16.6205148458975     
  0.510000000000000        16.6209118532442     
  0.515000000000000        16.6212935426881     
  0.520000000000000        16.6216605906326     
  0.525000000000000        16.6220136393699     
  0.530000000000000        16.6223532990314     
  0.535000000000000        16.6226801494082     
  0.540000000000000        16.6229947416586     
  0.545000000000000        16.6232975999090     
  0.550000000000000        16.6235892227522     
  0.555000000000000        16.6238700846542     
  0.560000000000000        16.6241406372751     
  0.565000000000000        16.6244013107068     
  0.570000000000000        16.6246525146376     
  0.575000000000000        16.6248946394449     
  0.580000000000000        16.6251280572240     
  0.585000000000000        16.6253531227543     
  0.590000000000000        16.6255701744096     
  0.595000000000000        16.6257795350134     
  0.600000000000000        16.6259815126452     
  0.605000000000000        16.6261764014013     
  0.610000000000000        16.6263644821083     
  0.615000000000000        16.6265460229997     
  0.620000000000000        16.6267212803519     
  0.625000000000000        16.6266542666476     
  0.630000000000000        16.6268177355993     
  0.635000000000000        16.6269756222172     
  0.640000000000000        16.6271281406864     
  0.645000000000000        16.6272754959196     
  0.650000000000000        16.6274178840077     
  0.655000000000000        16.6275554926459     
  0.660000000000000        16.6276885015390     
  0.665000000000000        16.6278170827835     
  0.670000000000000        16.6279414012299     
  0.675000000000000        16.6280616148238     
  0.680000000000000        16.6281778749315     
  0.685000000000000        16.6282903266499     
  0.690000000000000        16.6283991090941     
  0.695000000000000        16.6285043556754     
  0.700000000000000        16.6286061943659     
  0.705000000000000        16.6287047479429     
  0.710000000000000        16.6288001342289     
  0.715000000000000        16.6288924663130     
  0.720000000000000        16.6289818527655     
  0.725000000000000        16.6290683978395     
  0.730000000000000        16.6291522016626     
  0.735000000000000        16.6292333604202     
  0.740000000000000        16.6293119665286     
  0.745000000000000        16.6293881087997     
  0.750000000000000        16.6294618725996     
  0.755000000000000        16.6295333399964     
  0.760000000000000        16.6296025899028     
  0.765000000000000        16.6296696982120     
  0.770000000000000        16.6297347379263     
  0.775000000000000        16.6297977792804     
  0.780000000000000        16.6298588898566     
  0.785000000000000        16.6299181347002     
  0.790000000000000        16.6299755764203     
  0.795000000000000        16.6300312752964     
  0.800000000000000        16.6300852893717     
  0.805000000000000        16.6301376745470     
  0.810000000000000        16.6301884846682     
  0.815000000000000        16.6302377716099     
  0.820000000000000        16.6302855853567     
  0.825000000000000        16.6303319740779     
  0.830000000000000        16.6303769842028     
  0.835000000000000        16.6304206604888     
  0.840000000000000        16.6304630460890     
  0.845000000000000        16.6305041826163     
  0.850000000000000        16.6305441102039     
  0.855000000000000        16.6305828675621     
  0.860000000000000        16.6306204920384     
  0.865000000000000        16.6306570196660     
  0.870000000000000        16.6306924852170     
  0.875000000000000        16.6307269222524     
  0.880000000000000        16.6307603631662     
  0.885000000000000        16.6307928392325     
  0.890000000000000        16.6308243806467     
  0.895000000000000        16.6308550165683     
  0.900000000000000        16.6308847751582     
  0.905000000000000        16.6309136836173     
  0.910000000000000        16.6309417682230     
  0.915000000000000        16.6309690543640     
  0.920000000000000        16.6309955665724     
  0.925000000000000        16.6310213285553     
  0.930000000000000        16.6310463632273     
  0.935000000000000        16.6310706927374     
  0.940000000000000        16.6310943384988     
  0.945000000000000        16.6311173212158     
  0.950000000000000        16.6311396609068     
  0.955000000000000        16.6311613769342     
  0.960000000000000        16.6311824880229     
  0.965000000000000        16.6312030122871     
  0.970000000000000        16.6312229672506     
  0.975000000000000        16.6312423698670     
  0.980000000000000        16.6312612365428     
  0.985000000000000        16.6312795831534     
  0.990000000000000        16.6312974250651     
  0.995000000000000        16.6313147771502     
   1.00000000000000        16.6313316538066     
   1.00500000000000        16.6313480689730     
   1.01000000000000        16.6313640361447     
   1.01500000000000        16.6313795683907     
   1.02000000000000        16.6313946783671     
   1.02500000000000        16.6314093783314     
   1.03000000000000        16.6314236801561     
   1.03500000000000        16.6314375953428     
   1.04000000000000        16.6314511350343     
   1.04500000000000        16.6314643100259     
   1.05000000000000        16.6314771307786     
   1.05500000000000        16.6314896074306     
   1.06000000000000        16.6315017498054     
   1.06500000000000        16.6315135674263     
   1.07000000000000        16.6315250695234     
   1.07500000000000        16.6315362650456     
   1.08000000000000        16.6315471626672     
   1.08500000000000        16.6315577708001     
   1.09000000000000        16.6315680976002     
   1.09500000000000        16.6315781509765     
   1.10000000000000        16.6315879386001     
   1.10500000000000        16.6315974679104     
   1.11000000000000        16.6316067461241     
   1.11500000000000        16.6316157802415     
   1.12000000000000        16.6316245770535     
   1.12500000000000        16.6316331431498     
   1.13000000000000        16.6316414849230     
   1.13500000000000        16.6316496085769     
   1.14000000000000        16.6316575201317     
   1.14500000000000        16.6316652254304     
   1.15000000000000        16.6316727301428     
   1.15500000000000        16.6316800397743     
   1.16000000000000        16.6316871596677     
   1.16500000000000        16.6316940950090     
   1.17000000000000        16.6317008508355     
   1.17500000000000        16.6317074320360     
   1.18000000000000        16.6317138433580     
   1.18500000000000        16.6317200894118     
   1.19000000000000        16.6317261746743     
   1.19500000000000        16.6317321034933     
   1.20000000000000        16.6317378800926     
   1.20500000000000        16.6317435085732     
   1.21000000000000        16.6317489929204     
   1.21500000000000        16.6317543370039     
   1.22000000000000        16.6317595445851     
   1.22500000000000        16.6317646193170     
   1.23000000000000        16.6317695647491     
   1.23500000000000        16.6317743843312     
   1.24000000000000        16.6317790814146     
   1.24500000000000        16.6317836592567     
   1.25000000000000        16.6317881210231     
   1.25500000000000        16.6317924697910     
   1.26000000000000        16.6317967085500     
   1.26500000000000        16.6318008402070     
   1.27000000000000        16.6318048675882     
   1.27500000000000        16.6318087934398     
   1.28000000000000        16.6318126204331     
   1.28500000000000        16.6318163511639     
   1.29000000000000        16.6318199881566     
   1.29500000000000        16.6318235338663     
   1.30000000000000        16.6318269906793     
   1.30500000000000        16.6318303609177     
   1.31000000000000        16.6318336468380     
   1.31500000000000        16.6318368506358     
   1.32000000000000        16.6318399744469     
   1.32500000000000        16.6318430203474     
   1.33000000000000        16.6318459903577     
   1.33500000000000        16.6318488864428     
   1.34000000000000        16.6318517105147     
   1.34500000000000        16.6318544644326     
   1.35000000000000        16.6318571500063     
   1.35500000000000        16.6318597689960     
   1.36000000000000        16.6318623231145     
   1.36500000000000        16.6318648140281     
   1.37000000000000        16.6318672433592     
   1.37500000000000        16.6318696126850     
   1.38000000000000        16.6318719235421     
   1.38500000000000        16.6318741774250     
   1.39000000000000        16.6318763757880     
   1.39500000000000        16.6318785200466     
   1.40000000000000        16.6318806115799     
   1.40500000000000        16.6318826517279     
   1.41000000000000        16.6318846417976     
   1.41500000000000        16.6318865830588     
   1.42000000000000        16.6318884767499     
   1.42500000000000        16.6318903240746     
   1.43000000000000        16.6318921262063     
   1.43500000000000        16.6318938842863     
   1.44000000000000        16.6318955994266     
   1.44500000000000        16.6318972727099     
   1.45000000000000        16.6318989051898     
   1.45500000000000        16.6319004978927     
   1.46000000000000        16.6319020518184     
   1.46500000000000        16.6319035679402     
   1.47000000000000        16.6319050472061     
   1.47500000000000        16.6319064905395     
   1.48000000000000        16.6319078988386     
   1.48500000000000        16.6319092729799     
   1.49000000000000        16.6319106138162     
   1.49500000000000        16.6319119221786     
   1.50000000000000        16.6319131988765     
   1.50500000000000        16.6319144446980     
   1.51000000000000        16.6319156604111     
   1.51500000000000        16.6319168467641     
   1.52000000000000        16.6319180044861     
   1.52500000000000        16.6319191342868     
   1.53000000000000        16.6319202368590     
   1.53500000000000        16.6319213128755     
   1.54000000000000        16.6319223629942     
   1.54500000000000        16.6319233878547     
   1.55000000000000        16.6319243880802     
   1.55500000000000        16.6319253642789     
   1.56000000000000        16.6319263170435     
   1.56500000000000        16.6319272469500     
   1.57000000000000        16.6319281545610     
   1.57500000000000        16.6319290404249     
   1.58000000000000        16.6319299050758     
   1.58500000000000        16.6319307490346     
   1.59000000000000        16.6319315728077     
   1.59500000000000        16.6319323768901     
   1.60000000000000        16.6319331617646     
   1.60500000000000        16.6319339278995     
   1.61000000000000        16.6319346757541     
   1.61500000000000        16.6319354057748     
   1.62000000000000        16.6319361183955     
   1.62500000000000        16.6319368140420     
   1.63000000000000        16.6319374931270     
   1.63500000000000        16.6319381560538     
   1.64000000000000        16.6319388032158     
   1.64500000000000        16.6319394349959     
   1.65000000000000        16.6319400517678     
   1.65500000000000        16.6319406538954     
   1.66000000000000        16.6319412417352     
   1.66500000000000        16.6319418156318     
   1.67000000000000        16.6319423759242     
   1.67500000000000        16.6319429229407     
   1.68000000000000        16.6319434570038     
   1.68500000000000        16.6319439784249     
   1.69000000000000        16.6319444875105     
   1.69500000000000        16.6319449845578     
   1.70000000000000        16.6319454698569     
   1.70500000000000        16.6319459436919     
   1.71000000000000        16.6319464063383     
   1.71500000000000        16.6319468580659     
   1.72000000000000        16.6319472991366     
   1.72500000000000        16.6319477298071     
   1.73000000000000        16.6319481503274     
   1.73500000000000        16.6319485609409     
   1.74000000000000        16.6319489618856     
   1.74500000000000        16.6319493533928     
   1.75000000000000        16.6319497356897     
