  5.000000000000000E-003   98.6779502819744     
  1.000000000000000E-002   98.0376179273402     
  1.500000000000000E-002   97.4090909011557     
  2.000000000000000E-002   96.6964073650641     
  2.500000000000000E-002   96.0143706161944     
  3.000000000000000E-002   95.3540331702785     
  3.500000000000000E-002   94.7117523927857     
  4.000000000000000E-002   94.0858774797095     
  4.500000000000000E-002   93.4756432584168     
  5.000000000000000E-002   92.8807245793067     
  5.500000000000000E-002   92.3010294329387     
  6.000000000000000E-002   91.7365906400235     
  6.500000000000000E-002   91.1875028360277     
  7.000000000000001E-002   90.6538824763316     
  7.500000000000000E-002   90.1358408905669     
  8.000000000000000E-002   89.6334656503896     
  8.500000000000001E-002   89.1468078313095     
  9.000000000000000E-002   88.6758737862566     
  9.500000000000000E-002   88.2206205113121     
  0.100000000000000        87.7809538936732     
  0.105000000000000        87.3567292375294     
  0.110000000000000        86.9477535330184     
  0.115000000000000        86.5537889950890     
  0.120000000000000        86.1745574616260     
  0.125000000000000        85.8097453050579     
  0.130000000000000        85.4590085754030     
  0.135000000000000        85.1219781536214     
  0.140000000000000        84.7982647485829     
  0.145000000000000        84.4874636188810     
  0.150000000000000        84.1891589403423     
  0.155000000000000        83.9029277725486     
  0.160000000000000        83.6283436028583     
  0.165000000000000        83.3649794655331     
  0.170000000000000        83.1124106475605     
  0.175000000000000        82.8702170021325     
  0.180000000000000        82.6379848971466     
  0.185000000000000        82.4153088294278     
  0.190000000000000        82.2017927370035     
  0.195000000000000        81.9970510417236     
  0.200000000000000        81.8007094536573     
  0.205000000000000        81.6124055669852     
  0.210000000000000        81.4317892750438     
  0.215000000000000        81.2585230299718     
  0.220000000000000        81.0922819698208     
  0.225000000000000        80.9327539339312     
  0.230000000000000        80.7796393847753     
  0.235000000000000        80.6326512526146     
  0.240000000000000        80.4915147170361     
  0.245000000000000        80.3559669378814     
  0.250000000000000        80.2257567462411     
  0.255000000000000        80.1006443047006     
  0.260000000000000        79.9804007448716     
  0.265000000000000        79.8648077887919     
  0.270000000000000        79.7536573600913     
  0.275000000000000        79.6467511894585     
  0.280000000000000        79.5439004186609     
  0.285000000000000        79.4449252062645     
  0.290000000000000        79.3496543377962     
  0.295000000000000        79.2579248425698     
  0.300000000000000        79.1695816189216     
  0.305000000000000        79.0844770691934     
  0.310000000000000        79.0024707455417     
  0.315000000000000        78.9234290073918     
  0.320000000000000        78.8472246909326     
  0.325000000000000        78.7737367911865     
  0.330000000000000        78.7028501567189     
  0.335000000000000        78.6344551970721     
  0.340000000000000        78.5684476028767     
  0.345000000000000        78.5047280784768     
  0.350000000000000        78.4432020868220     
  0.355000000000000        78.3837796064447     
  0.360000000000000        78.3263749000435     
  0.365000000000000        78.2709062944675     
  0.370000000000000        78.2172959715817     
  0.375000000000000        78.1654697697699     
  0.380000000000000        78.1153569954501     
  0.385000000000000        78.0668902444386     
  0.390000000000000        78.0200052324917     
  0.395000000000000        77.9746406348402     
  0.400000000000000        77.9307379340918     
  0.405000000000000        77.8882412763003     
  0.410000000000000        77.8470973346434     
  0.415000000000000        77.8072551804121     
  0.420000000000000        77.7686661609815     
  0.425000000000000        77.7312837842759     
  0.430000000000000        77.6950636095175     
  0.435000000000000        77.6599631438333     
  0.440000000000000        77.6259417445191     
  0.445000000000000        77.5929605265125     
  0.450000000000000        77.5609822749122     
  0.455000000000000        77.5299713622008     
  0.460000000000000        77.4998936699939     
  0.465000000000000        77.4707165148844     
  0.470000000000000        77.4424085784420     
  0.475000000000000        77.4149398408287     
  0.480000000000000        77.3882815180570     
  0.485000000000000        77.3624060025901     
  0.490000000000000        77.3372868070899     
  0.495000000000000        77.3128985111723     
  0.500000000000000        77.2892167109786     
  0.505000000000000        77.2662179714301     
  0.510000000000000        77.2438797809786     
  0.515000000000000        77.2221805087239     
  0.520000000000000        77.2010993638142     
  0.525000000000000        77.1806163569171     
  0.530000000000000        77.1607122637028     
  0.535000000000000        77.1413685902280     
  0.540000000000000        77.1225675400762     
  0.545000000000000        77.1042919832248     
  0.550000000000000        77.0865254264093     
  0.555000000000000        77.0692519851122     
  0.560000000000000        77.0524563568232     
  0.565000000000000        77.0361237958213     
  0.570000000000000        77.0202400890408     
  0.575000000000000        77.0047915332296     
  0.580000000000000        76.9897649132463     
  0.585000000000000        76.9751474813649     
  0.590000000000000        76.9609269376786     
  0.595000000000000        76.9470914113382     
  0.600000000000000        76.9336294428567     
  0.605000000000000        76.9205299670746     
  0.610000000000000        76.9077822971643     
  0.615000000000000        76.8953761091569     
  0.620000000000000        76.8833014274065     
  0.625000000000000        76.8715486106300     
  0.630000000000000        76.8601083385997     
  0.635000000000000        76.8489715995104     
  0.640000000000000        76.8381296778820     
  0.645000000000000        76.8275741430360     
  0.650000000000000        76.8172968381169     
  0.655000000000000        76.8072898695596     
  0.660000000000000        76.7975455970941     
  0.665000000000000        76.7880566241607     
  0.670000000000000        76.7788157887575     
  0.675000000000000        76.7698161547014     
  0.680000000000000        76.7610510032603     
  0.685000000000000        76.7525138251813     
  0.690000000000000        76.7441983130215     
  0.695000000000000        76.7360983538417     
  0.700000000000000        76.7282080222052     
  0.705000000000000        76.7205215734692     
  0.710000000000000        76.7130334373832     
  0.715000000000000        76.7057382118913     
  0.720000000000000        76.6986306572894     
  0.725000000000000        76.6917056905446     
  0.730000000000000        76.6849583799122     
  0.735000000000000        76.6783839396804     
  0.740000000000000        76.6719777252546     
  0.745000000000000        76.6657352283200     
  0.750000000000000        76.6596520722925     
  0.755000000000000        76.6537240078717     
  0.760000000000000        76.6479469088379     
  0.765000000000000        76.6423167679643     
  0.770000000000000        76.6368296931423     
  0.775000000000000        76.6314819035541     
  0.780000000000000        76.6262697261337     
  0.785000000000000        76.6211895920579     
  0.790000000000000        76.6162380334046     
  0.795000000000000        76.6114116799191     
  0.800000000000000        76.6067072559718     
  0.805000000000000        76.6021215775105     
  0.810000000000000        76.5976515492239     
  0.815000000000000        76.5932941617921     
  0.820000000000000        76.5890464891653     
  0.825000000000000        76.5849056860594     
  0.830000000000000        76.5808689854343     
  0.835000000000000        76.5769336961249     
  0.840000000000000        76.5730972005240     
  0.845000000000000        76.5693569523808     
  0.850000000000000        76.5657104746451     
  0.855000000000000        76.5621553573924     
  0.860000000000000        76.5586892558120     
  0.865000000000000        76.5553098883437     
  0.870000000000000        76.5520150347103     
  0.875000000000000        76.5488025341977     
  0.880000000000000        76.5456702838916     
  0.885000000000000        76.5426162369719     
  0.890000000000000        76.5396384011228     
  0.895000000000000        76.5367348369559     
  0.900000000000000        76.5339036564455     
  0.905000000000000        76.5311430214979     
  0.910000000000000        76.5284511425514     
  0.915000000000000        76.5258262771178     
  0.920000000000000        76.5232667285477     
  0.925000000000000        76.5207708446523     
  0.930000000000000        76.5183370165055     
  0.935000000000000        76.5159636772127     
  0.940000000000000        76.5136493007826     
  0.945000000000000        76.5113924008844     
  0.950000000000000        76.5091915298879     
  0.955000000000000        76.5070452776746     
  0.960000000000000        76.5049522706833     
  0.965000000000000        76.5029111708682     
  0.970000000000000        76.5009206747416     
  0.975000000000000        76.4989795124349     
  0.980000000000000        76.4970864467631     
  0.985000000000000        76.4952402723499     
  0.990000000000000        76.4934398148087     
  0.995000000000000        76.4916839298045     
   1.00000000000000        76.4899715023574     
   1.00500000000000        76.4883014460021     
   1.01000000000000        76.4866727020048     
   1.01500000000000        76.4850842386790     
   1.02000000000000        76.4835350505974     
   1.02500000000000        76.4820241579588     
   1.03000000000000        76.4805506058659     
   1.03500000000000        76.4791134636857     
   1.04000000000000        76.4777118243834     
   1.04500000000000        76.4763448039627     
   1.05000000000000        76.4750115407758     
   1.05500000000000        76.4737111949790     
   1.06000000000000        76.4724429479940     
   1.06500000000000        76.4712060018944     
   1.07000000000000        76.4699995788912     
   1.07500000000000        76.4688229208280     
   1.08000000000000        76.4676752886106     
   1.08500000000000        76.4665559618034     
   1.09000000000000        76.4654642380664     
   1.09500000000000        76.4643994326892     
   1.10000000000000        76.4633608782233     
   1.10500000000000        76.4623479239173     
   1.11000000000000        76.4613599353849     
   1.11500000000000        76.4603962941158     
   1.12000000000000        76.4594563971028     
   1.12500000000000        76.4585396564397     
   1.13000000000000        76.4576454989399     
   1.13500000000000        76.4567733657356     
   1.14000000000000        76.4559227119271     
   1.14500000000000        76.4550930062364     
   1.15000000000000        76.4542837306398     
   1.15500000000000        76.4534943800578     
   1.16000000000000        76.4527244619713     
   1.16500000000000        76.4519734961967     
   1.17000000000000        76.4512410144537     
   1.17500000000000        76.4505265601679     
   1.18000000000000        76.4498296881093     
   1.18500000000000        76.4491499641284     
   1.19000000000000        76.4484869649039     
   1.19500000000000        76.4478402775918     
   1.20000000000000        76.4472094996375     
   1.20500000000000        76.4465942384919     
   1.21000000000000        76.4459941113471     
   1.21500000000000        76.4454087448870     
   1.22000000000000        76.4448377750822     
   1.22500000000000        76.4442808469121     
   1.23000000000000        76.4437376141764     
   1.23500000000000        76.4432077392705     
   1.24000000000000        76.4426908929066     
   1.24500000000000        76.4421867540357     
   1.25000000000000        76.4416950094712     
   1.25500000000000        76.4412153538634     
   1.26000000000000        76.4407474893592     
   1.26500000000000        76.4402911255333     
   1.27000000000000        76.4398459790856     
   1.27500000000000        76.4394117737833     
   1.28000000000000        76.4389882401837     
   1.28500000000000        76.4385751155307     
   1.29000000000000        76.4381721435629     
   1.29500000000000        76.4377790743235     
   1.30000000000000        76.4373956640600     
   1.30500000000000        76.4370216750449     
   1.31000000000000        76.4366568754027     
   1.31500000000000        76.4363010389969     
   1.32000000000000        76.4359539452772     
   1.32500000000000        76.4356153791224     
   1.33000000000000        76.4352851307408     
   1.33500000000000        76.4349629954993     
   1.34000000000000        76.4346487738200     
   1.34500000000000        76.4343422710661     
   1.35000000000000        76.4340432973739     
   1.35500000000000        76.4337516675721     
   1.36000000000000        76.4334672010671     
   1.36500000000000        76.4331897217025     
   1.37000000000000        76.4329190576733     
   1.37500000000000        76.4326550414018     
   1.38000000000000        76.4323975094439     
   1.38500000000000        76.4321463023868     
   1.39000000000000        76.4319012647465     
   1.39500000000000        76.4316622448541     
   1.40000000000000        76.4314290947931     
   1.40500000000000        76.4312016702822     
   1.41000000000000        76.4309798306019     
   1.41500000000000        76.4307634384798     
   1.42000000000000        76.4305523600554     
   1.42500000000000        76.4303464647075     
   1.43000000000000        76.4301456251051     
   1.43500000000000        76.4299497169972     
   1.44000000000000        76.4297586192001     
   1.44500000000000        76.4295722135320     
   1.45000000000000        76.4293903846942     
   1.45500000000000        76.4292130202486     
   1.46000000000000        76.4290400105022     
   1.46500000000000        76.4288712484764     
   1.47000000000000        76.4287066298160     
   1.47500000000000        76.4285460527337     
   1.48000000000000        76.4283894179515     
   1.48500000000000        76.4282366286274     
   1.49000000000000        76.4280875902995     
   1.49500000000000        76.4279422108464     
   1.50000000000000        76.4278004003759     
   1.50500000000000        76.4276620712489     
   1.51000000000000        76.4275271379441     
   1.51500000000000        76.4273955170687     
   1.52000000000000        76.4272671272697     
   1.52500000000000        76.4271418891925     
   1.53000000000000        76.4270197254307     
   1.53500000000000        76.4269005605108     
   1.54000000000000        76.4267843207507     
   1.54500000000000        76.4266709343457     
   1.55000000000000        76.4265603312081     
   1.55500000000000        76.4264524430180     
   1.56000000000000        76.4263472030844     
   1.56500000000000        76.4262445463947     
   1.57000000000000        76.4261444095102     
   1.57500000000000        76.4260467305622     
   1.58000000000000        76.4259514492040     
   1.58500000000000        76.4258585065604     
   1.59000000000000        76.4257678452215     
   1.59500000000000        76.4256794091553     
   1.60000000000000        76.4255931437495     
   1.60500000000000        76.4255089956932     
   1.61000000000000        76.4254269130174     
   1.61500000000000        76.4253468450045     
   1.62000000000000        76.4252687421931     
   1.62500000000000        76.4251925563427     
   1.63000000000000        76.4251182403975     
   1.63500000000000        76.4250457484449     
   1.64000000000000        76.4249750357032     
   1.64500000000000        76.4249060584960     
   1.65000000000000        76.4248387742224     
   1.65500000000000        76.4247731413390     
   1.66000000000000        76.4247091192737     
   1.66500000000000        76.4246466685056     
   1.67000000000000        76.4245857504653     
   1.67500000000000        76.4245263275172     
   1.68000000000000        76.4244683629696     
   1.68500000000000        76.4244118210211     
   1.69000000000000        76.4243566667388     
   1.69500000000000        76.4243028660829     
   1.70000000000000        76.4242503858150     
   1.70500000000000        76.4241991935209     
   1.71000000000000        76.4241492575947     
   1.71500000000000        76.4241005471878     
   1.72000000000000        76.4240530322402     
   1.72500000000000        76.4240066833868     
   1.73000000000000        76.4239614720143     
   1.73500000000000        76.4239173702022     
   1.74000000000000        76.4238743507246     
   1.74500000000000        76.4238323869961     
   1.75000000000000        76.4237914531314     
   1.75500000000000        76.4237515238231     
   1.76000000000000        76.4237125744425     
   1.76500000000000        76.4236745809237     
   1.77000000000000        76.4236375198057     
   1.77500000000000        76.4236013682093     
   1.78000000000000        76.4235661038085     
   1.78500000000000        76.4235317048322     
   1.79000000000000        76.4234981500445     
   1.79500000000000        76.4234654187048     
   1.80000000000000        76.4234334906336     
   1.80500000000000        76.4234023460896     
   1.81000000000000        76.4233719658610     
   1.81500000000000        76.4233423311694     
   1.82000000000000        76.4233134237380     
   1.82500000000000        76.4232852257152     
   1.83000000000000        76.4232577196768     
   1.83500000000000        76.4232308886512     
   1.84000000000000        76.4232047160729     
   1.84500000000000        76.4231791857843     
   1.85000000000000        76.4231542820041     
   1.85500000000000        76.4231299893802     
   1.86000000000000        76.4231062928922     
   1.86500000000000        76.4230831779276     
   1.87000000000000        76.4230606302078     
   1.87500000000000        76.4230386358047     
   1.88000000000000        76.4230171811600     
   1.88500000000000        76.4229962530070     
   1.89000000000000        76.4229758384232     
   1.89500000000000        76.4229559248204     
   1.90000000000000        76.4229364998891     
   1.90500000000000        76.4229175516521     
   1.91000000000000        76.4228990683988     
   1.91500000000000        76.4228810387242     
   1.92000000000000        76.4228634514958     
   1.92500000000000        76.4228462958534     
   1.93000000000000        76.4228295612039     
   1.93500000000000        76.4228132372229     
   1.94000000000000        76.4227973138253     
   1.94500000000000        76.4227817811821     
   1.95000000000000        76.4227666297085     
   1.95500000000000        76.4227518500432     
   1.96000000000000        76.4227374330643     
   1.96500000000000        76.4227233698757     
   1.97000000000000        76.4227096517914     
   1.97500000000000        76.4226962703497     
   1.98000000000000        76.4226832172675     
   1.98500000000000        76.4226704845099     
   1.99000000000000        76.4226580642132     
   1.99500000000000        76.4226459486940     
   2.00000000000000        76.4226341304918     
   2.00500000000000        76.4226226022973     
   2.01000000000000        76.4226113570038     
   2.01500000000000        76.4226003876530     
   2.02000000000000        76.4225896874945     
   2.02500000000000        76.4225792499002     
   2.03000000000000        76.4225690684465     
   2.03500000000000        76.4225591368333     
   2.04000000000000        76.4225494489371     
   2.04500000000000        76.4225399987810     
   2.05000000000000        76.4225307805202     
   2.05500000000000        76.4225217884683     
   2.06000000000000        76.4225130170831     
   2.06500000000000        76.4225044609351     
   2.07000000000000        76.4224961147468     
   2.07500000000000        76.4224879733741     
   2.08000000000000        76.4224800317719     
   2.08500000000000        76.4224722850612     
   2.09000000000000        76.4224647284465     
   2.09500000000000        76.4224573572686     
   2.10000000000000        76.4224501669612     
   2.10500000000000        76.4224431531170     
   2.11000000000000        76.4224363113714     
   2.11500000000000        76.4224296375249     
   2.12000000000000        76.4224231274426     
   2.12500000000000        76.4224167771131     
   2.13000000000000        76.4224105826195     
   2.13500000000000        76.4224045401292     
   2.14000000000000        76.4223986459164     
   2.14500000000000        76.4223928963416     
   2.15000000000000        76.4223872878631     
   2.15500000000000        76.4223818170032     
   2.16000000000000        76.4223764804032     
   2.16500000000000        76.4223712747518     
   2.17000000000000        76.4223661968410     
   2.17500000000000        76.4223612435333     
   2.18000000000000        76.4223564117904     
   2.18500000000000        76.4223516985971     
   2.19000000000000        76.4223471010756     
   2.19500000000000        76.4223426163638     
   2.20000000000000        76.4223382417037     
   2.20500000000000        76.4223339743897     
   2.21000000000000        76.4223298117981     
   2.21500000000000        76.4223257513530     
   2.22000000000000        76.4223217905404     
   2.22500000000000        76.4223179269306     
   2.23000000000000        76.4223141581225     
   2.23500000000000        76.4223104818050     
   2.24000000000000        76.4223068956956     
   2.24500000000000        76.4223033975771     
   2.25000000000000        76.4222999853080     
   2.25500000000000        76.4222966567745     
   2.26000000000000        76.4222934099175     
   2.26500000000000        76.4222902427391     
   2.27000000000000        76.4222871532737     
   2.27500000000000        76.4222841396247     
   2.28000000000000        76.4222811999210     
   2.28500000000000        76.4222783323644     
   2.29000000000000        76.4222755351684     
   2.29500000000000        76.4222728066145     
   2.30000000000000        76.4222701450162     
   2.30500000000000        76.4222675487238     
   2.31000000000000        76.4222650161547     
   2.31500000000000        76.4222625457215     
   2.32000000000000        76.4222601359204     
   2.32500000000000        76.4222577852436     
   2.33000000000000        76.4222554922560     
   2.33500000000000        76.4222532555277     
   2.34000000000000        76.4222510736949     
   2.34500000000000        76.4222489453997     
   2.35000000000000        76.4222468693224     
   2.35500000000000        76.4222448442053     
   2.36000000000000        76.4222428687651     
   2.36500000000000        76.4222409418116     
   2.37000000000000        76.4222390621402     
   2.37500000000000        76.4222372285940     
   2.38000000000000        76.4222354400393     
   2.38500000000000        76.4222336953712     
   2.39000000000000        76.4222319935243     
   2.39500000000000        76.4222303334336     
   2.40000000000000        76.4222287140797     
   2.40500000000000        76.4222271344680     
   2.41000000000000        76.4222255936094     
   2.41500000000000        76.4222240905721     
   2.42000000000000        76.4222226244101     
   2.42500000000000        76.4222211942243     
   2.43000000000000        76.4222197991392     
   2.43500000000000        76.4222184382891     
   2.44000000000000        76.4222171108279     
   2.44500000000000        76.4222158159365     
   2.45000000000000        76.4222145528270     
   2.45500000000000        76.4222133207155     
   2.46000000000000        76.4222121188422     
   2.46500000000000        76.4222109464476     
   2.47000000000000        76.4222098028329     
   2.47500000000000        76.4222086872693     
   2.48000000000000        76.4222075990902     
   2.48500000000000        76.4222065376169     
   2.49000000000000        76.4222055021806     
   2.49500000000000        76.4222044921620     
   2.50000000000000        76.4222035069296     
