# time[s]   eps[1/s]   eps_tail[1/s]   eps_shape[1/s]   eps_tail_shape[1/s]
   5.0000000E-01   1.8342549E+00   4.4988976E-01   1.6039030E+00   4.4811153E-01
   7.5000000E-01   5.5020724E-01   1.4273393E-01   3.3668750E-01   1.4234836E-01
   1.0000000E+00   1.5721643E-01   4.1950568E-02   8.5876833E-02   4.1771237E-02
   1.2500000E+00   4.5137758E-02   1.2147789E-02   2.3863879E-02   1.2086977E-02
   1.5000000E+00   1.3005655E-02   3.5090300E-03   6.8112753E-03   3.4905564E-03
   1.7500000E+00   3.7526207E-03   1.0132368E-03   1.9599267E-03   1.0078190E-03
   2.0000000E+00   1.0832840E-03   2.9255819E-04   5.6533021E-04   2.9098652E-04
   2.2500000E+00   3.1276233E-04   8.4471764E-05   1.6318277E-04   8.4017337E-05
   2.5000000E+00   9.0303811E-05   2.4389960E-05   4.7112595E-05   2.4258697E-05
