  5.000000000000000E-003  1.840491332674796E+017
  1.000000000000000E-002  3.635816553945432E+017
  1.500000000000000E-002  5.387084904443074E+017
  2.000000000000000E-002  7.095354833478268E+017
  2.500000000000000E-002  8.761704416939566E+017
  3.000000000000000E-002  1.038716182522975E+018
  3.500000000000000E-002  1.197273080029913E+018
  4.000000000000000E-002  1.351939031147105E+018
  4.500000000000000E-002  1.502809527994913E+018
  5.000000000000000E-002  1.649977714811184E+018
  5.500000000000000E-002  1.793534447550594E+018
  6.000000000000000E-002  1.933568350772621E+018
  6.500000000000000E-002  2.070165872965391E+018
  7.000000000000001E-002  2.203411340219330E+018
  7.500000000000000E-002  2.333387008413815E+018
  8.000000000000000E-002  2.460173114012268E+018
  8.500000000000001E-002  2.583847923538717E+018
  9.000000000000000E-002  2.704487781816464E+018
  9.500000000000000E-002  2.822167159017799E+018
  0.100000000000000       2.936958696585093E+018
  0.105000000000000       3.048933252058799E+018
  0.110000000000000       3.158159942849734E+018
  0.115000000000000       3.264706188993689E+018
  0.120000000000000       3.368637754893473E+018
  0.125000000000000       3.470018790090422E+018
  0.130000000000000       3.568911869060147E+018
  0.135000000000000       3.665378030067387E+018
  0.140000000000000       3.759476813076547E+018
  0.145000000000000       3.851266296745587E+018
  0.150000000000000       3.940803134506863E+018
  0.155000000000000       4.028142589755701E+018
  0.160000000000000       4.113338570166566E+018
  0.165000000000000       4.196443661136350E+018
  0.170000000000000       4.277509158406167E+018
  0.175000000000000       4.356585099831760E+018
  0.180000000000000       4.433720296379935E+018
  0.185000000000000       4.508962362311722E+018
  0.190000000000000       4.582357744623186E+018
  0.195000000000000       4.653951751728850E+018
  0.200000000000000       4.723788581426658E+018
  0.205000000000000       4.791911348154602E+018
  0.210000000000000       4.858362109560300E+018
  0.215000000000000       4.923181892418263E+018
  0.220000000000000       4.986410717872018E+018
  0.225000000000000       5.048087626081484E+018
  0.230000000000000       5.108250700223850E+018
  0.235000000000000       5.166937089928752E+018
  0.240000000000000       5.224183034103238E+018
  0.245000000000000       5.280023883230934E+018
  0.250000000000000       5.334494121082499E+018
  0.255000000000000       5.387627385930215E+018
  0.260000000000000       5.439456491210368E+018
  0.265000000000000       5.490013445701840E+018
  0.270000000000000       5.539329473206893E+018
  0.275000000000000       5.587435031736531E+018
  0.280000000000000       5.634359832254860E+018
  0.285000000000000       5.680132856941995E+018
  0.290000000000000       5.724782377029085E+018
  0.295000000000000       5.768335970184072E+018
  0.300000000000000       5.810820537493984E+018
  0.305000000000000       5.852262320013292E+018
  0.310000000000000       5.892686914924538E+018
  0.315000000000000       5.932119291303506E+018
  0.320000000000000       5.970583805494647E+018
  0.325000000000000       6.008104216116006E+018
  0.330000000000000       6.044703698705447E+018
  0.335000000000000       6.080404859997511E+018
  0.340000000000000       6.115229751866810E+018
  0.345000000000000       6.149199884924460E+018
  0.350000000000000       6.182336241775373E+018
  0.355000000000000       6.214659289974073E+018
  0.360000000000000       6.246188994645252E+018
  0.365000000000000       6.276944830804998E+018
  0.370000000000000       6.306945795377276E+018
  0.375000000000000       6.336210418924716E+018
  0.380000000000000       6.364756777080985E+018
  0.385000000000000       6.392602501725697E+018
  0.390000000000000       6.419764791848465E+018
  0.395000000000000       6.446260424195427E+018
  0.400000000000000       6.472105763613966E+018
  0.405000000000000       6.497316773166696E+018
  0.410000000000000       6.521909023999636E+018
  0.415000000000000       6.545897704943658E+018
  0.420000000000000       6.569297631920330E+018
  0.425000000000000       6.592123257084340E+018
  0.430000000000000       6.614388677757041E+018
  0.435000000000000       6.636107645131054E+018
  0.440000000000000       6.657293572782669E+018
  0.445000000000000       6.677959544950478E+018
  0.450000000000000       6.698118324621498E+018
  0.455000000000000       6.717782361426573E+018
  0.460000000000000       6.736963799335020E+018
  0.465000000000000       6.755674484148637E+018
  0.470000000000000       6.773925970837557E+018
  0.475000000000000       6.791729530677210E+018
  0.480000000000000       6.809096158211343E+018
  0.485000000000000       6.826036578053451E+018
  0.490000000000000       6.842561251517970E+018
  0.495000000000000       6.858680383074125E+018
  0.500000000000000       6.874403926670086E+018
  0.505000000000000       6.889741591874931E+018
  0.510000000000000       6.904702849881541E+018
  0.515000000000000       6.919296939361749E+018
  0.520000000000000       6.933532872181801E+018
  0.525000000000000       6.947419438963471E+018
  0.530000000000000       6.960965214523245E+018
  0.535000000000000       6.974178563170952E+018
  0.540000000000000       6.987067643878405E+018
  0.545000000000000       6.999640415329234E+018
  0.550000000000000       7.011904640821690E+018
  0.555000000000000       7.023867893085239E+018
  0.560000000000000       7.035537558944079E+018
  0.565000000000000       7.046920843898061E+018
  0.570000000000000       7.058024776563604E+018
  0.575000000000000       7.068856213020016E+018
  0.580000000000000       7.079421841051733E+018
  0.585000000000000       7.089728184272410E+018
  0.590000000000000       7.099781606166279E+018
  0.595000000000000       7.109588314009808E+018
  0.600000000000000       7.119154362716632E+018
  0.605000000000000       7.128485658567037E+018
  0.610000000000000       7.137587962878365E+018
  0.615000000000000       7.146466895536240E+018
  0.620000000000000       7.155127938491101E+018
  0.625000000000000       7.163576439133496E+018
  0.630000000000000       7.171817613603155E+018
  0.635000000000000       7.179856550003799E+018
  0.640000000000000       7.187698211556140E+018
  0.645000000000000       7.195347439655697E+018
  0.650000000000000       7.202808956872643E+018
  0.655000000000000       7.210087369859999E+018
  0.660000000000000       7.217187172205131E+018
  0.665000000000000       7.224112747208034E+018
  0.670000000000000       7.230868370575596E+018
  0.675000000000000       7.237458213084823E+018
  0.680000000000000       7.243886343136233E+018
  0.685000000000000       7.250156729284184E+018
  0.690000000000000       7.256273242677963E+018
  0.695000000000000       7.262239659457617E+018
  0.700000000000000       7.268059663082941E+018
  0.705000000000000       7.273736846617030E+018
  0.710000000000000       7.279274714930173E+018
  0.715000000000000       7.284676686880989E+018
  0.720000000000000       7.289946097415213E+018
  0.725000000000000       7.295086199634605E+018
  0.730000000000000       7.300100166802948E+018
  0.735000000000000       7.304991094298149E+018
  0.740000000000000       7.309762001542385E+018
  0.745000000000000       7.314415833841876E+018
  0.750000000000000       7.318955464230531E+018
  0.755000000000000       7.323383695226308E+018
  0.760000000000000       7.327703260571959E+018
  0.765000000000000       7.331916826916619E+018
  0.770000000000000       7.336026995471768E+018
  0.775000000000000       7.340036303601892E+018
  0.780000000000000       7.343947226410709E+018
  0.785000000000000       7.347762178253514E+018
  0.790000000000000       7.351483514239090E+018
  0.795000000000000       7.355113531672682E+018
  0.800000000000000       7.358654471487870E+018
  0.805000000000000       7.362108519623918E+018
  0.810000000000000       7.365477808366172E+018
  0.815000000000000       7.368764417683950E+018
  0.820000000000000       7.371970376491653E+018
  0.825000000000000       7.375097663921544E+018
  0.830000000000000       7.378148210533211E+018
  0.835000000000000       7.381123899507797E+018
  0.840000000000000       7.384026567813708E+018
  0.845000000000000       7.386858007337747E+018
  0.850000000000000       7.389619965999087E+018
  0.855000000000000       7.392314148813491E+018
  0.860000000000000       7.394942218960877E+018
  0.865000000000000       7.397505798805708E+018
  0.870000000000000       7.400006470899045E+018
  0.875000000000000       7.402445778953154E+018
  0.880000000000000       7.404825228804140E+018
  0.885000000000000       7.407146289325848E+018
  0.890000000000000       7.409410393352099E+018
  0.895000000000000       7.411618938556937E+018
  0.900000000000000       7.413773288310356E+018
  0.905000000000000       7.415874772522784E+018
  0.910000000000000       7.417924688481446E+018
  0.915000000000000       7.419924301621737E+018
  0.920000000000000       7.421874846342491E+018
  0.925000000000000       7.423777526738218E+018
  0.930000000000000       7.425633517359002E+018
  0.935000000000000       7.427443963931765E+018
  0.940000000000000       7.429209984073650E+018
  0.945000000000000       7.430932667961954E+018
  0.950000000000000       7.432613079038362E+018
  0.955000000000000       7.434252254634800E+018
  0.960000000000000       7.435851206633908E+018
  0.965000000000000       7.437410922086447E+018
  0.970000000000000       7.438932363818384E+018
  0.975000000000000       7.440416471036824E+018
  0.980000000000000       7.441864159889514E+018
  0.985000000000000       7.443276324050542E+018
  0.990000000000000       7.444653835264139E+018
  0.995000000000000       7.445997543875160E+018
   1.00000000000000       7.447308279369801E+018
   1.00500000000000       7.448586850873017E+018
   1.01000000000000       7.449834047661017E+018
   1.01500000000000       7.451050639635953E+018
   1.02000000000000       7.452237377808552E+018
   1.02500000000000       7.453394994760847E+018
   1.03000000000000       7.454524205098834E+018
   1.03500000000000       7.455625705890354E+018
   1.04000000000000       7.456700177099792E+018
   1.04500000000000       7.457748282005778E+018
   1.05000000000000       7.458770667609955E+018
   1.05500000000000       7.459767965033568E+018
   1.06000000000000       7.460740789916616E+018
   1.06500000000000       7.461689742790795E+018
   1.07000000000000       7.462615409446008E+018
   1.07500000000000       7.463518361304913E+018
   1.08000000000000       7.464399155760714E+018
   1.08500000000000       7.465258336535196E+018
   1.09000000000000       7.466096434004763E+018
   1.09500000000000       7.466913965526248E+018
   1.10000000000000       7.467711435770846E+018
   1.10500000000000       7.468489337016235E+018
   1.11000000000000       7.469248149467238E+018
   1.11500000000000       7.469988341540143E+018
   1.12000000000000       7.470710370159704E+018
   1.12500000000000       7.471414681034702E+018
   1.13000000000000       7.472101708941355E+018
   1.13500000000000       7.472771877981490E+018
   1.14000000000000       7.473425601856326E+018
   1.14500000000000       7.474063284109674E+018
   1.15000000000000       7.474685318385902E+018
   1.15500000000000       7.475292088667422E+018
   1.16000000000000       7.475883969515281E+018
   1.16500000000000       7.476461326301919E+018
   1.17000000000000       7.477024515429165E+018
   1.17500000000000       7.477573884555084E+018
   1.18000000000000       7.478109772808767E+018
   1.18500000000000       7.478632510990300E+018
   1.19000000000000       7.479142421795079E+018
   1.19500000000000       7.479639819986115E+018
   1.20000000000000       7.480125012611129E+018
   1.20500000000000       7.480598299181089E+018
   1.21000000000000       7.481059971856342E+018
   1.21500000000000       7.481510315626622E+018
   1.22000000000000       7.481949608493820E+018
   1.22500000000000       7.482378121631930E+018
   1.23000000000000       7.482796119561971E+018
   1.23500000000000       7.483203860318287E+018
   1.24000000000000       7.483601595596405E+018
   1.24500000000000       7.483989570923492E+018
   1.25000000000000       7.484368025792077E+018
   1.25500000000000       7.484737193827887E+018
   1.26000000000000       7.485097302915020E+018
   1.26500000000000       7.485448575354276E+018
   1.27000000000000       7.485791227981642E+018
   1.27500000000000       7.486125472321422E+018
   1.28000000000000       7.486451514699382E+018
   1.28500000000000       7.486769556383338E+018
   1.29000000000000       7.487079793705111E+018
   1.29500000000000       7.487382418168291E+018
   1.30000000000000       7.487677616585823E+018
   1.30500000000000       7.487965571186255E+018
   1.31000000000000       7.488246459721740E+018
   1.31500000000000       7.488520455586502E+018
   1.32000000000000       7.488787727917049E+018
   1.32500000000000       7.489048441704163E+018
   1.33000000000000       7.489302757883766E+018
   1.33500000000000       7.489550833446654E+018
   1.34000000000000       7.489792821529794E+018
   1.34500000000000       7.490028871513104E+018
   1.35000000000000       7.490259129111052E+018
   1.35500000000000       7.490483736460710E+018
   1.36000000000000       7.490702832213820E+018
   1.36500000000000       7.490916551617720E+018
   1.37000000000000       7.491125026602331E+018
   1.37500000000000       7.491328385857487E+018
   1.38000000000000       7.491526754920411E+018
   1.38500000000000       7.491720256241525E+018
   1.39000000000000       7.491909009272557E+018
   1.39500000000000       7.492093130527143E+018
   1.40000000000000       7.492272733665086E+018
   1.40500000000000       7.492447929557246E+018
   1.41000000000000       7.492618826351090E+018
   1.41500000000000       7.492785529541302E+018
   1.42000000000000       7.492948142034531E+018
   1.42500000000000       7.493106764208431E+018
   1.43000000000000       7.493261493983480E+018
   1.43500000000000       7.493412426876617E+018
   1.44000000000000       7.493559656054238E+018
   1.44500000000000       7.493703272406198E+018
   1.45000000000000       7.493843364581041E+018
   1.45500000000000       7.493980019063568E+018
   1.46000000000000       7.494113320205743E+018
   1.46500000000000       7.494243350297384E+018
   1.47000000000000       7.494370189607122E+018
   1.47500000000000       7.494493916430970E+018
   1.48000000000000       7.494614607145550E+018
   1.48500000000000       7.494732336253858E+018
   1.49000000000000       7.494847176430496E+018
   1.49500000000000       7.494959198566843E+018
   1.50000000000000       7.495068471813215E+018
   1.50500000000000       7.495175063624995E+018
   1.51000000000000       7.495279039800037E+018
   1.51500000000000       7.495380464523878E+018
   1.52000000000000       7.495479400406606E+018
   1.52500000000000       7.495575908520413E+018
   1.53000000000000       7.495670048439412E+018
   1.53500000000000       7.495761878280539E+018
   1.54000000000000       7.495851454724337E+018
   1.54500000000000       7.495938833068200E+018
   1.55000000000000       7.496024067253400E+018
   1.55500000000000       7.496107209892850E+018
   1.56000000000000       7.496188312312612E+018
   1.56500000000000       7.496267424574111E+018
   1.57000000000000       7.496344595514875E+018
   1.57500000000000       7.496419872774050E+018
   1.58000000000000       7.496493302819120E+018
   1.58500000000000       7.496564930977521E+018
   1.59000000000000       7.496634801469107E+018
   1.59500000000000       7.496702957419401E+018
   1.60000000000000       7.496769440905306E+018
   1.60500000000000       7.496834292965222E+018
   1.61000000000000       7.496897553633735E+018
   1.61500000000000       7.496959261960884E+018
   1.62000000000000       7.497019456037950E+018
   1.62500000000000       7.497078173025878E+018
   1.63000000000000       7.497135449168866E+018
   1.63500000000000       7.497191319823378E+018
   1.64000000000000       7.497245819478387E+018
   1.64500000000000       7.497298981777950E+018
   1.65000000000000       7.497350839536271E+018
   1.65500000000000       7.497401424770001E+018
   1.66000000000000       7.497450768700064E+018
   1.66500000000000       7.497498901789391E+018
   1.67000000000000       7.497545853751443E+018
   1.67500000000000       7.497591653567013E+018
   1.68000000000000       7.497636329511687E+018
   1.68500000000000       7.497679909161148E+018
   1.69000000000000       7.497722419415492E+018
   1.69500000000000       7.497763886522710E+018
   1.70000000000000       7.497804336075254E+018
   1.70500000000000       7.497843793043669E+018
   1.71000000000000       7.497882281784903E+018
   1.71500000000000       7.497919826057833E+018
   1.72000000000000       7.497956449041547E+018
   1.72500000000000       7.497992173340833E+018
   1.73000000000000       7.498027021005086E+018
   1.73500000000000       7.498061013553864E+018
   1.74000000000000       7.498094171963417E+018
   1.74500000000000       7.498126516704666E+018
   1.75000000000000       7.498158067747142E+018
   1.75500000000000       7.498188844561798E+018
   1.76000000000000       7.498218866152619E+018
   1.76500000000000       7.498248151048125E+018
   1.77000000000000       7.498276717327244E+018
   1.77500000000000       7.498304582623968E+018
   1.78000000000000       7.498331764139731E+018
   1.78500000000000       7.498358278653885E+018
   1.79000000000000       7.498384142535072E+018
   1.79500000000000       7.498409371743282E+018
   1.80000000000000       7.498433981861569E+018
   1.80500000000000       7.498457988075187E+018
   1.81000000000000       7.498481405205007E+018
   1.81500000000000       7.498504247704582E+018
   1.82000000000000       7.498526529676838E+018
   1.82500000000000       7.498548264878724E+018
   1.83000000000000       7.498569466721754E+018
   1.83500000000000       7.498590148298407E+018
   1.84000000000000       7.498610322374235E+018
   1.84500000000000       7.498630001403356E+018
   1.85000000000000       7.498649197529900E+018
   1.85500000000000       7.498667922608142E+018
   1.86000000000000       7.498686188194778E+018
   1.86500000000000       7.498704005565848E+018
   1.87000000000000       7.498721385719876E+018
   1.87500000000000       7.498738339385096E+018
   1.88000000000000       7.498754877029333E+018
   1.88500000000000       7.498771008859353E+018
   1.89000000000000       7.498786744831417E+018
   1.89500000000000       7.498802094663976E+018
   1.90000000000000       7.498817067826870E+018
   1.90500000000000       7.498831673570200E+018
   1.91000000000000       7.498845920902425E+018
   1.91500000000000       7.498859818623656E+018
   1.92000000000000       7.498873375311731E+018
   1.92500000000000       7.498886599334732E+018
   1.93000000000000       7.498899498855900E+018
   1.93500000000000       7.498912081838173E+018
   1.94000000000000       7.498924356049368E+018
   1.94500000000000       7.498936329065669E+018
   1.95000000000000       7.498948008277466E+018
   1.95500000000000       7.498959400897547E+018
   1.96000000000000       7.498970513954896E+018
   1.96500000000000       7.498981354311944E+018
   1.97000000000000       7.498991928658212E+018
   1.97500000000000       7.499002243525341E+018
   1.98000000000000       7.499012305274223E+018
   1.98500000000000       7.499022120122253E+018
   1.99000000000000       7.499031694126169E+018
   1.99500000000000       7.499041033193560E+018
   2.00000000000000       7.499050143092541E+018
   2.00500000000000       7.499059029444298E+018
   2.01000000000000       7.499067697737915E+018
   2.01500000000000       7.499076153319650E+018
   2.02000000000000       7.499084401411750E+018
   2.02500000000000       7.499092447107088E+018
   2.03000000000000       7.499100295369459E+018
   2.03500000000000       7.499107951044447E+018
   2.04000000000000       7.499115418859543E+018
   2.04500000000000       7.499122703422537E+018
   2.05000000000000       7.499129809231857E+018
   2.05500000000000       7.499136740671887E+018
   2.06000000000000       7.499143502024137E+018
   2.06500000000000       7.499150097460137E+018
   2.07000000000000       7.499156531050673E+018
   2.07500000000000       7.499162806771073E+018
   2.08000000000000       7.499168928491648E+018
   2.08500000000000       7.499174899991117E+018
   2.09000000000000       7.499180724960245E+018
   2.09500000000000       7.499186406989303E+018
   2.10000000000000       7.499191949587506E+018
   2.10500000000000       7.499197356180278E+018
   2.11000000000000       7.499202630097577E+018
   2.11500000000000       7.499207774602968E+018
   2.12000000000000       7.499212792866058E+018
   2.12500000000000       7.499217687987028E+018
   2.13000000000000       7.499222462988397E+018
   2.13500000000000       7.499227120816452E+018
   2.14000000000000       7.499231664347179E+018
   2.14500000000000       7.499236096384569E+018
   2.15000000000000       7.499240419665790E+018
   2.15500000000000       7.499244636858069E+018
   2.16000000000000       7.499248750567380E+018
   2.16500000000000       7.499252763330259E+018
   2.17000000000000       7.499256677623562E+018
   2.17500000000000       7.499260495864351E+018
   2.18000000000000       7.499264220413253E+018
   2.18500000000000       7.499267853562538E+018
   2.19000000000000       7.499271397561423E+018
   2.19500000000000       7.499274854592459E+018
   2.20000000000000       7.499278226794045E+018
   2.20500000000000       7.499281516244261E+018
   2.21000000000000       7.499284724976628E+018
   2.21500000000000       7.499287854970865E+018
   2.22000000000000       7.499290908157446E+018
   2.22500000000000       7.499293886423098E+018
   2.23000000000000       7.499296791605473E+018
   2.23500000000000       7.499299625498610E+018
   2.24000000000000       7.499302389851237E+018
   2.24500000000000       7.499305086369608E+018
   2.25000000000000       7.499307716718069E+018
   2.25500000000000       7.499310282521831E+018
   2.26000000000000       7.499312785363801E+018
   2.26500000000000       7.499315226789180E+018
   2.27000000000000       7.499317608303719E+018
   2.27500000000000       7.499319931380121E+018
   2.28000000000000       7.499322197449171E+018
   2.28500000000000       7.499324407913939E+018
   2.29000000000000       7.499326564135112E+018
   2.29500000000000       7.499328667446045E+018
   2.30000000000000       7.499330719142670E+018
   2.30500000000000       7.499332720493758E+018
   2.31000000000000       7.499334672735398E+018
   2.31500000000000       7.499336577070008E+018
   2.32000000000000       7.499338434675852E+018
   2.32500000000000       7.499340246696950E+018
   2.33000000000000       7.499342014254316E+018
   2.33500000000000       7.499343738436554E+018
   2.34000000000000       7.499345420310554E+018
   2.34500000000000       7.499347060913474E+018
   2.35000000000000       7.499348661256230E+018
   2.35500000000000       7.499350222331844E+018
   2.36000000000000       7.499351745096175E+018
   2.36500000000000       7.499353230497070E+018
   2.37000000000000       7.499354679447312E+018
   2.37500000000000       7.499356092841994E+018
   2.38000000000000       7.499357471551434E+018
   2.38500000000000       7.499358816430470E+018
   2.39000000000000       7.499360128309145E+018
   2.39500000000000       7.499361407994279E+018
   2.40000000000000       7.499362656278608E+018
   2.40500000000000       7.499363873931740E+018
   2.41000000000000       7.499365061702762E+018
   2.41500000000000       7.499366220330255E+018
   2.42000000000000       7.499367350524196E+018
   2.42500000000000       7.499368452984841E+018
   2.43000000000000       7.499369528393652E+018
   2.43500000000000       7.499370577412964E+018
   2.44000000000000       7.499371600689374E+018
   2.44500000000000       7.499372598856558E+018
   2.45000000000000       7.499373572530077E+018
   2.45500000000000       7.499374522309208E+018
   2.46000000000000       7.499375448785516E+018
   2.46500000000000       7.499376352523276E+018
   2.47000000000000       7.499377234087449E+018
   2.47500000000000       7.499378094016577E+018
   2.48000000000000       7.499378932845499E+018
   2.48500000000000       7.499379751091644E+018
   2.49000000000000       7.499380549256105E+018
   2.49500000000000       7.499381327836405E+018
   2.50000000000000       7.499382087312256E+018
