  5.000000000000000E-003   118.942466292326        118.150995201549     
  1.000000000000000E-002   117.950890804472        116.782099157757     
  1.500000000000000E-002   116.964609547160        115.429499539129     
  2.000000000000000E-002   115.871181174412        113.925079637241     
  2.500000000000000E-002   114.804238123681        112.469883028120     
  3.000000000000000E-002   113.752983646978        111.047676875323     
  3.500000000000000E-002   112.712723530509        109.651517500631     
  4.000000000000000E-002   111.681093107386        108.277982708969     
  4.500000000000000E-002   110.656807392522        106.925255062965     
  5.000000000000000E-002   109.639170798128        105.592361789551     
  5.500000000000000E-002   108.627860998186        104.278832253753     
  6.000000000000000E-002   107.622823523983        102.984525511660     
  6.500000000000000E-002   106.624213578166        101.709532619263     
  7.000000000000001E-002   105.632357940407        100.454113370770     
  7.500000000000000E-002   104.647724913113        99.2186495523175     
  8.000000000000000E-002   103.670897133858        98.0036067507649     
  8.500000000000001E-002   102.702545394350        96.8095013923987     
  9.000000000000000E-002   101.743403190347        95.6368718356888     
  9.500000000000000E-002   100.794242409748        94.4862532617268     
  0.100000000000000        99.8558507668073        93.3581564095990     
  0.105000000000000        98.9290115431457        92.2530502136873     
  0.110000000000000        98.0144860379221        91.1713482899440     
  0.115000000000000        97.1129989397457        90.1133990811875     
  0.120000000000000        96.2252266547819        89.0794793518407     
  0.125000000000000        95.3517884806149        88.0697906395612     
  0.130000000000000        94.4932404092979        87.0844582259545     
  0.135000000000000        93.6500712757584        86.1235321783888     
  0.140000000000000        92.8227009323934        85.1869900299374     
  0.145000000000000        92.0114801219248        84.2747406986945     
  0.150000000000000        91.2166917301030        83.3866292919571     
  0.155000000000000        90.4385531223829        82.5224424905950     
  0.160000000000000        89.6772192987911        81.6819142592477     
  0.165000000000000        88.9327866346704        80.8647316758270     
  0.170000000000000        88.2052970098012        80.0705407180581     
  0.175000000000000        87.4947421611161        79.2989518829386     
  0.180000000000000        86.8010681255687        78.5495455488789     
  0.185000000000000        86.1241796668432        77.8218770175823     
  0.190000000000000        85.4639446040824        77.1154811958638     
  0.195000000000000        84.8201979813216        76.4298768956324     
  0.200000000000000        84.1927460336481        75.7645707445336     
  0.205000000000000        83.5813699205996        75.1190607107316     
  0.210000000000000        82.9858292086550        74.4928392530988     
  0.215000000000000        82.4058650941943        73.8853961140807     
  0.220000000000000        81.8412033651189        73.2962207758769     
  0.225000000000000        81.2915571052201        72.7248046034309     
  0.230000000000000        80.7566291490837        72.1706426984100     
  0.235000000000000        80.2361142984984        71.6332354890583     
  0.240000000000000        79.7297013130296        71.1120900800649     
  0.245000000000000        79.2370746889794        70.6067213862136     
  0.250000000000000        78.7579162411875        70.1166530719879     
  0.255000000000000        78.2919065027033        69.6414183183045     
  0.260000000000000        77.8387259568243        69.1805604358222     
  0.265000000000000        77.3980561159859        68.7336333429704     
  0.270000000000000        76.9695804610896        68.3002019252000     
  0.275000000000000        76.5529852541760        67.8798422902670     
  0.280000000000000        76.1479602369808        67.4721419335391     
  0.285000000000000        75.7541992263997        67.0766998251303     
  0.290000000000000        75.3714006176853        66.6931264300576     
  0.295000000000000        74.9992678050215        66.3210436711083     
  0.300000000000000        74.6375095285284        65.9600848431946     
  0.305000000000000        74.2858401557075        65.6098944867224     
  0.310000000000000        73.9439799049057        65.2701282268947     
  0.315000000000000        73.6116550176096        64.9404525849872     
  0.320000000000000        73.2885978854386        64.6205447665474     
  0.325000000000000        72.9745471376050        64.3100924313971     
  0.330000000000000        72.6692476937362        64.0087934493033     
  0.335000000000000        72.3724507864139        63.7163556446959     
  0.340000000000000        72.0839139575559        63.4324965335395     
  0.345000000000000        71.8034010321863        63.1569430549025     
  0.350000000000000        71.5306820726022        62.8894312992574     
  0.355000000000000        71.2655333161994        62.6297062358119     
  0.360000000000000        71.0077370988967        62.3775214398816     
  0.365000000000000        70.7570817669160        62.1326388221782     
  0.370000000000000        70.5133615785720        61.8948283607871     
  0.375000000000000        70.2763765979874        61.6638678369875     
  0.380000000000000        70.0459325821525        61.4395425754765     
  0.385000000000000        69.8218408628382        61.2216451898653     
  0.390000000000000        69.6039182243338        61.0099753336407     
  0.395000000000000        69.3919867782945        60.8043394572910     
  0.400000000000000        69.1858738363922        60.6045505716071     
  0.405000000000000        68.9854117817056        60.4104280175856     
  0.410000000000000        68.7904379395066        60.2217972429778     
  0.415000000000000        68.6007944478467        60.0384895854420     
  0.420000000000000        68.4163281288680        59.8603420627109     
  0.425000000000000        68.2368903608112        59.6871971693032     
  0.430000000000000        68.0623369513570        59.5189026800277     
  0.435000000000000        67.8925280125795        59.3553114601286     
  0.440000000000000        67.7273278377239        59.1962812819860     
  0.445000000000000        67.5666047800625        59.0416746482154     
  0.450000000000000        67.4102311339748        58.8913586210621     
  0.455000000000000        67.2580830183960        58.7452046579108     
  0.460000000000000        67.1100402628818        58.6030884529095     
  0.465000000000000        66.9659862960517        58.4648897841797     
  0.470000000000000        66.8258080368905        58.3304923669318     
  0.475000000000000        66.6893957886165        58.1997837118884     
  0.480000000000000        66.5566431353343        58.0726549891043     
  0.485000000000000        66.4274468413773        57.9490008968762     
  0.490000000000000        66.3017067534634        57.8287195356726     
  0.495000000000000        66.1793257054300        57.7117122867329     
  0.500000000000000        66.0602094258407        57.5978836954301     
  0.505000000000000        65.9442664481338        57.4871413589788     
  0.510000000000000        65.8314080234746        57.3793958184788     
  0.515000000000000        65.7215480361657        57.2745604550524     
  0.520000000000000        65.6146029216504        57.1725513900053     
  0.525000000000000        65.5104915869760        57.0732873887539     
  0.530000000000000        65.4091353336798        56.9766897684088     
  0.535000000000000        65.3104577831584        56.8826823089711     
  0.540000000000000        65.2143848042586        56.7911911678106     
  0.545000000000000        65.1208444432887        56.7021447975421     
  0.550000000000000        65.0297668560421        56.6154738668125     
  0.555000000000000        64.9410842421991        56.5311111843320     
  0.560000000000000        64.8547307816310        56.4489916255552     
  0.565000000000000        64.7706425729521        56.3690520623860     
  0.570000000000000        64.6887575738231        56.2912312952632     
  0.575000000000000        64.6090155433498        56.2154699879843     
  0.580000000000000        64.5313579862999        56.1417106049383     
  0.585000000000000        64.4557280990314        56.0698973505772     
  0.590000000000000        64.3820707173876        55.9999761113630     
  0.595000000000000        64.3103322659882        55.9318943995645     
  0.600000000000000        64.2404607094901        55.8656012994803     
  0.605000000000000        64.1724055051026        55.8010474152790     
  0.610000000000000        64.1061175570128        55.7381848211681     
  0.615000000000000        64.0415491718913        55.6769670129409     
  0.620000000000000        63.9786540162130        55.6173488616955     
  0.625000000000000        63.9173870747239        55.5592865689852     
  0.630000000000000        63.8577046103369        55.5027376236611     
  0.635000000000000        63.7995641253174        55.4476607602872     
  0.640000000000000        63.7429243237701        55.3940159190665     
  0.645000000000000        63.6877450752841        55.3417642071619     
  0.650000000000000        63.6339873797713        55.2908678614197     
  0.655000000000000        63.5816133334193        55.2412902123780     
  0.660000000000000        63.5305860958369        55.1929956496561     
  0.665000000000000        63.4808698581331        55.1459495884420     
  0.670000000000000        63.4324298120601        55.1001184371909     
  0.675000000000000        63.3852321202144        55.0554695665164     
  0.680000000000000        63.3392438871068        55.0119712790854     
  0.685000000000000        63.2944331312120        54.9695927806178     
  0.690000000000000        63.2507687578633        54.9283041518303     
  0.695000000000000        63.2082205330533        54.8880763213959     
  0.700000000000000        63.1667590580497        54.8488810398121     
  0.705000000000000        63.1263557448236        54.8106908541664     
  0.710000000000000        63.0869827922357        54.7734790837515     
  0.715000000000000        63.0486131629765        54.7372197964835     
  0.720000000000000        63.0112205612753        54.7018877861902     
  0.725000000000000        62.9747794112651        54.6674585505929     
  0.730000000000000        62.9392648360327        54.6339082700565     
  0.735000000000000        62.9046526373238        54.6012137870098     
  0.740000000000000        62.8709192759026        54.5693525861200     
  0.745000000000000        62.8380418525178        54.5383027750698     
  0.750000000000000        62.8059980894277        54.5080430659779     
  0.755000000000000        62.7747663125304        54.4785527574265     
  0.760000000000000        62.7443254340506        54.4498117171081     
  0.765000000000000        62.7146549357156        54.4218003649781     
  0.770000000000000        62.6857348525383        54.3944996570550     
  0.775000000000000        62.6575457569453        54.3678910695688     
  0.780000000000000        62.6300687435718        54.3419565838359     
  0.785000000000000        62.6032854144380        54.3166786715048     
  0.790000000000000        62.5771778644856        54.2920402802071     
  0.795000000000000        62.5517286676871        54.2680248197761     
  0.800000000000000        62.5269208636101        54.2446161489591     
  0.805000000000000        62.5027379441741        54.2217985623182     
  0.810000000000000        62.4791638410130        54.1995567777619     
  0.815000000000000        62.4561829131774        54.1778759244268     
  0.820000000000000        62.4337799350640        54.1567415307871     
  0.825000000000000        62.4119400849670        54.1361395134073     
  0.830000000000000        62.3906489336826        54.1160561657525     
  0.835000000000000        62.3698924336799        54.0964781475664     
  0.840000000000000        62.3496569084610        54.0773924744492     
  0.845000000000000        62.3299290422900        54.0587865078173     
  0.850000000000000        62.3106958702561        54.0406479451829     
  0.855000000000000        62.2919447685051        54.0229648106266     
  0.860000000000000        62.2736634449339        54.0057254457078     
  0.865000000000000        62.2558399300162        53.9889185005607     
  0.870000000000000        62.2384625679854        53.9725329252682     
  0.875000000000000        62.2215200081522        53.9565579614631     
  0.880000000000000        62.2050011967060        53.9409831343407     
  0.885000000000000        62.1888953684473        53.9257982446438     
  0.890000000000000        62.1731920390677        53.9109933611776     
  0.895000000000000        62.1578809974360        53.8965588133436     
  0.900000000000000        62.1429522981522        53.8824851839186     
  0.905000000000000        62.1283962543949        53.8687633021484     
  0.910000000000000        62.1142034309463        53.8553842370156     
  0.915000000000000        62.1003646372868        53.8423392905506     
  0.920000000000000        62.0868709211493        53.8296199916367     
  0.925000000000000        62.0737135619489        53.8172180896566     
  0.930000000000000        62.0608840646332        53.8051255485807     
  0.935000000000000        62.0483741536277        53.7933345411295     
  0.940000000000000        62.0361757669968        53.7818374431699     
  0.945000000000000        62.0242810505319        53.7706268280076     
  0.950000000000000        62.0126823525152        53.7596954613812     
  0.955000000000000        62.0013722179730        53.7490362959285     
  0.960000000000000        61.9903433837447        53.7386424664570     
  0.965000000000000        61.9795887731526        53.7285072848366     
  0.970000000000000        61.9691014911620        53.7186242353559     
  0.975000000000000        61.9588748195524        53.7089869700978     
  0.980000000000000        61.9489022121765        53.6995893043973     
  0.985000000000000        61.9391772904846        53.6904252125553     
  0.990000000000000        61.9296938390685        53.6814888235958     
  0.995000000000000        61.9204458012873        53.6727744170479     
   1.00000000000000        61.9114272752268        53.6642764191178     
   1.00500000000000        61.9026325095292        53.6559893986925     
   1.01000000000000        61.8940558994339        53.6479080635510     
   1.01500000000000        61.8856919829804        53.6400272567604     
   1.02000000000000        61.8775354372005        53.6323419530199     
   1.02500000000000        61.8695810745793        53.6248472553046     
   1.03000000000000        61.8618238394046        53.6175383913777     
   1.03500000000000        61.8542588043933        53.6104107105772     
   1.04000000000000        61.8468811673190        53.6034596805962     
   1.04500000000000        61.8396862477600        53.5966808844102     
   1.05000000000000        61.8326694839291        53.5900700172258     
   1.05500000000000        61.8258264295444        53.5836228835244     
   1.06000000000000        61.8191527509405        53.5773353943176     
   1.06500000000000        61.8126442240512        53.5712035642629     
   1.07000000000000        61.8062967315427        53.5652235089509     
   1.07500000000000        61.8001062602210        53.5593914424350     
   1.08000000000000        61.7940688981026        53.5537036744441     
   1.08500000000000        61.7881808320066        53.5481566081149     
   1.09000000000000        61.7824383449007        53.5427467374486     
   1.09500000000000        61.7768378133887        53.5374706449301     
   1.10000000000000        61.7713757054448        53.5323249994001     
   1.10500000000000        61.7660485778882        53.5273065536260     
   1.11000000000000        61.7608530742311        53.5224121422887     
   1.11500000000000        61.7557859223847        53.5176386797853     
   1.12000000000000        61.7508439325137        53.5129831582078     
   1.12500000000000        61.7460239949324        53.5084426453455     
   1.13000000000000        61.7413230780248        53.5040142827192     
   1.13500000000000        61.7367382263013        53.4996952837248     
   1.14000000000000        61.7322665583957        53.4954829317470     
   1.14500000000000        61.7279052651944        53.4913745783896     
   1.15000000000000        61.7236516079958        53.4873676417237     
   1.15500000000000        61.7195029167090        53.4834596045933     
   1.16000000000000        61.7154565880912        53.4796480129268     
   1.16500000000000        61.7115100841286        53.4759304742349     
   1.17000000000000        61.7076609302042        53.4723046558431     
   1.17500000000000        61.7039067136714        53.4687682835688     
   1.18000000000000        61.7002450821508        53.4653191400944     
   1.18500000000000        61.6966737420702        53.4619550635899     
   1.19000000000000        61.6931904571636        53.4586739463048     
   1.19500000000000        61.6897930469678        53.4554737331201     
   1.20000000000000        61.6864793854567        53.4523524202832     
   1.20500000000000        61.6832473996799        53.4493080541099     
   1.21000000000000        61.6800950683386        53.4463387296398     
   1.21500000000000        61.6770204205699        53.4434425894784     
   1.22000000000000        61.6740215346370        53.4406178225755     
   1.22500000000000        61.6710965366581        53.4378626630088     
   1.23000000000000        61.6682435994356        53.4351753888896     
   1.23500000000000        61.6654609412908        53.4325543212600     
   1.24000000000000        61.6627468248311        53.4299978229092     
   1.24500000000000        61.6600995559884        53.4275042975060     
   1.25000000000000        61.6575174827325        53.4250721883303     
   1.25500000000000        61.6549989942163        53.4226999775189     
   1.26000000000000        61.6525425195751        53.4203861848866     
   1.26500000000000        61.6501465270192        53.4181293671099     
   1.27000000000000        61.6478095227785        53.4159281166883     
   1.27500000000000        61.6455300502416        53.4137810611735     
   1.28000000000000        61.6433066889192        53.4116868621580     
   1.28500000000000        61.6411380536162        53.4096442145140     
   1.29000000000000        61.6390227935443        53.4076518455457     
   1.29500000000000        61.6369595913671        53.4057085140850     
   1.30000000000000        61.6349471624841        53.4038130098278     
   1.30500000000000        61.6329842541229        53.4019641524749     
   1.31000000000000        61.6310696445976        53.4001607910187     
   1.31500000000000        61.6292021424907        53.3984018029875     
   1.32000000000000        61.6273805859238        53.3966860937510     
   1.32500000000000        61.6256038418076        53.3950125958067     
   1.33000000000000        61.6238708051138        53.3933802681075     
   1.33500000000000        61.6221803981958        53.3917880954041     
   1.34000000000000        61.6205315700694        53.3902350875790     
   1.34500000000000        61.6189232958208        53.3887202790871     
   1.35000000000000        61.6173545758387        53.3872427282223     
   1.35500000000000        61.6158244352887        53.3858015166287     
   1.36000000000000        61.6143319234807        53.3843957487057     
   1.36500000000000        61.6128761131786        53.3830245509534     
   1.37000000000000        61.6114561001540        53.3816870715505     
   1.37500000000000        61.6100710024689        53.3803824796827     
   1.38000000000000        61.6087199600471        53.3791099651330     
   1.38500000000000        61.6074021340481        53.3778687376977     
   1.39000000000000        61.6061167063778        53.3766580267214     
   1.39500000000000        61.6048628791173        53.3754770805553     
   1.40000000000000        61.6036398741286        53.3743251661910     
   1.40500000000000        61.6024469324630        53.3732015686997     
   1.41000000000000        61.6012833139047        53.3721055908074     
   1.41500000000000        61.6001482965533        53.3710365524869     
   1.42000000000000        61.5990411763238        53.3699937905102     
   1.42500000000000        61.5979612664688        53.3689766579652     
   1.43000000000000        61.5969078972746        53.3679845240119     
   1.43500000000000        61.5958804155022        53.3670167733144     
   1.44000000000000        61.5948781840586        53.3660728057508     
   1.44500000000000        61.5939005815557        53.3651520360038     
   1.45000000000000        61.5929470019399        53.3642538931930     
   1.45500000000000        61.5920168541397        53.3633778205599     
   1.46000000000000        61.5911095616160        53.3625232750318     
   1.46500000000000        61.5902245620824        53.3616897269674     
   1.47000000000000        61.5893613071087        53.3608766597765     
   1.47500000000000        61.5885192617854        53.3600835696068     
   1.48000000000000        61.5876979043928        53.3593099650339     
   1.48500000000000        61.5868967260840        53.3585553667573     
   1.49000000000000        61.5861152305476        53.3578193072855     
   1.49500000000000        61.5853529336979        53.3571013306516     
   1.50000000000000        61.5846093633916        53.3564009921238     
   1.50500000000000        61.5838840591272        53.3557178579533     
   1.51000000000000        61.5831765717035        53.3550515050258     
   1.51500000000000        61.5824864630579        53.3544015207243     
   1.52000000000000        61.5818133058688        53.3537675025497     
   1.52500000000000        61.5811566833539        53.3531490579295     
   1.53000000000000        61.5805161890010        53.3525458039644     
   1.53500000000000        61.5798914263320        53.3519573672173     
   1.54000000000000        61.5792820085596        53.3513833833600     
   1.54500000000000        61.5786875585101        53.3508234971400     
   1.55000000000000        61.5781077082343        53.3502773619797     
   1.55500000000000        61.5775420988830        53.3497446398885     
   1.56000000000000        61.5769903804241        53.3492250011625     
   1.56500000000000        61.5764522114410        53.3487181242293     
   1.57000000000000        61.5759272588913        53.3482236953975     
   1.57500000000000        61.5754151980053        53.3477414087669     
   1.58000000000000        61.5749157119413        53.3472709659108     
   1.58500000000000        61.5744284916779        53.3468120757628     
   1.59000000000000        61.5739532358029        53.3463644544309     
   1.59500000000000        61.5734896502913        53.3459278249706     
   1.60000000000000        61.5730374484055        53.3455019173153     
   1.60500000000000        61.5725963504145        53.3450864679853     
   1.61000000000000        61.5721660835066        53.3446812200288     
   1.61500000000000        61.5717463815381        53.3442859227678     
   1.62000000000000        61.5713369849417        53.3439003317208     
   1.62500000000000        61.5709376405413        53.3435242084281     
   1.63000000000000        61.5705481013838        53.3431573202922     
   1.63500000000000        61.5701681265627        53.3427994404074     
   1.64000000000000        61.5697974811322        53.3424503474815     
   1.64500000000000        61.5694359358931        53.3421098256396     
   1.65000000000000        61.5690832672989        53.3417776643309     
   1.65500000000000        61.5687392573265        53.3414536582095     
   1.66000000000000        61.5684036932499        53.3411376069045     
   1.66500000000000        61.5680763676343        53.3408293150460     
   1.67000000000000        61.5677570781123        53.3405285920316     
   1.67500000000000        61.5674456273053        53.3402352519519     
   1.68000000000000        61.5671418226761        53.3399491134663     
   1.68500000000000        61.5668454764300        53.3396699996959     
   1.69000000000000        61.5665564053783        53.3393977380969     
   1.69500000000000        61.5662744308604        53.3391321604026     
   1.70000000000000        61.5659993785718        53.3388731024384     
   1.70500000000000        61.5657310785083        53.3386204040818     
   1.71000000000000        61.5654693648586        53.3383739091635     
   1.71500000000000        61.5652140758468        53.3381334653108     
   1.72000000000000        61.5649650537478        53.3378989239730     
   1.72500000000000        61.5647221446177        53.3376701401507     
   1.73000000000000        61.5644851983603        53.3374469724763     
   1.73500000000000        61.5642540685503        53.3372292830369     
   1.74000000000000        61.5640286123631        53.3370169373148     
   1.74500000000000        61.5638086904629        53.3368098040685     
   1.75000000000000        61.5635941669979        53.3366077553522     
   1.75500000000000        61.5633849093423        53.3364106662445     
   1.76000000000000        61.5631807882693        53.3362184150375     
   1.76500000000000        61.5629816776073        53.3360308828933     
   1.77000000000000        61.5627874543475        53.3358479539537     
   1.77500000000000        61.5625979984953        53.3356695152026     
   1.78000000000000        61.5624131929870        53.3354954563822     
   1.78500000000000        61.5622329236568        53.3353256699654     
   1.79000000000000        61.5620570791283        53.3351600510536     
   1.79500000000000        61.5618855507372        53.3349984972941     
   1.80000000000000        61.5617182325655        53.3348409089359     
   1.80500000000000        61.5615550212050        53.3346871885760     
   1.81000000000000        61.5613958158422        53.3345372412686     
   1.81500000000000        61.5612405181217        53.3343909743702     
   1.82000000000000        61.5610890321376        53.3342482975571     
   1.82500000000000        61.5609412642814        53.3341091226651     
   1.83000000000000        61.5607971232897        53.3339733637306     
   1.83500000000000        61.5606565201108        53.3338409368856     
   1.84000000000000        61.5605193679116        53.3337117603449     
   1.84500000000000        61.5603855819656        53.3335857543102     
   1.85000000000000        61.5602550796228        53.3334628409308     
   1.85500000000000        61.5601277803000        53.3333429443170     
   1.86000000000000        61.5600036053411        53.3332259903798     
   1.86500000000000        61.5598824780683        53.3331119069056     
   1.87000000000000        61.5597643236611        53.3330006234222     
   1.87500000000000        61.5596490691367        53.3328920711882     
   1.88000000000000        61.5595366433305        53.3327861831840     
   1.88500000000000        61.5594269767879        53.3326828939867     
   1.89000000000000        61.5593200017736        53.3325821397998     
   1.89500000000000        61.5592156522413        53.3324838584215     
   1.90000000000000        61.5591138637079        53.3323879891155     
   1.90500000000000        61.5590145733518        53.3322944727161     
   1.91000000000000        61.5589177198165        53.3322032514325     
   1.91500000000000        61.5588232432994        53.3321142689411     
   1.92000000000000        61.5587310854774        53.3320274703081     
   1.92500000000000        61.5586411893920        53.3319428018894     
   1.93000000000000        61.5585534995765        53.3318602114397     
   1.93500000000000        61.5584679618351        53.3317796479204     
   1.94000000000000        61.5583845233691        53.3317010615985     
   1.94500000000000        61.5583031326428        53.3316244039364     
   1.95000000000000        61.5582237393980        53.3315496276000     
   1.95500000000000        61.5581462946065        53.3314766864092     
   1.96000000000000        61.5580707504294        53.3314055353092     
   1.96500000000000        61.5579970602534        53.3313361303962     
   1.97000000000000        61.5579251785348        53.3312684287761     
   1.97500000000000        61.5578550609130        53.3312023886692     
   1.98000000000000        61.5577866640655        53.3311379692650     
   1.98500000000000        61.5577199457819        53.3310751308153     
   1.99000000000000        61.5576548648566        53.3310138345099     
   1.99500000000000        61.5575913810875        53.3309540424796     
   2.00000000000000        61.5575294552825        53.3308957178182     
   2.00500000000000        61.5574690492132        53.3308388245143     
   2.01000000000000        61.5574101255863        53.3307833274469     
   2.01500000000000        61.5573526479796        53.3307291923084     
   2.02000000000000        61.5572965809527        53.3306763857238     
   2.02500000000000        61.5572418898535        53.3306248750500     
   2.03000000000000        61.5571885409302        53.3305746285043     
   2.03500000000000        61.5571365012213        53.3305256150378     
   2.04000000000000        61.5570857386139        53.3304778044066     
   2.04500000000000        61.5570362217573        53.3304311670851     
   2.05000000000000        61.5569879200759        53.3303856742718     
   2.05500000000000        61.5569408037359        53.3303412978700     
   2.06000000000000        61.5568948436858        53.3302980105184     
   2.06500000000000        61.5568500115115        53.3302557854519     
   2.07000000000000        61.5568062795222        53.3302145965929     
   2.07500000000000        61.5567636207559        53.3301744185473     
   2.08000000000000        61.5567220088469        53.3301352264772     
   2.08500000000000        61.5566814181036        53.3300969961944     
   2.09000000000000        61.5566418234838        53.3300597041061     
   2.09500000000000        61.5566032005268        53.3300233271775     
   2.10000000000000        61.5565655253681        53.3299878429271     
   2.10500000000000        61.5565287747879        53.3299532294944     
   2.11000000000000        61.5564929260574        53.3299194654619     
   2.11500000000000        61.5564579570882        53.3298865300315     
   2.12000000000000        61.5564238462346        53.3298544028147     
   2.12500000000000        61.5563905724712        53.3298230640090     
   2.13000000000000        61.5563581152485        53.3297924942618     
   2.13500000000000        61.5563264545458        53.3297626747120     
   2.14000000000000        61.5562955707750        53.3297335869151     
   2.14500000000000        61.5562654448933        53.3297052129337     
   2.15000000000000        61.5562360583066        53.3296775352576     
   2.15500000000000        61.5562073928540        53.3296505367772     
   2.16000000000000        61.5561794308632        53.3296242008533     
   2.16500000000000        61.5561521550526        53.3295985112040     
   2.17000000000000        61.5561255485846        53.3295734519730     
   2.17500000000000        61.5560995950233        53.3295490076796     
   2.18000000000000        61.5560742783782        53.3295251632686     
   2.18500000000000        61.5560495829787        53.3295019039709     
   2.19000000000000        61.5560254936038        53.3294792154612     
   2.19500000000000        61.5560019953744        53.3294570837168     
   2.20000000000000        61.5559790737939        53.3294354950874     
   2.20500000000000        61.5559567146943        53.3294144362282     
   2.21000000000000        61.5559349042774        53.3293938941471     
   2.21500000000000        61.5559136290910        53.3293738561710     
   2.22000000000000        61.5558928759759        53.3293543099046     
   2.22500000000000        61.5558726321412        53.3293352433053     
   2.23000000000000        61.5558528850653        53.3293166445753     
   2.23500000000000        61.5558336226035        53.3292985022788     
   2.24000000000000        61.5558148328260        53.3292808051771     
   2.24500000000000        61.5557965041187        53.3292635423314     
   2.25000000000000        61.5557786252038        53.3292467031242     
   2.25500000000000        61.5557611850285        53.3292302771433     
   2.26000000000000        61.5557441728255        53.3292142542462     
   2.26500000000000        61.5557275780957        53.3291986245465     
   2.27000000000000        61.5557113905805        53.3291833783790     
   2.27500000000000        61.5556956003197        53.3291685063645     
   2.28000000000000        61.5556801975089        53.3291539992686     
   2.28500000000000        61.5556651726997        53.3291398481946     
   2.29000000000000        61.5556505165898        53.3291260443765     
   2.29500000000000        61.5556362201180        53.3291125792843     
   2.30000000000000        61.5556222744706        53.3290994446152     
   2.30500000000000        61.5556086710529        53.3290866322705     
   2.31000000000000        61.5555954014442        53.3290741343288     
   2.31500000000000        61.5555824574719        53.3290619430820     
   2.32000000000000        61.5555698311272        53.3290500509966     
   2.32500000000000        61.5555575146286        53.3290384507346     
   2.33000000000000        61.5555455003688        53.3290271351378     
   2.33500000000000        61.5555337809290        53.3290160972134     
   2.34000000000000        61.5555223490758        53.3290053301550     
   2.34500000000000        61.5555111977566        53.3289948273155     
   2.35000000000000        61.5555003200757        53.3289845821988     
   2.35500000000000        61.5554897093389        53.3289745885078     
   2.36000000000000        61.5554793589555        53.3289648400249     
   2.36500000000000        61.5554692625805        53.3289553307825     
   2.37000000000000        61.5554594139573        53.3289460548834     
   2.37500000000000        61.5554498070132        53.3289370066092     
   2.38000000000000        61.5554404358134        53.3289281803695     
   2.38500000000000        61.5554312945686        53.3289195707118     
   2.39000000000000        61.5554223776500        53.3289111723381     
   2.39500000000000        61.5554136795387        53.3289029800459     
   2.40000000000000        61.5554051948851        53.3288949887971     
   2.40500000000000        61.5553969184310        53.3288871936431     
   2.41000000000000        61.5553888450639        53.3288795897632     
   2.41500000000000        61.5553809698246        53.3288721724925     
   2.42000000000000        61.5553732878273        53.3288649372239     
   2.42500000000000        61.5553657943359        53.3288578794986     
   2.43000000000000        61.5553584847386        53.3288509949749     
   2.43500000000000        61.5553513545019        53.3288442793827     
   2.44000000000000        61.5553443992494        53.3288377285959     
   2.44500000000000        61.5553376146498        53.3288313385378     
   2.45000000000000        61.5553309965634        53.3288251053106     
   2.45500000000000        61.5553245408593        53.3288190250253     
   2.46000000000000        61.5553182435879        53.3288130939596     
   2.46500000000000        61.5553121008286        53.3288073084163     
   2.47000000000000        61.5553061088236        53.3288016648636     
   2.47500000000000        61.5553002638453        53.3287961597838     
   2.48000000000000        61.5552945622886        53.3287907897897     
   2.48500000000000        61.5552890006733        53.3287855515980     
   2.49000000000000        61.5552835755073        53.3287804419187     
   2.49500000000000        61.5552782834771        53.3287754576360     
   2.50000000000000        61.5552731213181        53.3287705956720     
