  5.000000000000000E-003 -9.771150530066599E-003
  1.000000000000000E-002 -1.939547614032325E-002
  1.500000000000000E-002 -2.888114471834032E-002
  2.000000000000000E-002 -4.107833266056081E-002
  2.500000000000000E-002 -5.099914730256032E-002
  3.000000000000000E-002 -6.078892148508312E-002
  3.500000000000000E-002 -7.045212405396838E-002
  4.000000000000000E-002 -7.999116725578820E-002
  4.500000000000000E-002 -8.940624914373256E-002
  5.000000000000000E-002 -9.869479661822475E-002
  5.500000000000000E-002 -0.107851229788456     
  6.000000000000000E-002 -0.116866970171342     
  6.500000000000000E-002 -0.125730727970412     
  7.000000000000001E-002 -0.134429024255669     
  7.500000000000000E-002 -0.142946876061082     
  8.000000000000000E-002 -0.151268561909893     
  8.500000000000001E-002 -0.159378384672944     
  9.000000000000000E-002 -0.167261369796796     
  9.500000000000000E-002 -0.174903851939191     
  0.100000000000000      -0.182293928210310     
  0.105000000000000      -0.189421769942076     
  0.110000000000000      -0.196279800758764     
  0.115000000000000      -0.202862758290656     
  0.120000000000000      -0.209167655916695     
  0.125000000000000      -0.215193671446958     
  0.130000000000000      -0.220941978517587     
  0.135000000000000      -0.226415544872098     
  0.140000000000000      -0.231618908536817     
  0.145000000000000      -0.236557949439233     
  0.150000000000000      -0.241239662346141     
  0.155000000000000      -0.245671940964746     
  0.160000000000000      -0.249863378495800     
  0.165000000000000      -0.253823083069861     
  0.170000000000000      -0.257560518601818     
  0.175000000000000      -0.261085359116567     
  0.180000000000000      -0.264407369497142     
  0.185000000000000      -0.267536298771836     
  0.190000000000000      -0.270481796080187     
  0.195000000000000      -0.273253338602490     
  0.200000000000000      -0.275860175601449     
  0.205000000000000      -0.278311283955167     
  0.210000000000000      -0.280615333772068     
  0.215000000000000      -0.282780666872979     
  0.220000000000000      -0.284815276267795     
  0.225000000000000      -0.286726801186877     
  0.230000000000000      -0.288522518454770     
  0.235000000000000      -0.290209346812834     
  0.240000000000000      -0.291793845956020     
  0.245000000000000      -0.293282228350063     
  0.250000000000000      -0.294680364125464     
  0.255000000000000      -0.295993794770753     
  0.260000000000000      -0.297227742974371     
  0.265000000000000      -0.298387126114477     
  0.270000000000000      -0.299476571069126     
  0.275000000000000      -0.300500424290128     
  0.280000000000000      -0.301462769857927     
  0.285000000000000      -0.302367439984595     
  0.290000000000000      -0.303218030623085     
  0.295000000000000      -0.304017911824664     
  0.300000000000000      -0.304770244697665     
  0.305000000000000      -0.305477989178373     
  0.310000000000000      -0.306143918210930     
  0.315000000000000      -0.306770630400158     
  0.320000000000000      -0.307360557902943     
  0.325000000000000      -0.307915977443066     
  0.330000000000000      -0.308439021677098     
  0.335000000000000      -0.308931686398766     
  0.340000000000000      -0.309395839979718     
  0.345000000000000      -0.309833233031005     
  0.350000000000000      -0.310245502065813     
  0.355000000000000      -0.310634180559683     
  0.360000000000000      -0.311000704801890     
  0.365000000000000      -0.311346418977741     
  0.370000000000000      -0.311672582542317     
  0.375000000000000      -0.311980374985807     
  0.380000000000000      -0.312270899978063     
  0.385000000000000      -0.312545194771066     
  0.390000000000000      -0.312804227138447     
  0.395000000000000      -0.313048908105172     
  0.400000000000000      -0.313280088170758     
  0.405000000000000      -0.313498567522020     
  0.410000000000000      -0.313705095244978     
  0.415000000000000      -0.313900372799279     
  0.420000000000000      -0.314085060520036     
  0.425000000000000      -0.314259776562527     
  0.430000000000000      -0.314425102032037     
  0.435000000000000      -0.314581580151850     
  0.440000000000000      -0.314729723153465     
  0.445000000000000      -0.314870011984524     
  0.450000000000000      -0.315002896176628     
  0.455000000000000      -0.315128799629285     
  0.460000000000000      -0.315248122107235     
  0.465000000000000      -0.315361235377696     
  0.470000000000000      -0.315468492423710     
  0.475000000000000      -0.315570223627152     
  0.480000000000000      -0.315666739596816     
  0.485000000000000      -0.315758331656524     
  0.490000000000000      -0.315845276431031     
  0.495000000000000      -0.315927830660292     
  0.500000000000000      -0.316006239349836     
  0.505000000000000      -0.316080730965048     
  0.510000000000000      -0.316151521620056     
  0.515000000000000      -0.316218812599311     
  0.520000000000000      -0.316282797453912     
  0.525000000000000      -0.316343654337798     
  0.530000000000000      -0.316401554420153     
  0.535000000000000      -0.316456655388703     
  0.540000000000000      -0.316509109893285     
  0.545000000000000      -0.316559059147208     
  0.550000000000000      -0.316606636379301     
  0.555000000000000      -0.316651968822286     
  0.560000000000000      -0.316695174372283     
  0.565000000000000      -0.316736365936338     
  0.570000000000000      -0.316775649686038     
  0.575000000000000      -0.316813124247088     
  0.580000000000000      -0.316848884894049     
  0.585000000000000      -0.316883020574032     
  0.590000000000000      -0.316915614205689     
  0.595000000000000      -0.316946746648364     
  0.600000000000000      -0.316976491853581     
  0.605000000000000      -0.317004919226500     
  0.610000000000000      -0.317032098598723     
  0.615000000000000      -0.317058090671702     
  0.620000000000000      -0.317082956161046     
  0.625000000000000      -0.317106750428333     
  0.630000000000000      -0.317129527376928     
  0.635000000000000      -0.317151338739397     
  0.640000000000000      -0.317172229568846     
  0.645000000000000      -0.317192246203114     
  0.650000000000000      -0.317211431682960     
  0.655000000000000      -0.317229826315184     
  0.660000000000000      -0.317247467096309     
  0.665000000000000      -0.317264391630908     
  0.670000000000000      -0.317280632652214     
  0.675000000000000      -0.317296223921034     
  0.680000000000000      -0.317311194709110     
  0.685000000000000      -0.317325575541859     
  0.690000000000000      -0.317339393443285     
  0.695000000000000      -0.317352674120432     
  0.700000000000000      -0.317365442334130     
  0.705000000000000      -0.317377722748627     
  0.710000000000000      -0.317389535628991     
  0.715000000000000      -0.317400902946292     
  0.720000000000000      -0.317411845593826     
  0.725000000000000      -0.317422380458181     
  0.730000000000000      -0.317432528622649     
  0.735000000000000      -0.317442303548117     
  0.740000000000000      -0.317451725377297     
  0.745000000000000      -0.317460805843232     
  0.750000000000000      -0.317469562980533     
  0.755000000000000      -0.317478007466033     
  0.760000000000000      -0.317486155097972     
  0.765000000000000      -0.317494016758383     
  0.770000000000000      -0.317501606034628     
  0.775000000000000      -0.317508932229383     
  0.780000000000000      -0.317516008261417     
  0.785000000000000      -0.317522844273123     
  0.790000000000000      -0.317529448190144     
  0.795000000000000      -0.317535830714518     
  0.800000000000000      -0.317542000010471     
  0.805000000000000      -0.317547967330645     
  0.810000000000000      -0.317553736022240     
  0.815000000000000      -0.317559318104351     
  0.820000000000000      -0.317564718202669     
  0.825000000000000      -0.317569944741392     
  0.830000000000000      -0.317575003887090     
  0.835000000000000      -0.317579902235399     
  0.840000000000000      -0.317584645699076     
  0.845000000000000      -0.317589240151108     
  0.850000000000000      -0.317593690681596     
  0.855000000000000      -0.317598003748186     
  0.860000000000000      -0.317602183171807     
  0.865000000000000      -0.317606235015239     
  0.870000000000000      -0.317610162517359     
  0.875000000000000      -0.317613971680109     
  0.880000000000000      -0.317617665855705     
  0.885000000000000      -0.317621248500529     
  0.890000000000000      -0.317624724335911     
  0.895000000000000      -0.317628097301060     
  0.900000000000000      -0.317631371627210     
  0.905000000000000      -0.317634548005791     
  0.910000000000000      -0.317637632841216     
  0.915000000000000      -0.317640626825411     
  0.920000000000000      -0.317643534800358     
  0.925000000000000      -0.317646359169568     
  0.930000000000000      -0.317649101506101     
  0.935000000000000      -0.317651766270999     
  0.940000000000000      -0.317654355634268     
  0.945000000000000      -0.317656870480050     
  0.950000000000000      -0.317659315031596     
  0.955000000000000      -0.317661691256047     
  0.960000000000000      -0.317664000767133     
  0.965000000000000      -0.317666245097079     
  0.970000000000000      -0.317668427811980     
  0.975000000000000      -0.317670550889224     
  0.980000000000000      -0.317672614442638     
  0.985000000000000      -0.317674621496314     
  0.990000000000000      -0.317676573522124     
  0.995000000000000      -0.317678472731911     
   1.00000000000000      -0.317680319885497     
   1.00500000000000      -0.317682116382122     
   1.01000000000000      -0.317683865662398     
   1.01500000000000      -0.317685566666122     
   1.02000000000000      -0.317687223123482     
   1.02500000000000      -0.317688833651274     
   1.03000000000000      -0.317690402809679     
   1.03500000000000      -0.317691928891945     
   1.04000000000000      -0.317693414157522     
   1.04500000000000      -0.317694861733125     
   1.05000000000000      -0.317696269712159     
   1.05500000000000      -0.317697641342600     
   1.06000000000000      -0.317698976067086     
   1.06500000000000      -0.317700275675182     
   1.07000000000000      -0.317701542183019     
   1.07500000000000      -0.317702774934530     
   1.08000000000000      -0.317703974927497     
   1.08500000000000      -0.317705144971535     
   1.09000000000000      -0.317706284257408     
   1.09500000000000      -0.317707393439233     
   1.10000000000000      -0.317708474294600     
   1.10500000000000      -0.317709527023613     
   1.11000000000000      -0.317710552018461     
   1.11500000000000      -0.317711551408002     
   1.12000000000000      -0.317712525343278     
   1.12500000000000      -0.317713472959570     
   1.13000000000000      -0.317714397918895     
   1.13500000000000      -0.317715297605859     
   1.14000000000000      -0.317716175427498     
   1.14500000000000      -0.317717030116048     
   1.15000000000000      -0.317717864377107     
   1.15500000000000      -0.317718675462696     
   1.16000000000000      -0.317719467287091     
   1.16500000000000      -0.317720238302738     
   1.17000000000000      -0.317720990161200     
   1.17500000000000      -0.317721722863824     
   1.18000000000000      -0.317722437721389     
   1.18500000000000      -0.317723132467557     
   1.19000000000000      -0.317723812044815     
   1.19500000000000      -0.317724472570660     
   1.20000000000000      -0.317725117124954     
   1.20500000000000      -0.317725746426107     
   1.21000000000000      -0.317726358627823     
   1.21500000000000      -0.317726955760401     
   1.22000000000000      -0.317727538227526     
   1.22500000000000      -0.317728105865245     
   1.23000000000000      -0.317728658487885     
   1.23500000000000      -0.317729198152010     
   1.24000000000000      -0.317729723980719     
   1.24500000000000      -0.317730237051537     
   1.25000000000000      -0.317730737197743     
   1.25500000000000      -0.317731224554769     
   1.26000000000000      -0.317731699081027     
   1.26500000000000      -0.317732163056747     
   1.27000000000000      -0.317732614551137     
   1.27500000000000      -0.317733056181471     
   1.28000000000000      -0.317733484820708     
   1.28500000000000      -0.317733903640137     
   1.29000000000000      -0.317734313038437     
   1.29500000000000      -0.317734711193267     
   1.30000000000000      -0.317735098850080     
   1.30500000000000      -0.317735478512595     
   1.31000000000000      -0.317735847074945     
   1.31500000000000      -0.317736207971712     
   1.32000000000000      -0.317736558370178     
   1.32500000000000      -0.317736901274304     
   1.33000000000000      -0.317737235284671     
   1.33500000000000      -0.317737561691847     
   1.34000000000000      -0.317737878902889     
   1.34500000000000      -0.317738187939453     
   1.35000000000000      -0.317738490726505     
   1.35500000000000      -0.317738785473852     
   1.36000000000000      -0.317739072315829     
   1.36500000000000      -0.317739353119107     
   1.37000000000000      -0.317739625825798     
   1.37500000000000      -0.317739892374559     
   1.38000000000000      -0.317740152327188     
   1.38500000000000      -0.317740406413693     
   1.39000000000000      -0.317740653052760     
   1.39500000000000      -0.317740894976133     
   1.40000000000000      -0.317741129283803     
   1.40500000000000      -0.317741358864511     
   1.41000000000000      -0.317741583369761     
   1.41500000000000      -0.317741801358468     
   1.42000000000000      -0.317742014707028     
   1.42500000000000      -0.317742221797106     
   1.43000000000000      -0.317742423499588     
   1.43500000000000      -0.317742621982876     
   1.44000000000000      -0.317742814168480     
   1.44500000000000      -0.317743002304599     
   1.45000000000000      -0.317743185090802     
   1.45500000000000      -0.317743364198647     
   1.46000000000000      -0.317743537797135     
   1.46500000000000      -0.317743707767399     
   1.47000000000000      -0.317743874362217     
   1.47500000000000      -0.317744035427510     
   1.48000000000000      -0.317744193826891     
   1.48500000000000      -0.317744347354305     
   1.49000000000000      -0.317744497584791     
   1.49500000000000      -0.317744643762804     
   1.50000000000000      -0.317744786231112     
   1.50500000000000      -0.317744925602058     
   1.51000000000000      -0.317745061905392     
   1.51500000000000      -0.317745193653459     
   1.52000000000000      -0.317745323140590     
   1.52500000000000      -0.317745449581232     
   1.53000000000000      -0.317745571671824     
   1.53500000000000      -0.317745692319653     
   1.54000000000000      -0.317745809533372     
   1.54500000000000      -0.317745922823075     
   1.55000000000000      -0.317746034355380     
   1.55500000000000      -0.317746143048572     
   1.56000000000000      -0.317746249392457     
   1.56500000000000      -0.317746351945488     
   1.57000000000000      -0.317746452712817     
   1.57500000000000      -0.317746551494436     
   1.58000000000000      -0.317746647258786     
   1.58500000000000      -0.317746739985901     
   1.59000000000000      -0.317746832480622     
   1.59500000000000      -0.317746920874427     
   1.60000000000000      -0.317747007896245     
   1.60500000000000      -0.317747091740674     
   1.61000000000000      -0.317747174497708     
   1.61500000000000      -0.317747255246114     
   1.62000000000000      -0.317747333482597     
   1.62500000000000      -0.317747410674548     
   1.63000000000000      -0.317747485396609     
   1.63500000000000      -0.317747558398714     
   1.64000000000000      -0.317747628707333     
   1.64500000000000      -0.317747698424863     
   1.65000000000000      -0.317747766298935     
   1.65500000000000      -0.317747832596622     
   1.66000000000000      -0.317747896707226     
   1.66500000000000      -0.317747958869065     
   1.67000000000000      -0.317748021095725     
   1.67500000000000      -0.317748079875499     
   1.68000000000000      -0.317748139286366     
   1.68500000000000      -0.317748195772064     
   1.69000000000000      -0.317748250203940     
   1.69500000000000      -0.317748305669443     
   1.70000000000000      -0.317748358010328     
   1.70500000000000      -0.317748409610126     
   1.71000000000000      -0.317748459052830     
   1.71500000000000      -0.317748507996828     
   1.72000000000000      -0.317748555965042     
   1.72500000000000      -0.317748603335749     
   1.73000000000000      -0.317748647545816     
   1.73500000000000      -0.317748692987102     
   1.74000000000000      -0.317748735658911     
   1.74500000000000      -0.317748778264677     
   1.75000000000000      -0.317748818871100     
   1.75500000000000      -0.317748859703718     
   1.76000000000000      -0.317748898130053     
   1.76500000000000      -0.317748937325184     
   1.77000000000000      -0.317748973435114     
   1.77500000000000      -0.317749009995761     
   1.78000000000000      -0.317749045314614     
   1.78500000000000      -0.317749079996408     
   1.79000000000000      -0.317749114170201     
   1.79500000000000      -0.317749146520858     
   1.80000000000000      -0.317749179159015     
   1.80500000000000      -0.317749211085836     
   1.81000000000000      -0.317749241308389     
   1.81500000000000      -0.317749270894648     
   1.82000000000000      -0.317749299866100     
   1.82500000000000      -0.317749328274337     
   1.83000000000000      -0.317749355084889     
   1.83500000000000      -0.317749382326640     
   1.84000000000000      -0.317749408749902     
   1.84500000000000      -0.317749434801989     
   1.85000000000000      -0.317749459314800     
   1.85500000000000      -0.317749484084116     
   1.86000000000000      -0.317749507717758     
   1.86500000000000      -0.317749530799150     
   1.87000000000000      -0.317749554253969     
   1.87500000000000      -0.317749575495364     
   1.88000000000000      -0.317749598163333     
   1.88500000000000      -0.317749619084532     
   1.89000000000000      -0.317749639409583     
   1.89500000000000      -0.317749658887720     
   1.90000000000000      -0.317749678355538     
   1.90500000000000      -0.317749698276193     
   1.91000000000000      -0.317749715993322     
   1.91500000000000      -0.317749734181603     
   1.92000000000000      -0.317749751890946     
   1.92500000000000      -0.317749769734627     
   1.93000000000000      -0.317749785881488     
   1.93500000000000      -0.317749802607213     
   1.94000000000000      -0.317749819156534     
   1.94500000000000      -0.317749833923712     
   1.95000000000000      -0.317749849325844     
   1.95500000000000      -0.317749864183203     
   1.96000000000000      -0.317749879081160     
   1.96500000000000      -0.317749893394389     
   1.97000000000000      -0.317749906246758     
   1.97500000000000      -0.317749920453126     
   1.98000000000000      -0.317749932868788     
   1.98500000000000      -0.317749945883060     
   1.99000000000000      -0.317749958355480     
   1.99500000000000      -0.317749971362868     
   2.00000000000000      -0.317749982683732     
   2.00500000000000      -0.317749993907902     
   2.01000000000000      -0.317750005489499     
   2.01500000000000      -0.317750016844993     
   2.02000000000000      -0.317750026927343     
   2.02500000000000      -0.317750038465741     
   2.03000000000000      -0.317750048231914     
   2.03500000000000      -0.317750058241167     
   2.04000000000000      -0.317750068035000     
   2.04500000000000      -0.317750077552901     
   2.05000000000000      -0.317750086256364     
   2.05500000000000      -0.317750095686928     
   2.06000000000000      -0.317750104878937     
   2.06500000000000      -0.317750112762331     
   2.07000000000000      -0.317750121221772     
   2.07500000000000      -0.317750129487814     
   2.08000000000000      -0.317750137994339     
   2.08500000000000      -0.317750144799762     
   2.09000000000000      -0.317750153497570     
   2.09500000000000      -0.317750160142955     
   2.10000000000000      -0.317750167815155     
   2.10500000000000      -0.317750174760203     
   2.11000000000000      -0.317750181161804     
   2.11500000000000      -0.317750187941879     
   2.12000000000000      -0.317750194867853     
   2.12500000000000      -0.317750200785107     
   2.13000000000000      -0.317750207750414     
   2.13500000000000      -0.317750212845225     
   2.14000000000000      -0.317750219069833     
   2.14500000000000      -0.317750224824794     
   2.15000000000000      -0.317750230541329     
   2.15500000000000      -0.317750236314015     
   2.16000000000000      -0.317750241447236     
   2.16500000000000      -0.317750247518149     
   2.17000000000000      -0.317750251561030     
   2.17500000000000      -0.317750257268254     
   2.18000000000000      -0.317750262139284     
   2.18500000000000      -0.317750266113549     
   2.19000000000000      -0.317750271459934     
   2.19500000000000      -0.317750275273197     
   2.20000000000000      -0.317750279798522     
   2.20500000000000      -0.317750283874386     
   2.21000000000000      -0.317750288247968     
   2.21500000000000      -0.317750292649597     
   2.22000000000000      -0.317750296317037     
   2.22500000000000      -0.317750300431807     
   2.23000000000000      -0.317750304406582     
   2.23500000000000      -0.317750308490150     
   2.24000000000000      -0.317750311404349     
   2.24500000000000      -0.317750315636769     
   2.25000000000000      -0.317750318512444     
   2.25500000000000      -0.317750322242197     
   2.26000000000000      -0.317750325377287     
   2.26500000000000      -0.317750328196118     
   2.27000000000000      -0.317750331834233     
   2.27500000000000      -0.317750334067729     
   2.28000000000000      -0.317750337099458     
   2.28500000000000      -0.317750340568641     
   2.29000000000000      -0.317750342760064     
   2.29500000000000      -0.317750345754994     
   2.30000000000000      -0.317750348150730     
   2.30500000000000      -0.317750350622303     
   2.31000000000000      -0.317750353768901     
   2.31500000000000      -0.317750355650815     
   2.32000000000000      -0.317750358680282     
   2.32500000000000      -0.317750360606360     
   2.33000000000000      -0.317750363133000     
   2.33500000000000      -0.317750365144239     
   2.34000000000000      -0.317750367927739     
   2.34500000000000      -0.317750370143468     
   2.35000000000000      -0.317750371944846     
   2.35500000000000      -0.317750374468775     
   2.36000000000000      -0.317750375476892     
   2.36500000000000      -0.317750377688530     
   2.37000000000000      -0.317750380264343     
   2.37500000000000      -0.317750382135544     
   2.38000000000000      -0.317750382828748     
   2.38500000000000      -0.317750384619306     
   2.39000000000000      -0.317750387274764     
   2.39500000000000      -0.317750388528702     
   2.40000000000000      -0.317750389610870     
   2.40500000000000      -0.317750392336618     
   2.41000000000000      -0.317750393334850     
   2.41500000000000      -0.317750395277352     
   2.42000000000000      -0.317750395938000     
   2.42500000000000      -0.317750397373045     
   2.43000000000000      -0.317750399217674     
   2.43500000000000      -0.317750400833112     
   2.44000000000000      -0.317750401228690     
   2.44500000000000      -0.317750403486932     
   2.45000000000000      -0.317750404589800     
   2.45500000000000      -0.317750405570673     
   2.46000000000000      -0.317750406976799     
   2.46500000000000      -0.317750407473455     
   2.47000000000000      -0.317750409145355     
   2.47500000000000      -0.317750409835808     
   2.48000000000000      -0.317750411590223     
   2.48500000000000      -0.317750412823184     
   2.49000000000000      -0.317750413546244     
   2.49500000000000      -0.317750414101522     
   2.50000000000000      -0.317750415446956     
