  5.000000000000000E-003  0.000000000000000E+000  0.000000000000000E+000
  0.000000000000000E+000
  1.000000000000000E-002  0.000000000000000E+000  0.000000000000000E+000
  0.000000000000000E+000
  1.500000000000000E-002  0.000000000000000E+000  0.000000000000000E+000
  0.000000000000000E+000
  2.000000000000000E-002  6.762555772948693E-005 -1.042326028849193E-004
  1.718581606144105E-004
  2.500000000000000E-002  8.632863956010321E-005 -1.835040926565221E-004
  2.698327322166237E-004
  3.000000000000000E-002  1.045126004668954E-004 -2.782034334106237E-004
  3.827160338775222E-004
  3.500000000000000E-002  1.215777395250439E-004 -3.870015040937586E-004
  5.085792436187887E-004
  4.000000000000000E-002  1.373914450425770E-004 -5.083871312319832E-004
  6.457785762745660E-004
  4.500000000000000E-002  1.519347918702672E-004 -6.409951966172848E-004
  7.929299884875650E-004
  5.000000000000000E-002  1.652570223345516E-004 -7.836049237080052E-004
  9.488619460425515E-004
  5.500000000000000E-002  1.774336671636163E-004 -9.351437880332093E-004
  1.112577455196828E-003
  6.000000000000000E-002  1.885526966511398E-004 -1.094671188881155E-003
  1.283223885532317E-003
  6.500000000000000E-002  1.987059791386181E-004 -1.261362297356127E-003
  1.460068276494733E-003
  7.000000000000001E-002  2.079851910749753E-004 -1.434491204646878E-003
  1.642476395721915E-003
  7.500000000000000E-002  2.164788212275263E-004 -1.613415620954667E-003
  1.829894442182195E-003
  8.000000000000000E-002  2.242707892887389E-004 -1.797562035015099E-003
  2.021832824303833E-003
  8.500000000000001E-002  2.314386303825977E-004 -1.986413132082312E-003
  2.217851762464927E-003
  9.000000000000000E-002  2.380526851071765E-004 -2.179496033578991E-003
  2.417548718686166E-003
  9.500000000000000E-002  2.441751370281787E-004 -2.376372532367936E-003
  2.620547669396124E-003
  0.100000000000000       2.498598606508782E-004 -2.576630486345981E-003
  2.826490346996860E-003
  0.105000000000000       2.551522031421844E-004 -2.779877201790527E-003
  3.035029404932679E-003
  0.110000000000000       2.600887458943372E-004 -2.985734792129218E-003
  3.245823538023610E-003
  0.115000000000000       2.646985016250465E-004 -3.193835822808834E-003
  3.458534324433900E-003
  0.120000000000000       2.690028260888379E-004 -3.403821863201450E-003
  3.672824689290217E-003
  0.125000000000000       2.730168917438444E-004 -3.615341688323903E-003
  3.888358580067754E-003
  0.130000000000000       2.767499398447624E-004 -3.828051831259273E-003
  4.104801771103992E-003
  0.135000000000000       2.802068936410583E-004 -4.041616402075747E-003
  4.321823295716837E-003
  0.140000000000000       2.833888406565490E-004 -4.255708587865557E-003
  4.539097428522113E-003
  0.145000000000000       2.862945046096441E-004 -4.470011342908000E-003
  4.756305847517669E-003
  0.150000000000000       2.889208310792777E-004 -4.684219048740442E-003
  4.973139879819702E-003
  0.155000000000000       2.912635212005693E-004 -4.898039030327140E-003
  5.189302551527738E-003
  0.160000000000000       2.933185668189371E-004 -5.111191970420945E-003
  5.404510537239912E-003
  0.165000000000000       2.950813368994191E-004 -5.323414393192254E-003
  5.618495730091683E-003
  0.170000000000000       2.965488601562966E-004 -5.534457643771118E-003
  5.831006503927436E-003
  0.175000000000000       2.977184206149590E-004 -5.744090200747261E-003
  6.041808621362181E-003
  0.180000000000000       2.985892989366454E-004 -5.952096623855786E-003
  6.250685922792402E-003
  0.185000000000000       2.991615348776513E-004 -6.158278884811011E-003
  6.457440419688590E-003
  0.190000000000000       2.994370043270830E-004 -6.362455530950439E-003
  6.661892535277512E-003
  0.195000000000000       2.994190519794463E-004 -6.564461586346044E-003
  6.863880638325512E-003
  0.200000000000000       2.991125395535875E-004 -6.764148192105576E-003
  7.063260731659219E-003
  0.205000000000000       2.985238043269732E-004 -6.961382019105014E-003
  7.259905823431931E-003
  0.210000000000000       2.976597531149141E-004 -7.156045403359367E-003
  7.453705156474272E-003
  0.215000000000000       2.965295729213255E-004 -7.348033923586177E-003
  7.644563496507477E-003
  0.220000000000000       2.951421184673287E-004 -7.537257839712840E-003
  7.832399958180193E-003
  0.225000000000000       2.935082475646310E-004 -7.723639172174444E-003
  8.017147419739098E-003
  0.230000000000000       2.916387093488073E-004 -7.907112567045918E-003
  8.198751276394684E-003
  0.235000000000000       2.895458651641632E-004 -8.087622951889211E-003
  8.377168817053363E-003
  0.240000000000000       2.872410520622576E-004 -8.265126794095927E-003
  8.552367846158216E-003
  0.245000000000000       2.847369561561919E-004 -8.439589183338850E-003
  8.724326139494974E-003
  0.250000000000000       2.820458193815887E-004 -8.610984715887057E-003
  8.893030535268607E-003
  0.255000000000000       2.791804478250622E-004 -8.779295329683632E-003
  9.058475777508729E-003
  0.260000000000000       2.761533833512938E-004 -8.944510844895288E-003
  9.220664228246581E-003
  0.265000000000000       2.729767205811177E-004 -9.106627927498168E-003
  9.379604648079307E-003
  0.270000000000000       2.696633475539767E-004 -9.265648566034245E-003
  9.535311913588170E-003
  0.275000000000000       2.662245384094467E-004 -9.421581422118049E-003
  9.687805960527478E-003
  0.280000000000000       2.626721601635073E-004 -9.574439431734498E-003
  9.837111591897995E-003
  0.285000000000000       2.590174685471919E-004 -9.724240210513647E-003
  9.983257679060891E-003
  0.290000000000000       2.552717539799256E-004 -9.871005039466444E-003
  1.012627679344642E-002
  0.295000000000000       2.514448529557610E-004 -1.001475944369392E-002
  1.026620429664978E-002
  0.300000000000000       2.475474999009492E-004 -1.015553152841774E-002
  1.040307902831868E-002
  0.305000000000000       2.435890608271433E-004 -1.029335244800911E-002
  1.053694150883633E-002
  0.310000000000000       2.395780735537062E-004 -1.042825637776900E-002
  1.066783445132277E-002
  0.315000000000000       2.355238589858735E-004 -1.056027873321012E-002
  1.079580259219605E-002
  0.320000000000000       2.314348179643713E-004 -1.068945706910929E-002
  1.092089188707361E-002
  0.325000000000000       2.273181361589728E-004 -1.081583105005663E-002
  1.104314918621561E-002
  0.330000000000000       2.231813185342558E-004 -1.093944123583088E-002
  1.116262255436521E-002
  0.335000000000000       2.190311497404891E-004 -1.106032965487751E-002
  1.127936080461800E-002
  0.340000000000000       2.148737650442964E-004 -1.117853923913247E-002
  1.139341300417675E-002
  0.345000000000000       2.107160134600355E-004 -1.129411311378051E-002
  1.150482912724051E-002
  0.350000000000000       2.065628626236976E-004 -1.140709610105675E-002
  1.161365896368050E-002
  0.355000000000000       2.024192043778544E-004 -1.151753292796843E-002
  1.171995213234632E-002
  0.360000000000000       1.982902461783084E-004 -1.162546854442995E-002
  1.182375879060825E-002
  0.365000000000000       1.941803436745687E-004 -1.173094812360321E-002
  1.192512846727779E-002
  0.370000000000000       1.900937069328951E-004 -1.183401732658935E-002
  1.202411103352222E-002
  0.375000000000000       1.860342393907555E-004 -1.193472142045065E-002
  1.212075565984143E-002
  0.380000000000000       1.820045335668181E-004 -1.203310633344821E-002
  1.221511086701504E-002
  0.385000000000000       1.780089829791116E-004 -1.212921651414362E-002
  1.230722549712273E-002
  0.390000000000000       1.740493919955643E-004 -1.222309758839591E-002
  1.239714698039149E-002
  0.395000000000000       1.701291557745746E-004 -1.231479407163522E-002
  1.248492322740977E-002
  0.400000000000000       1.662499132452220E-004 -1.240435034255998E-002
  1.257060025580521E-002
  0.405000000000000       1.624142226483795E-004 -1.249181067828554E-002
  1.265422490093389E-002
  0.410000000000000       1.586242345475846E-004 -1.257721797883816E-002
  1.273584221338573E-002
  0.415000000000000       1.548806974033593E-004 -1.266061615645179E-002
  1.281549685385518E-002
  0.420000000000000       1.511856190716110E-004 -1.274204768791974E-002
  1.289323330699134E-002
  0.425000000000000       1.475404334171330E-004 -1.282155433360006E-002
  1.296909476701719E-002
  0.430000000000000       1.439467110792040E-004 -1.289917736861580E-002
  1.304312407969502E-002
  0.435000000000000       1.404045036917428E-004 -1.297495825944019E-002
  1.311536276313199E-002
  0.440000000000000       1.369147992241027E-004 -1.304893712202146E-002
  1.318585192124561E-002
  0.445000000000000       1.334790573958038E-004 -1.312115345774705E-002
  1.325463251514282E-002
  0.450000000000000       1.300969451679178E-004 -1.319164656538660E-002
  1.332174351055445E-002
  0.455000000000000       1.267686646451652E-004 -1.326045520507916E-002
  1.338722386972435E-002
  0.460000000000000       1.234958863060054E-004 -1.332761635695715E-002
  1.345111224326310E-002
  0.465000000000000       1.202776292379769E-004 -1.339316756175841E-002
  1.351344519099640E-002
  0.470000000000000       1.171144236471750E-004 -1.345714536541786E-002
  1.357425978906509E-002
  0.475000000000000       1.140065926669862E-004 -1.351958525408764E-002
  1.363359184675457E-002
  0.480000000000000       1.109539660550022E-004 -1.358052266630018E-002
  1.369147663235524E-002
  0.485000000000000       1.079556460372279E-004 -1.363999223702565E-002
  1.374794788306296E-002
  0.490000000000000       1.050124771404370E-004 -1.369802718715341E-002
  1.380303966429379E-002
  0.495000000000000       1.021232732554627E-004 -1.375466118732034E-002
  1.385678446057590E-002
  0.500000000000000       9.928840453947968E-005 -1.380992653540950E-002
  1.390921493994906E-002
  0.505000000000000       9.650752440777280E-005 -1.386385490293758E-002
  1.396036242734543E-002
  0.510000000000000       9.378043540785861E-005 -1.391647757926920E-002
  1.401025801467710E-002
  0.515000000000000       9.110553872240272E-005 -1.396782536858896E-002
  1.405893090731138E-002
  0.520000000000000       8.848363641323870E-005 -1.401792787772539E-002
  1.410641151413868E-002
  0.525000000000000       8.591347179887013E-005 -1.406681437405871E-002
  1.415272784585757E-002
  0.530000000000000       8.339510852285125E-005 -1.411451366861425E-002
  1.419790877713718E-002
  0.535000000000000       8.092682514241202E-005 -1.416105386053320E-002
  1.424198068567564E-002
  0.540000000000000       7.850893992677462E-005 -1.420646273058403E-002
  1.428497167051079E-002
  0.545000000000000       7.614087523463406E-005 -1.425076628533870E-002
  1.432690716057328E-002
  0.550000000000000       7.382136131191264E-005 -1.429399134215095E-002
  1.436781270346290E-002
  0.555000000000000       7.155034889066525E-005 -1.433616322844261E-002
  1.440771357733329E-002
  0.560000000000000       6.932668466412187E-005 -1.437730769946878E-002
  1.444663438413288E-002
  0.565000000000000       6.714987924636096E-005 -1.441744889561721E-002
  1.448459877486363E-002
  0.570000000000000       6.501967826533918E-005 -1.445661060276351E-002
  1.452163028102888E-002
  0.575000000000000       6.293453767659673E-005 -1.449481676087820E-002
  1.455775129855479E-002
  0.580000000000000       6.089415125390507E-005 -1.453208998379957E-002
  1.459298413505350E-002
  0.585000000000000       5.889807843177613E-005 -1.456845302419988E-002
  1.462735110263166E-002
  0.590000000000000       5.694483351282641E-005 -1.460392737605623E-002
  1.466087220956900E-002
  0.595000000000000       5.503454964431956E-005 -1.463853471480481E-002
  1.469356926444914E-002
  0.600000000000000       5.316626106470880E-005 -1.467229557777336E-002
  1.472546183883813E-002
  0.605000000000000       5.133802605147807E-005 -1.470523122548365E-002
  1.475656925153510E-002
  0.610000000000000       4.955098653905473E-005 -1.473736058300306E-002
  1.478691156954222E-002
  0.615000000000000       4.780350292928530E-005 -1.476870375360725E-002
  1.481650725653655E-002
  0.620000000000000       4.609494604336738E-005 -1.479927991665944E-002
  1.484537486270286E-002
  0.625000000000000       4.442417346414360E-005 -1.482910740418790E-002
  1.487353157765205E-002
  0.630000000000000       4.279064371670109E-005 -1.485820413169567E-002
  1.490099477541230E-002
  0.635000000000000       4.119481711277298E-005 -1.488658810806853E-002
  1.492778292518123E-002
  0.640000000000000       3.963445421887704E-005 -1.491427658084989E-002
  1.495391103506869E-002
  0.645000000000000       3.810906919666485E-005 -1.494128663067812E-002
  1.497939569987474E-002
  0.650000000000000       3.661862848429119E-005 -1.496763447750264E-002
  1.500425310598697E-002
  0.655000000000000       3.516254270668726E-005 -1.499333647665028E-002
  1.502849901935699E-002
  0.660000000000000       3.373925680562699E-005 -1.501840831422158E-002
  1.505214757102722E-002
  0.665000000000000       3.234886208821677E-005 -1.504286500536706E-002
  1.507521386745528E-002
  0.670000000000000       3.099001545243313E-005 -1.506672208840438E-002
  1.509771210385680E-002
  0.675000000000000       2.966265584384355E-005 -1.508999373475371E-002
  1.511965639059754E-002
  0.680000000000000       2.836549796223665E-005 -1.511269450532805E-002
  1.514106000329028E-002
  0.685000000000000       2.709857044396969E-005 -1.513483821708280E-002
  1.516193678752663E-002
  0.690000000000000       2.586129540142357E-005 -1.515643842577910E-002
  1.518229972118048E-002
  0.695000000000000       2.465261325666641E-005 -1.517750851646635E-002
  1.520216112972306E-002
  0.700000000000000       2.347182981320458E-005 -1.519806160868781E-002
  1.522153343850098E-002
  0.705000000000000       2.231923892043258E-005 -1.521810998281716E-002
  1.524042922173753E-002
  0.710000000000000       2.119314577487662E-005 -1.523766606221699E-002
  1.525885920799192E-002
  0.715000000000000       2.009306739547797E-005 -1.525674198391784E-002
  1.527683505131328E-002
  0.720000000000000       1.901930924227009E-005 -1.527534968098833E-002
  1.529436899023063E-002
  0.725000000000000       1.797001676685090E-005 -1.529350054627379E-002
  1.531147056304062E-002
  0.730000000000000       1.694630464252954E-005 -1.531120529696929E-002
  1.532815160161180E-002
  0.735000000000000       1.594580840695551E-005 -1.532847547393371E-002
  1.534442128234063E-002
  0.740000000000000       1.496982173464222E-005 -1.534532121217388E-002
  1.536029103390842E-002
  0.745000000000000       1.401620469449300E-005 -1.536175333455651E-002
  1.537576953925106E-002
  0.750000000000000       1.308587515386517E-005 -1.537778179234832E-002
  1.539086766750222E-002
  0.755000000000000       1.217689208303400E-005 -1.539341650869226E-002
  1.540559340077526E-002
  0.760000000000000       1.128973078435290E-005 -1.540866713056861E-002
  1.541995686135294E-002
  0.765000000000000       1.042335295960905E-005 -1.542354332154237E-002
  1.543396667450196E-002
  0.770000000000000       9.577998867925315E-006 -1.543805359723651E-002
  1.544763159610440E-002
  0.775000000000000       8.752126559560900E-006 -1.545220758737010E-002
  1.546095971392967E-002
  0.780000000000000       7.946207904699007E-006 -1.546601395041729E-002
  1.547396015832193E-002
  0.785000000000000       7.160264580122216E-006 -1.547948102179649E-002
  1.548664128637666E-002
  0.790000000000000       6.392424708668974E-006 -1.549261689349235E-002
  1.549900931820107E-002
  0.795000000000000       5.642704783033590E-006 -1.550543036669495E-002
  1.551107307147795E-002
  0.800000000000000       4.910530677586243E-006 -1.551792894125634E-002
  1.552283947193403E-002
  0.805000000000000       4.197318368553249E-006 -1.553012001828816E-002
  1.553431733665665E-002
  0.810000000000000       3.499953415718546E-006 -1.554201183173565E-002
  1.554551178515129E-002
  0.815000000000000       2.819879724098169E-006 -1.555361121189159E-002
  1.555643109161576E-002
  0.820000000000000       2.155905722923391E-006 -1.556492584094141E-002
  1.556708174666423E-002
  0.825000000000000       1.507941928688524E-006 -1.557596233212024E-002
  1.557747027404889E-002
  0.830000000000000       8.756294491077465E-007 -1.558672752804035E-002
  1.558760315748947E-002
  0.835000000000000       2.586022481393284E-007 -1.559722809749451E-002
  1.559748669974264E-002
  0.840000000000000      -3.435580643910803E-007 -1.560747063533540E-002
  1.560712707727110E-002
  0.845000000000000      -9.312198232605425E-007 -1.561746175486153E-002
  1.561653053503825E-002
  0.850000000000000      -1.505050594426683E-006 -1.562720703296948E-002
  1.562570198237507E-002
  0.855000000000000      -2.064670483436143E-006 -1.563671280890363E-002
  1.563464813842018E-002
  0.860000000000000      -2.611004794787437E-006 -1.564598527283680E-002
  1.564337426804201E-002
  0.865000000000000      -3.143853748494229E-006 -1.565502976590359E-002
  1.565188591215517E-002
  0.870000000000000      -3.664196541861075E-006 -1.566385180122706E-002
  1.566018760468516E-002
  0.875000000000000      -4.171599227380618E-006 -1.567245732143294E-002
  1.566828572220549E-002
  0.880000000000000      -4.666581597008994E-006 -1.568085101873222E-002
  1.567618443713522E-002
  0.885000000000000      -5.150127286023400E-006 -1.568903867669259E-002
  1.568388854940663E-002
  0.890000000000000      -5.622106130480980E-006 -1.569702535065977E-002
  1.569140324452927E-002
  0.895000000000000      -6.082392329171446E-006 -1.570481540683800E-002
  1.569873301450897E-002
  0.900000000000000      -6.530718246613061E-006 -1.571241384468188E-002
  1.570588312643524E-002
  0.905000000000000      -6.969193338759252E-006 -1.571982611715192E-002
  1.571285692381320E-002
  0.910000000000000      -7.396540773548327E-006 -1.572705582675145E-002
  1.571965928597790E-002
  0.915000000000000      -7.813951553938625E-006 -1.573410835335497E-002
  1.572629440180105E-002
  0.920000000000000      -8.221025334038615E-006 -1.574098726015802E-002
  1.573276623482406E-002
  0.925000000000000      -8.617852821074025E-006 -1.574769691262853E-002
  1.573907905980753E-002
  0.930000000000000      -9.005700260145732E-006 -1.575424188589825E-002
  1.574523618563806E-002
  0.935000000000000      -9.383846980234149E-006 -1.576062643914609E-002
  1.575124259216583E-002
  0.940000000000000      -9.752289775655539E-006 -1.576685340757426E-002
  1.575710111779862E-002
  0.945000000000000      -1.011252130280847E-005 -1.577292797965923E-002
  1.576281545835642E-002
  0.950000000000000      -1.046386015857269E-005 -1.577885287773681E-002
  1.576838901757823E-002
  0.955000000000000      -1.080620761719524E-005 -1.578463235041840E-002
  1.577382614280119E-002
  0.960000000000000      -1.114029815248827E-005 -1.579026983564428E-002
  1.577912953749187E-002
  0.965000000000000      -1.146690310465046E-005 -1.579576876982544E-002
  1.578430186672084E-002
  0.970000000000000      -1.178528117701890E-005 -1.580113285235424E-002
  1.578934757117724E-002
  0.975000000000000      -1.209513625139908E-005 -1.580636476795578E-002
  1.579426963170441E-002
  0.980000000000000      -1.239797130283632E-005 -1.581146821544914E-002
  1.579907024414642E-002
  0.985000000000000      -1.269357055001212E-005 -1.581644649235429E-002
  1.580375292180429E-002
  0.990000000000000      -1.298196479258539E-005 -1.582130200123001E-002
  1.580832003643739E-002
  0.995000000000000      -1.326301998790093E-005 -1.582603853994337E-002
  1.581277551995550E-002
   1.00000000000000      -1.353740086528561E-005 -1.583065886404686E-002
  1.581712146318156E-002
   1.00500000000000      -1.380562414818607E-005 -1.583516573467590E-002
  1.582136011052767E-002
   1.01000000000000      -1.406648131510091E-005 -1.583956176368365E-002
  1.582549528236855E-002
   1.01500000000000      -1.432142322969315E-005 -1.584384953317151E-002
  1.582952810994181E-002
   1.02000000000000      -1.456960691265733E-005 -1.584803219378295E-002
  1.583346258687030E-002
   1.02500000000000      -1.481254997648708E-005 -1.585211213448295E-002
  1.583729958450629E-002
   1.03000000000000      -1.504877341008688E-005 -1.585609183319651E-002
  1.584104305978641E-002
   1.03500000000000      -1.527968504125638E-005 -1.585997377246552E-002
  1.584469408742418E-002
   1.04000000000000      -1.550549565577515E-005 -1.586376050156892E-002
  1.584825500591308E-002
   1.04500000000000      -1.572462418717992E-005 -1.586745393739110E-002
  1.585172931320385E-002
   1.05000000000000      -1.593887439691782E-005 -1.587105638783366E-002
  1.585511751343681E-002
   1.05500000000000      -1.614767803024094E-005 -1.587457082304924E-002
  1.585842314501909E-002
   1.06000000000000      -1.635175366733985E-005 -1.587799898908663E-002
  1.586164723541936E-002
   1.06500000000000      -1.655109735773409E-005 -1.588134262114926E-002
  1.586479152379150E-002
   1.07000000000000      -1.674488706034167E-005 -1.588460446202437E-002
  1.586785957496400E-002
   1.07500000000000      -1.693413806633904E-005 -1.588778590062639E-002
  1.587085176255998E-002
   1.08000000000000      -1.711937046320294E-005 -1.589088945231051E-002
  1.587377008184734E-002
   1.08500000000000      -1.729928348080656E-005 -1.589391671657535E-002
  1.587661743309455E-002
   1.09000000000000      -1.747467181545176E-005 -1.589686916984540E-002
  1.587939449803002E-002
   1.09500000000000      -1.764627003906983E-005 -1.589974963825280E-002
  1.588210336821362E-002
   1.10000000000000      -1.781353604531802E-005 -1.590255914176785E-002
  1.588474560572248E-002
   1.10500000000000      -1.797672874827448E-005 -1.590529981562224E-002
  1.588732308687402E-002
   1.11000000000000      -1.813640078917575E-005 -1.590797308166731E-002
  1.588983668087812E-002
   1.11500000000000      -1.829172685760712E-005 -1.591058068310924E-002
  1.589228895625156E-002
   1.12000000000000      -1.844284132343721E-005 -1.591312426844498E-002
  1.589468142712156E-002
   1.12500000000000      -1.859114995037643E-005 -1.591560545066050E-002
  1.589701430071007E-002
   1.13000000000000      -1.873498120924024E-005 -1.591802562903508E-002
  1.589929064782586E-002
   1.13500000000000      -1.887600319172559E-005 -1.592038647063802E-002
  1.590151046744630E-002
   1.14000000000000      -1.901317524428228E-005 -1.592268920722048E-002
  1.590367603197625E-002
   1.14500000000000      -1.914719661546573E-005 -1.592493540873302E-002
  1.590578821211757E-002
   1.15000000000000      -1.927713148238531E-005 -1.592712646221169E-002
  1.590784933072940E-002
   1.15500000000000      -1.940492111068412E-005 -1.592926368406218E-002
  1.590985876295152E-002
   1.16000000000000      -1.952911929592687E-005 -1.593134869182439E-002
  1.591181957252844E-002
   1.16500000000000      -1.965039491868585E-005 -1.593338211023900E-002
  1.591373171532037E-002
   1.17000000000000      -1.976858928834599E-005 -1.593536568524832E-002
  1.591559709595996E-002
   1.17500000000000      -1.988385629373382E-005 -1.593730059982934E-002
  1.591741674353555E-002
   1.18000000000000      -1.999580367371894E-005 -1.593918788680597E-002
  1.591919208313228E-002
   1.18500000000000      -2.010630635840548E-005 -1.594102929479831E-002
  1.592092298843981E-002
   1.19000000000000      -2.021292966007490E-005 -1.594282508815734E-002
  1.592261215849726E-002
   1.19500000000000      -2.031764721910377E-005 -1.594457682088829E-002
  1.592425917366919E-002
   1.20000000000000      -2.041984384274821E-005 -1.594628576154453E-002
  1.592586591770192E-002
   1.20500000000000      -2.051861280735905E-005 -1.594795253900281E-002
  1.592743392619542E-002
   1.21000000000000      -2.061561480102938E-005 -1.594957832473379E-002
  1.592896270993270E-002
   1.21500000000000      -2.071035154393466E-005 -1.595116444845445E-002
  1.593045409691049E-002
   1.22000000000000      -2.080242812344456E-005 -1.595271138767388E-002
  1.593190895955042E-002
   1.22500000000000      -2.089230017191235E-005 -1.595422034386571E-002
  1.593332804369390E-002
   1.23000000000000      -2.098060348370557E-005 -1.595569249624171E-002
  1.593471189275803E-002
   1.23500000000000      -2.106629325221939E-005 -1.595712822458865E-002
  1.593606193133644E-002
   1.24000000000000      -2.114987541143076E-005 -1.595852902985550E-002
  1.593737915444409E-002
   1.24500000000000      -2.123119492766048E-005 -1.595989500327236E-002
  1.593866380834468E-002
   1.25000000000000      -2.131046983646833E-005 -1.596122788011718E-002
  1.593991741028066E-002
   1.25500000000000      -2.138805579729771E-005 -1.596252783686679E-002
  1.594113978106950E-002
   1.26000000000000      -2.146428224458321E-005 -1.596379602852861E-002
  1.594233174628402E-002
   1.26500000000000      -2.153788315537823E-005 -1.596503275194727E-002
  1.594349486879185E-002
   1.27000000000000      -2.160997163413388E-005 -1.596623936755101E-002
  1.594462939591687E-002
   1.27500000000000      -2.167952770490176E-005 -1.596741620548021E-002
  1.594573667777536E-002
   1.28000000000000      -2.174844267961755E-005 -1.596856432130818E-002
  1.594681587862861E-002
   1.28500000000000      -2.181561082570534E-005 -1.596968445657596E-002
  1.594786884575025E-002
   1.29000000000000      -2.188013633381725E-005 -1.597077655399513E-002
  1.594889641766137E-002
   1.29500000000000      -2.194357443678269E-005 -1.597184201184459E-002
  1.594989843740776E-002
   1.30000000000000      -2.200619311735201E-005 -1.597288153088146E-002
  1.595087533776413E-002
   1.30500000000000      -2.206624084630059E-005 -1.597389539609770E-002
  1.595182915525132E-002
   1.31000000000000      -2.212557668671502E-005 -1.597488434644936E-002
  1.595275876976261E-002
   1.31500000000000      -2.218283002586131E-005 -1.597584909808648E-002
  1.595366626806060E-002
   1.32000000000000      -2.223939686765272E-005 -1.597679015763859E-002
  1.595455076077094E-002
   1.32500000000000      -2.229411252309031E-005 -1.597770799239880E-002
  1.595541387987572E-002
   1.33000000000000      -2.234744605783745E-005 -1.597860330423814E-002
  1.595625585818029E-002
   1.33500000000000      -2.239907376125315E-005 -1.597947670651628E-002
  1.595707763275502E-002
   1.34000000000000      -2.245007186613025E-005 -1.598032877229667E-002
  1.595787870043050E-002
   1.34500000000000      -2.250034880658528E-005 -1.598115983041929E-002
  1.595865948161268E-002
   1.35000000000000      -2.254845060445537E-005 -1.598197042555919E-002
  1.595942197495474E-002
   1.35500000000000      -2.259537519513536E-005 -1.598276137613734E-002
  1.596016600094217E-002
   1.36000000000000      -2.264175572999344E-005 -1.598353269816721E-002
  1.596089094243714E-002
   1.36500000000000      -2.268638833878056E-005 -1.598428520348612E-002
  1.596159881514719E-002
   1.37000000000000      -2.273047137002398E-005 -1.598501906605389E-002
  1.596228859468389E-002
   1.37500000000000      -2.277336128875190E-005 -1.598573512291079E-002
  1.596296176162204E-002
   1.38000000000000      -2.281504666520684E-005 -1.598643350101163E-002
  1.596361845434641E-002
   1.38500000000000      -2.285529744777211E-005 -1.598711476689691E-002
  1.596425946944903E-002
   1.39000000000000      -2.289525620288118E-005 -1.598777901002131E-002
  1.596488375381843E-002
   1.39500000000000      -2.293355555859494E-005 -1.598842716681418E-002
  1.596549361125561E-002
   1.40000000000000      -2.297173338070346E-005 -1.598905955617098E-002
  1.596608782279026E-002
   1.40500000000000      -2.300865472523135E-005 -1.598967633363075E-002
  1.596666767890545E-002
   1.41000000000000      -2.304394736546605E-005 -1.599027785205026E-002
  1.596723390468480E-002
   1.41500000000000      -2.307890900757607E-005 -1.599086465960408E-002
  1.596778575059655E-002
   1.42000000000000      -2.311275108535052E-005 -1.599143679149842E-002
  1.596832404041304E-002
   1.42500000000000      -2.314628264393836E-005 -1.599199541088723E-002
  1.596884912824326E-002
   1.43000000000000      -2.317949126445988E-005 -1.599254032831504E-002
  1.596936083705053E-002
   1.43500000000000      -2.321066417162493E-005 -1.599307152537414E-002
  1.596986086120251E-002
   1.44000000000000      -2.324160893702498E-005 -1.599358989860079E-002
  1.597034828966381E-002
   1.44500000000000      -2.327168628739773E-005 -1.599409530517011E-002
  1.597082361888282E-002
   1.45000000000000      -2.330135177077899E-005 -1.599458857399717E-002
  1.597128722222648E-002
   1.45500000000000      -2.332988734260827E-005 -1.599506952177059E-002
  1.597173963442801E-002
   1.46000000000000      -2.335828548513399E-005 -1.599553881612425E-002
  1.597218053063916E-002
   1.46500000000000      -2.338583187424548E-005 -1.599599659199817E-002
  1.597261076012395E-002
   1.47000000000000      -2.341191157509525E-005 -1.599644300257651E-002
  1.597303109100150E-002
   1.47500000000000      -2.343817666870045E-005 -1.599687844216810E-002
  1.597344026549939E-002
   1.48000000000000      -2.346324118886484E-005 -1.599730334049406E-002
  1.597384009930519E-002
   1.48500000000000      -2.348804172528425E-005 -1.599771784638473E-002
  1.597422980465938E-002
   1.49000000000000      -2.351215710979709E-005 -1.599812214826846E-002
  1.597460999115868E-002
   1.49500000000000      -2.353580123628018E-005 -1.599851639829217E-002
  1.597498059705585E-002
   1.50000000000000      -2.355903472125519E-005 -1.599890101992812E-002
  1.597534198520676E-002
   1.50500000000000      -2.358143417438034E-005 -1.599927610451844E-002
  1.597569467034409E-002
   1.51000000000000      -2.360290791517172E-005 -1.599964218345911E-002
  1.597603927554396E-002
   1.51500000000000      -2.362463999173066E-005 -1.599999927026069E-002
  1.597637463026895E-002
   1.52000000000000      -2.364544852466739E-005 -1.600034750035047E-002
  1.597670205182580E-002
   1.52500000000000      -2.366537072278217E-005 -1.600068723283864E-002
  1.597702186211582E-002
   1.53000000000000      -2.368567753756451E-005 -1.600101880579077E-002
  1.597733312825324E-002
   1.53500000000000      -2.370469052585494E-005 -1.600134169190929E-002
  1.597763700138339E-002
   1.54000000000000      -2.372312685619841E-005 -1.600165699383499E-002
  1.597793386697876E-002
   1.54500000000000      -2.374202374622035E-005 -1.600196470430200E-002
  1.597822268055574E-002
   1.55000000000000      -2.375998738699084E-005 -1.600226480137388E-002
  1.597850481398693E-002
   1.55500000000000      -2.377729497705338E-005 -1.600255751097835E-002
  1.597878021600137E-002
   1.56000000000000      -2.379396342900372E-005 -1.600284285974575E-002
  1.597904889631680E-002
   1.56500000000000      -2.381099579535735E-005 -1.600312123546313E-002
  1.597931023966766E-002
   1.57000000000000      -2.382740757040026E-005 -1.600339303985009E-002
  1.597956563227967E-002
   1.57500000000000      -2.384284794992583E-005 -1.600365805028810E-002
  1.597981520233820E-002
   1.58000000000000      -2.385819699493367E-005 -1.600391641956172E-002
  1.598005822256677E-002
   1.58500000000000      -2.387383884057916E-005 -1.600416862178912E-002
  1.598029478294846E-002
   1.59000000000000      -2.388778706510892E-005 -1.600441433303483E-002
  1.598052654596967E-002
   1.59500000000000      -2.390215618147204E-005 -1.600465427865675E-002
  1.598075212247526E-002
   1.60000000000000      -2.391610435749770E-005 -1.600488828554249E-002
  1.598097218118499E-002
   1.60500000000000      -2.393024467431537E-005 -1.600511657424741E-002
  1.598118632957303E-002
   1.61000000000000      -2.394361539286140E-005 -1.600533914549957E-002
  1.598139553010677E-002
   1.61500000000000      -2.395637442251614E-005 -1.600555628212989E-002
  1.598159990770739E-002
   1.62000000000000      -2.396919302895187E-005 -1.600576835325815E-002
  1.598179916022922E-002
   1.62500000000000      -2.398121023986673E-005 -1.600597511051986E-002
  1.598199390028003E-002
   1.63000000000000      -2.399309960956923E-005 -1.600617659081302E-002
  1.598218349120344E-002
   1.63500000000000      -2.400477148382394E-005 -1.600637318786456E-002
  1.598236841638069E-002
   1.64000000000000      -2.401678892892772E-005 -1.600656506066826E-002
  1.598254827173930E-002
   1.64500000000000      -2.402792938101684E-005 -1.600675216654597E-002
  1.598272423716490E-002
   1.65000000000000      -2.403857893587029E-005 -1.600693487407340E-002
  1.598289629513757E-002
   1.65500000000000      -2.404892857361716E-005 -1.600711267309047E-002
  1.598306374451686E-002
   1.66000000000000      -2.405941175028056E-005 -1.600728642389675E-002
  1.598322701214653E-002
   1.66500000000000      -2.407007621043838E-005 -1.600745597261577E-002
  1.598338589640530E-002
   1.67000000000000      -2.407940645886491E-005 -1.600762113530879E-002
  1.598354172884993E-002
   1.67500000000000      -2.408946870710142E-005 -1.600778236687181E-002
  1.598369289816471E-002
   1.68000000000000      -2.409830715723718E-005 -1.600793948112200E-002
  1.598384117396476E-002
   1.68500000000000      -2.410741258308460E-005 -1.600809273326970E-002
  1.598398532068657E-002
   1.69000000000000      -2.411720792885680E-005 -1.600824268715130E-002
  1.598412547922246E-002
   1.69500000000000      -2.412521001107927E-005 -1.600838857637204E-002
  1.598426336636102E-002
   1.70000000000000      -2.413363633842934E-005 -1.600853081096526E-002
  1.598439717462679E-002
   1.70500000000000      -2.414194858279086E-005 -1.600866974370417E-002
  1.598452779512152E-002
   1.71000000000000      -2.415056352410244E-005 -1.600880527565486E-002
  1.598465471213076E-002
   1.71500000000000      -2.415869874521800E-005 -1.600893764947768E-002
  1.598477895073258E-002
   1.72000000000000      -2.416625919385966E-005 -1.600906641121441E-002
  1.598490015202055E-002
   1.72500000000000      -2.417314079299024E-005 -1.600919198697167E-002
  1.598501884617862E-002
   1.73000000000000      -2.418116329876293E-005 -1.600931491295014E-002
  1.598513374965142E-002
   1.73500000000000      -2.418785058177598E-005 -1.600943441249369E-002
  1.598524656191197E-002
   1.74000000000000      -2.419493048189670E-005 -1.600955097820946E-002
  1.598535604772755E-002
   1.74500000000000      -2.420159068211033E-005 -1.600966503882576E-002
  1.598546344814361E-002
   1.75000000000000      -2.420850100110514E-005 -1.600977583350017E-002
  1.598556733249909E-002
   1.75500000000000      -2.421461594958502E-005 -1.600988433601036E-002
  1.598566972006080E-002
   1.76000000000000      -2.422127090021212E-005 -1.600998989202326E-002
  1.598576862112308E-002
   1.76500000000000      -2.422689277864361E-005 -1.601009289635451E-002
  1.598586600357592E-002
   1.77000000000000      -2.423345730069387E-005 -1.601019349203210E-002
  1.598596003473140E-002
   1.77500000000000      -2.423947705097693E-005 -1.601029165259894E-002
  1.598605217554797E-002
   1.78000000000000      -2.424523256840807E-005 -1.601038738656402E-002
  1.598614215399559E-002
   1.78500000000000      -2.425076670877471E-005 -1.601048068678253E-002
  1.598622992007380E-002
   1.79000000000000      -2.425584656202824E-005 -1.601057137358266E-002
  1.598631552702063E-002
   1.79500000000000      -2.426142840888944E-005 -1.601066046775778E-002
  1.598639903934885E-002
   1.80000000000000      -2.426636644637762E-005 -1.601074688060111E-002
  1.598648051415471E-002
   1.80500000000000      -2.427079612563480E-005 -1.601083125056453E-002
  1.598656045443887E-002
   1.81000000000000      -2.427577830051848E-005 -1.601091359856479E-002
  1.598663782026420E-002
   1.81500000000000      -2.428082017118611E-005 -1.601099426273727E-002
  1.598671344256603E-002
   1.82000000000000      -2.428563086191401E-005 -1.601107288176548E-002
  1.598678725090355E-002
   1.82500000000000      -2.429017947780754E-005 -1.601114925109065E-002
  1.598685907161287E-002
   1.83000000000000      -2.429523407501018E-005 -1.601122399227876E-002
  1.598692875820379E-002
   1.83500000000000      -2.429962616883913E-005 -1.601129687864771E-002
  1.598699725247893E-002
   1.84000000000000      -2.430370131747547E-005 -1.601136781040717E-002
  1.598706410908966E-002
   1.84500000000000      -2.430751723500511E-005 -1.601143676565823E-002
  1.598712924842313E-002
   1.85000000000000      -2.431182203596969E-005 -1.601150447368688E-002
  1.598719265165087E-002
   1.85500000000000      -2.431564926774784E-005 -1.601157031993933E-002
  1.598725467067159E-002
   1.86000000000000      -2.431952616711349E-005 -1.601163467454519E-002
  1.598731514837807E-002
   1.86500000000000      -2.432344324678602E-005 -1.601169741227880E-002
  1.598737396903208E-002
   1.87000000000000      -2.432655791350297E-005 -1.601175859484798E-002
  1.598743203693453E-002
   1.87500000000000      -2.433053853309251E-005 -1.601181836679680E-002
  1.598748782826362E-002
   1.88000000000000      -2.433344837491363E-005 -1.601187639872122E-002
  1.598754295034626E-002
   1.88500000000000      -2.433660877938713E-005 -1.601193294752031E-002
  1.598759633874091E-002
   1.89000000000000      -2.434008948569044E-005 -1.601198848585090E-002
  1.598764839636522E-002
   1.89500000000000      -2.434377043570165E-005 -1.601204240477284E-002
  1.598769863433719E-002
   1.90000000000000      -2.434711164012471E-005 -1.601209532115081E-002
  1.598774820951070E-002
   1.90500000000000      -2.434955333639997E-005 -1.601214656010842E-002
  1.598779700677204E-002
   1.91000000000000      -2.435294019899467E-005 -1.601219673023240E-002
  1.598784379003342E-002
   1.91500000000000      -2.435605427030482E-005 -1.601224579193002E-002
  1.598788973765970E-002
   1.92000000000000      -2.435886632969902E-005 -1.601229341980119E-002
  1.598793455347145E-002
   1.92500000000000      -2.436119511062974E-005 -1.601233995055725E-002
  1.598797875544661E-002
   1.93000000000000      -2.436423154531531E-005 -1.601238528022554E-002
  1.598802104868020E-002
   1.93500000000000      -2.436683107417162E-005 -1.601242954682516E-002
  1.598806271575111E-002
   1.94000000000000      -2.436892122825638E-005 -1.601247272014411E-002
  1.598810379891596E-002
   1.94500000000000      -2.437190702243826E-005 -1.601251488797351E-002
  1.598814298095101E-002
   1.95000000000000      -2.437447757973297E-005 -1.601255610487654E-002
  1.598818162729676E-002
   1.95500000000000      -2.437682440760224E-005 -1.601259612400369E-002
  1.598821929959610E-002
   1.96000000000000      -2.437886398811151E-005 -1.601263534519192E-002
  1.598825648120378E-002
   1.96500000000000      -2.438089994091581E-005 -1.601267343877028E-002
  1.598829253882931E-002
   1.97000000000000      -2.438375557705382E-005 -1.601271071791948E-002
  1.598832696234243E-002
   1.97500000000000      -2.438563223474457E-005 -1.601274674002567E-002
  1.598836110779090E-002
   1.98000000000000      -2.438804717327954E-005 -1.601278234774253E-002
  1.598839430056927E-002
   1.98500000000000      -2.439015433194044E-005 -1.601281698048315E-002
  1.598842682615121E-002
   1.99000000000000      -2.439211388097622E-005 -1.601285043357234E-002
  1.598845831969139E-002
   1.99500000000000      -2.439346516850642E-005 -1.601288340239280E-002
  1.598848993722429E-002
   2.00000000000000      -2.439556680237765E-005 -1.601291551165223E-002
  1.598851994484981E-002
   2.00500000000000      -2.439785645632609E-005 -1.601294689059963E-002
  1.598854903414329E-002
   2.01000000000000      -2.439957490087983E-005 -1.601297720365251E-002
  1.598857762875154E-002
   2.01500000000000      -2.440103367061912E-005 -1.601300706748929E-002
  1.598860603381867E-002
   2.02000000000000      -2.440317013891179E-005 -1.601303614611817E-002
  1.598863297597931E-002
   2.02500000000000      -2.440428198395059E-005 -1.601306443862392E-002
  1.598866015663995E-002
   2.03000000000000      -2.440597947471372E-005 -1.601309203156193E-002
  1.598868605208720E-002
   2.03500000000000      -2.440770110686958E-005 -1.601311911102098E-002
  1.598871140991418E-002
   2.04000000000000      -2.440923015651721E-005 -1.601314533479279E-002
  1.598873610463625E-002
   2.04500000000000      -2.441072530576479E-005 -1.601317092242404E-002
  1.598876019711825E-002
   2.05000000000000      -2.441262437044188E-005 -1.601319589155031E-002
  1.598878326717982E-002
   2.05500000000000      -2.441395780725522E-005 -1.601322043814364E-002
  1.598880648033647E-002
   2.06000000000000      -2.441498714949893E-005 -1.601324405419589E-002
  1.598882906704644E-002
   2.06500000000000      -2.441678989241042E-005 -1.601326714139399E-002
  1.598885035150166E-002
   2.07000000000000      -2.441829872051440E-005 -1.601328999313149E-002
  1.598887169441100E-002
   2.07500000000000      -2.441953523336121E-005 -1.601331195657854E-002
  1.598889242134516E-002
   2.08000000000000      -2.442040816960014E-005 -1.601333352188203E-002
  1.598891311371242E-002
   2.08500000000000      -2.442224726507771E-005 -1.601335472367852E-002
  1.598893247641350E-002
   2.09000000000000      -2.442293456925695E-005 -1.601337505745024E-002
  1.598895212288100E-002
   2.09500000000000      -2.442437782366697E-005 -1.601339493725022E-002
  1.598897055942661E-002
   2.10000000000000      -2.442543569278577E-005 -1.601341474258983E-002
  1.598898930689700E-002
   2.10500000000000      -2.442652781440668E-005 -1.601343347214908E-002
  1.598900694433471E-002
   2.11000000000000      -2.442800452588204E-005 -1.601345224795583E-002
  1.598902424342996E-002
   2.11500000000000      -2.442917288837866E-005 -1.601347018508420E-002
  1.598904101219586E-002
   2.12000000000000      -2.442992217787833E-005 -1.601348784514312E-002
  1.598905792296526E-002
   2.12500000000000      -2.443119198716707E-005 -1.601350524258691E-002
  1.598907405059981E-002
   2.13000000000000      -2.443178426021877E-005 -1.601352205689503E-002
  1.598909027263485E-002
   2.13500000000000      -2.443326793304548E-005 -1.601353840635923E-002
  1.598910513842612E-002
   2.14000000000000      -2.443428356852945E-005 -1.601355446876968E-002
  1.598912018520110E-002
   2.14500000000000      -2.443515508935737E-005 -1.601357014372809E-002
  1.598913498863874E-002
   2.15000000000000      -2.443600932262380E-005 -1.601358531353961E-002
  1.598914930421696E-002
   2.15500000000000      -2.443667438471545E-005 -1.601360023672045E-002
  1.598916356233576E-002
   2.16000000000000      -2.443763049358002E-005 -1.601361450982068E-002
  1.598917687932709E-002
   2.16500000000000      -2.443791319028012E-005 -1.601362853832902E-002
  1.598919062513873E-002
   2.17000000000000      -2.443928322840706E-005 -1.601364238357714E-002
  1.598920310034870E-002
   2.17500000000000      -2.443985402995181E-005 -1.601365610601994E-002
  1.598921625199008E-002
   2.18000000000000      -2.444042573505093E-005 -1.601366892926212E-002
  1.598922850352701E-002
   2.18500000000000      -2.444174084727126E-005 -1.601368182220414E-002
  1.598924008135685E-002
   2.19000000000000      -2.444216961575602E-005 -1.601369423273630E-002
  1.598925206312049E-002
   2.19500000000000      -2.444319765353204E-005 -1.601370645428967E-002
  1.598926325663607E-002
   2.20000000000000      -2.444400994988245E-005 -1.601371829206043E-002
  1.598927428211046E-002
   2.20500000000000      -2.444482252904289E-005 -1.601372998115604E-002
  1.598928515862699E-002
   2.21000000000000      -2.444542141533034E-005 -1.601374126472636E-002
  1.598929584331099E-002
   2.21500000000000      -2.444578449944684E-005 -1.601375207736414E-002
  1.598930629286476E-002
   2.22000000000000      -2.444656743410694E-005 -1.601376289733717E-002
  1.598931632990297E-002
   2.22500000000000      -2.444711457935971E-005 -1.601377336355660E-002
  1.598932624897732E-002
   2.23000000000000      -2.444752504345767E-005 -1.601378368287059E-002
  1.598933615782714E-002
   2.23500000000000      -2.444778060939983E-005 -1.601379357256648E-002
  1.598934579195697E-002
   2.24000000000000      -2.444875067543927E-005 -1.601380311632650E-002
  1.598935436565107E-002
   2.24500000000000      -2.444898689753277E-005 -1.601381277045100E-002
  1.598936378355335E-002
   2.25000000000000      -2.444975203423932E-005 -1.601382215809572E-002
  1.598937240606154E-002
   2.25500000000000      -2.445016823910663E-005 -1.601383117877600E-002
  1.598938101053684E-002
   2.26000000000000      -2.445067896117912E-005 -1.601383995550498E-002
  1.598938927654381E-002
   2.26500000000000      -2.445149449230654E-005 -1.601384841323695E-002
  1.598939691874465E-002
   2.27000000000000      -2.445170656071480E-005 -1.601385685974409E-002
  1.598940515318342E-002
   2.27500000000000      -2.445262392048666E-005 -1.601386497974707E-002
  1.598941235582667E-002
   2.28000000000000      -2.445327607064201E-005 -1.601387316076354E-002
  1.598941988469293E-002
   2.28500000000000      -2.445328786864139E-005 -1.601388091473106E-002
  1.598942762686242E-002
   2.29000000000000      -2.445403011362095E-005 -1.601388840437771E-002
  1.598943437426410E-002
   2.29500000000000      -2.445446057886019E-005 -1.601389579027107E-002
  1.598944132969216E-002
   2.30000000000000      -2.445502834716500E-005 -1.601390313405055E-002
  1.598944810570337E-002
   2.30500000000000      -2.445563056246833E-005 -1.601391033311303E-002
  1.598945470255055E-002
   2.31000000000000      -2.445564357097094E-005 -1.601391710696558E-002
  1.598946146339462E-002
   2.31500000000000      -2.445630983697195E-005 -1.601392379051234E-002
  1.598946748067531E-002
   2.32000000000000      -2.445642796477516E-005 -1.601393022804141E-002
  1.598947380007660E-002
   2.32500000000000      -2.445695005833965E-005 -1.601393659547134E-002
  1.598947964541298E-002
   2.33000000000000      -2.445728128950592E-005 -1.601394275678673E-002
  1.598948547549727E-002
   2.33500000000000      -2.445775738952477E-005 -1.601394895144365E-002
  1.598949119405423E-002
   2.34000000000000      -2.445774900955913E-005 -1.601395489243444E-002
  1.598949714342482E-002
   2.34500000000000      -2.445786644926528E-005 -1.601396050945903E-002
  1.598950264300979E-002
   2.35000000000000      -2.445839288670544E-005 -1.601396632591649E-002
  1.598950793302967E-002
   2.35500000000000      -2.445844048951467E-005 -1.601397150699263E-002
  1.598951306650309E-002
   2.36000000000000      -2.445933560247397E-005 -1.601397707150507E-002
  1.598951773590265E-002
   2.36500000000000      -2.445972644014179E-005 -1.601398228901313E-002
  1.598952256257302E-002
   2.37000000000000      -2.445945171132640E-005 -1.601398731646880E-002
  1.598952786475757E-002
   2.37500000000000      -2.445953347426320E-005 -1.601399216662328E-002
  1.598953263314898E-002
   2.38000000000000      -2.446062717645563E-005 -1.601399720769569E-002
  1.598953658051925E-002
   2.38500000000000      -2.446120127031077E-005 -1.601400215076041E-002
  1.598954094949020E-002
   2.39000000000000      -2.446077279709581E-005 -1.601400666272679E-002
  1.598954588992967E-002
   2.39500000000000      -2.446107959088780E-005 -1.601401118889185E-002
  1.598955010930095E-002
   2.40000000000000      -2.446185649579246E-005 -1.601401550593736E-002
  1.598955364944156E-002
   2.40500000000000      -2.446142634096204E-005 -1.601401963178442E-002
  1.598955820544344E-002
   2.41000000000000      -2.446175932950412E-005 -1.601402399801042E-002
  1.598956223868102E-002
   2.41500000000000      -2.446184598244033E-005 -1.601402789818414E-002
  1.598956605220173E-002
   2.42000000000000      -2.446255206402312E-005 -1.601403189294648E-002
  1.598956934088242E-002
   2.42500000000000      -2.446302012280342E-005 -1.601403594651665E-002
  1.598957292639394E-002
   2.43000000000000      -2.446292147093695E-005 -1.601403963249096E-002
  1.598957671102014E-002
   2.43500000000000      -2.446283309392003E-005 -1.601404325955510E-002
  1.598958042646114E-002
   2.44000000000000      -2.446366470385537E-005 -1.601404690872830E-002
  1.598958324402443E-002
   2.44500000000000      -2.446344450145622E-005 -1.601405056781730E-002
  1.598958712331586E-002
   2.45000000000000      -2.446350035833138E-005 -1.601405394126110E-002
  1.598959044090280E-002
   2.45500000000000      -2.446394027904350E-005 -1.601405741971579E-002
  1.598959347943677E-002
   2.46000000000000      -2.446405789783819E-005 -1.601406036376326E-002
  1.598959630586532E-002
   2.46500000000000      -2.446468694385470E-005 -1.601406371834172E-002
  1.598959903139797E-002
   2.47000000000000      -2.446468684218544E-005 -1.601406674725489E-002
  1.598960206041270E-002
   2.47500000000000      -2.446503395804576E-005 -1.601406986792420E-002
  1.598960483396620E-002
   2.48000000000000      -2.446485136193264E-005 -1.601407295517681E-002
  1.598960810381489E-002
   2.48500000000000      -2.446471396864402E-005 -1.601407559783743E-002
  1.598961088386873E-002
   2.49000000000000      -2.446506822502367E-005 -1.601407854272116E-002
  1.598961347449606E-002
   2.49500000000000      -2.446566455579960E-005 -1.601408128315630E-002
  1.598961561860051E-002
   2.50000000000000      -2.446568276637625E-005 -1.601408372102464E-002
  1.598961803825823E-002
