  5.000000000000000E-003 -2.181933432912744E-003
  1.000000000000000E-002 -4.265493926901641E-003
  1.500000000000000E-002 -6.254707820033769E-003
  2.000000000000000E-002 -8.142491414237380E-003
  2.500000000000000E-002 -9.939969574738182E-003
  3.000000000000000E-002 -1.164983542186072E-002
  3.500000000000000E-002 -1.327512786113895E-002
  4.000000000000000E-002 -1.481867424290438E-002
  4.500000000000000E-002 -1.628324627044749E-002
  5.000000000000000E-002 -1.767153872846873E-002
  5.500000000000000E-002 -1.898619024398704E-002
  6.000000000000000E-002 -2.022979459822160E-002
  6.500000000000000E-002 -2.140491283210550E-002
  7.000000000000001E-002 -2.251408288083674E-002
  7.500000000000000E-002 -2.355982654498699E-002
  8.000000000000000E-002 -2.454465350111083E-002
  8.500000000000001E-002 -2.547106221184927E-002
  9.000000000000000E-002 -2.634153819206901E-002
  9.500000000000000E-002 -2.715854990843984E-002
  0.100000000000000      -2.792454301723219E-002
  0.105000000000000      -2.864193337439047E-002
  0.110000000000000      -2.931309947411661E-002
  0.115000000000000      -2.994037479143355E-002
  0.120000000000000      -3.052604031584552E-002
  0.125000000000000      -3.107231774793446E-002
  0.130000000000000      -3.158136338410372E-002
  0.135000000000000      -3.205526302040496E-002
  0.140000000000000      -3.249602774398586E-002
  0.145000000000000      -3.290559080342154E-002
  0.150000000000000      -3.328580535177500E-002
  0.155000000000000      -3.363844311303174E-002
  0.160000000000000      -3.396519396592204E-002
  0.165000000000000      -3.426766600496976E-002
  0.170000000000000      -3.454738658438092E-002
  0.175000000000000      -3.480580350913011E-002
  0.180000000000000      -3.504428703326098E-002
  0.185000000000000      -3.526413188150866E-002
  0.190000000000000      -3.546655985274383E-002
  0.195000000000000      -3.565272238775197E-002
  0.200000000000000      -3.582370346528303E-002
  0.205000000000000      -3.598052244760490E-002
  0.210000000000000      -3.612413708379438E-002
  0.215000000000000      -3.625544653503678E-002
  0.220000000000000      -3.637529419716023E-002
  0.225000000000000      -3.648447080587491E-002
  0.230000000000000      -3.658371711854944E-002
  0.235000000000000      -3.667372683269093E-002
  0.240000000000000      -3.675514909389373E-002
  0.245000000000000      -3.682859128354802E-002
  0.250000000000000      -3.689462129731768E-002
  0.255000000000000      -3.695377008278888E-002
  0.260000000000000      -3.700653374008601E-002
  0.265000000000000      -3.705337575412761E-002
  0.270000000000000      -3.709472903647765E-002
  0.275000000000000      -3.713099770055766E-002
  0.280000000000000      -3.716255909240502E-002
  0.285000000000000      -3.718976531514798E-002
  0.290000000000000      -3.721294496166910E-002
  0.295000000000000      -3.723240451628402E-002
  0.300000000000000      -3.724842989997086E-002
  0.305000000000000      -3.726128771470901E-002
  0.310000000000000      -3.727122648446499E-002
  0.315000000000000      -3.727847797479515E-002
  0.320000000000000      -3.728325812005421E-002
  0.325000000000000      -3.728576812971472E-002
  0.330000000000000      -3.728619547721846E-002
  0.335000000000000      -3.728471475274457E-002
  0.340000000000000      -3.728148853652606E-002
  0.345000000000000      -3.727666824160251E-002
  0.350000000000000      -3.727039468557950E-002
  0.355000000000000      -3.726279896770803E-002
  0.360000000000000      -3.725400304679855E-002
  0.365000000000000      -3.724412029598337E-002
  0.370000000000000      -3.723325613501757E-002
  0.375000000000000      -3.722150851331750E-002
  0.380000000000000      -3.720896839196610E-002
  0.385000000000000      -3.719572033511918E-002
  0.390000000000000      -3.718184268789721E-002
  0.395000000000000      -3.716740825019467E-002
  0.400000000000000      -3.715248444896391E-002
  0.405000000000000      -3.713713380211843E-002
  0.410000000000000      -3.712141423852758E-002
  0.415000000000000      -3.710537926976806E-002
  0.420000000000000      -3.708907852433233E-002
  0.425000000000000      -3.707255778127675E-002
  0.430000000000000      -3.705585938259965E-002
  0.435000000000000      -3.703902231530654E-002
  0.440000000000000      -3.702208257645755E-002
  0.445000000000000      -3.700507332187278E-002
  0.450000000000000      -3.698802499562322E-002
  0.455000000000000      -3.697096558959749E-002
  0.460000000000000      -3.695392084683152E-002
  0.465000000000000      -3.693691425723634E-002
  0.470000000000000      -3.691996734580822E-002
  0.475000000000000      -3.690309981121663E-002
  0.480000000000000      -3.688632951446719E-002
  0.485000000000000      -3.686967274188101E-002
  0.490000000000000      -3.685314431271441E-002
  0.495000000000000      -3.683675754617721E-002
  0.500000000000000      -3.682052452718030E-002
  0.505000000000000      -3.680445609897245E-002
  0.510000000000000      -3.678856195762756E-002
  0.515000000000000      -3.677285073373936E-002
  0.520000000000000      -3.675733014460052E-002
  0.525000000000000      -3.674200693471642E-002
  0.530000000000000      -3.672688703496320E-002
  0.535000000000000      -3.671197555652825E-002
  0.540000000000000      -3.669727695166956E-002
  0.545000000000000      -3.668279498199347E-002
  0.550000000000000      -3.666853272741773E-002
  0.555000000000000      -3.665449279502626E-002
  0.560000000000000      -3.664067714929931E-002
  0.565000000000000      -3.662708737291435E-002
  0.570000000000000      -3.661372453595182E-002
  0.575000000000000      -3.660058928193126E-002
  0.580000000000000      -3.658768191794903E-002
  0.585000000000000      -3.657500237008479E-002
  0.590000000000000      -3.656255024752511E-002
  0.595000000000000      -3.655032486166810E-002
  0.600000000000000      -3.653832527583831E-002
  0.605000000000000      -3.652655022266906E-002
  0.610000000000000      -3.651499838579851E-002
  0.615000000000000      -3.650366803326122E-002
  0.620000000000000      -3.649255739586023E-002
  0.625000000000000      -3.648166446912250E-002
  0.630000000000000      -3.647098714135853E-002
  0.635000000000000      -3.646052315144897E-002
  0.640000000000000      -3.645027007021502E-002
  0.645000000000000      -3.644022541310223E-002
  0.650000000000000      -3.643038660801675E-002
  0.655000000000000      -3.642075096882631E-002
  0.660000000000000      -3.641131571915762E-002
  0.665000000000000      -3.640207809520419E-002
  0.670000000000000      -3.639303517145689E-002
  0.675000000000000      -3.638418409535402E-002
  0.680000000000000      -3.637552185627203E-002
  0.685000000000000      -3.636704552769440E-002
  0.690000000000000      -3.635875208290536E-002
  0.695000000000000      -3.635063850129321E-002
  0.700000000000000      -3.634270173640654E-002
  0.705000000000000      -3.633493878855408E-002
  0.710000000000000      -3.632734658708298E-002
  0.715000000000000      -3.631992209399464E-002
  0.720000000000000      -3.631266229190771E-002
  0.725000000000000      -3.630556413969048E-002
  0.730000000000000      -3.629862469338702E-002
  0.735000000000000      -3.629184087871917E-002
  0.740000000000000      -3.628520982219809E-002
  0.745000000000000      -3.627872848914981E-002
  0.750000000000000      -3.627239403904957E-002
  0.755000000000000      -3.626620352755636E-002
  0.760000000000000      -3.626015412944231E-002
  0.765000000000000      -3.625424297369027E-002
  0.770000000000000      -3.624846732453713E-002
  0.775000000000000      -3.624282434665305E-002
  0.780000000000000      -3.623731135177726E-002
  0.785000000000000      -3.623192566823157E-002
  0.790000000000000      -3.622666459069188E-002
  0.795000000000000      -3.622152552397287E-002
  0.800000000000000      -3.621650588013688E-002
  0.805000000000000      -3.621160317807535E-002
  0.810000000000000      -3.620681481588543E-002
  0.815000000000000      -3.620213841679613E-002
  0.820000000000000      -3.619757150476683E-002
  0.825000000000000      -3.619311174134305E-002
  0.830000000000000      -3.618875676122608E-002
  0.835000000000000      -3.618450427898878E-002
  0.840000000000000      -3.618035203070077E-002
  0.845000000000000      -3.617629778595435E-002
  0.850000000000000      -3.617233938229619E-002
  0.855000000000000      -3.616847469077921E-002
  0.860000000000000      -3.616470157982916E-002
  0.865000000000000      -3.616101802254130E-002
  0.870000000000000      -3.615742199417649E-002
  0.875000000000000      -3.615391149932057E-002
  0.880000000000000      -3.615048463477174E-002
  0.885000000000000      -3.614713943870069E-002
  0.890000000000000      -3.614387408024526E-002
  0.895000000000000      -3.614068675306750E-002
  0.900000000000000      -3.613757565796717E-002
  0.905000000000000      -3.613453898836540E-002
  0.910000000000000      -3.613157510451399E-002
  0.915000000000000      -3.612868225483206E-002
  0.920000000000000      -3.612585884664642E-002
  0.925000000000000      -3.612310326867788E-002
  0.930000000000000      -3.612041389272481E-002
  0.935000000000000      -3.611778919924262E-002
  0.940000000000000      -3.611522773841002E-002
  0.945000000000000      -3.611272791032172E-002
  0.950000000000000      -3.611028838642012E-002
  0.955000000000000      -3.610790768245256E-002
  0.960000000000000      -3.610558445069970E-002
  0.965000000000000      -3.610331728809433E-002
  0.970000000000000      -3.610110492560537E-002
  0.975000000000000      -3.609894607001351E-002
  0.980000000000000      -3.609683940934754E-002
  0.985000000000000      -3.609478373584194E-002
  0.990000000000000      -3.609277785390808E-002
  0.995000000000000      -3.609082054955443E-002
   1.00000000000000      -3.608891068096347E-002
   1.00500000000000      -3.608704710439314E-002
   1.01000000000000      -3.608522876411584E-002
   1.01500000000000      -3.608345454235646E-002
   1.02000000000000      -3.608172339841208E-002
   1.02500000000000      -3.608003427304117E-002
   1.03000000000000      -3.607838621544544E-002
   1.03500000000000      -3.607677818984767E-002
   1.04000000000000      -3.607520925572615E-002
   1.04500000000000      -3.607367851215220E-002
   1.05000000000000      -3.607218499620484E-002
   1.05500000000000      -3.607072781648259E-002
   1.06000000000000      -3.606930610563365E-002
   1.06500000000000      -3.606791902274564E-002
   1.07000000000000      -3.606656572167968E-002
   1.07500000000000      -3.606524539586130E-002
   1.08000000000000      -3.606395722508681E-002
   1.08500000000000      -3.606270048236850E-002
   1.09000000000000      -3.606147438761331E-002
   1.09500000000000      -3.606027816185635E-002
   1.10000000000000      -3.605911114012379E-002
   1.10500000000000      -3.605797257344852E-002
   1.11000000000000      -3.605686179391493E-002
   1.11500000000000      -3.605577813445641E-002
   1.12000000000000      -3.605472092773716E-002
   1.12500000000000      -3.605368952854992E-002
   1.13000000000000      -3.605268332903809E-002
   1.13500000000000      -3.605170168659211E-002
   1.14000000000000      -3.605074404547970E-002
   1.14500000000000      -3.604980979140116E-002
   1.15000000000000      -3.604889839065759E-002
   1.15500000000000      -3.604800923423997E-002
   1.16000000000000      -3.604714182572171E-002
   1.16500000000000      -3.604629563402428E-002
   1.17000000000000      -3.604547012004863E-002
   1.17500000000000      -3.604466480223296E-002
   1.18000000000000      -3.604387919404014E-002
   1.18500000000000      -3.604311274332545E-002
   1.19000000000000      -3.604236511624775E-002
   1.19500000000000      -3.604163572805141E-002
   1.20000000000000      -3.604092420312693E-002
   1.20500000000000      -3.604023010980573E-002
   1.21000000000000      -3.603955298177250E-002
   1.21500000000000      -3.603889242739519E-002
   1.22000000000000      -3.603824805420522E-002
   1.22500000000000      -3.603761944527512E-002
   1.23000000000000      -3.603700622272483E-002
   1.23500000000000      -3.603640802459159E-002
   1.24000000000000      -3.603582446249982E-002
   1.24500000000000      -3.603525522067660E-002
   1.25000000000000      -3.603469988157951E-002
   1.25500000000000      -3.603415817106562E-002
   1.26000000000000      -3.603362969928455E-002
   1.26500000000000      -3.603311420993194E-002
   1.27000000000000      -3.603261132104084E-002
   1.27500000000000      -3.603212078719267E-002
   1.28000000000000      -3.603164222133798E-002
   1.28500000000000      -3.603117539985341E-002
   1.29000000000000      -3.603072004606366E-002
   1.29500000000000      -3.603027582326574E-002
   1.30000000000000      -3.602984247906175E-002
   1.30500000000000      -3.602941977639008E-002
   1.31000000000000      -3.602900741541525E-002
   1.31500000000000      -3.602860517665100E-002
   1.32000000000000      -3.602821278214687E-002
   1.32500000000000      -3.602783001938338E-002
   1.33000000000000      -3.602745663779331E-002
   1.33500000000000      -3.602709240630270E-002
   1.34000000000000      -3.602673709213690E-002
   1.34500000000000      -3.602639048822298E-002
   1.35000000000000      -3.602605240672111E-002
   1.35500000000000      -3.602572258794947E-002
   1.36000000000000      -3.602540086139154E-002
   1.36500000000000      -3.602508702678628E-002
   1.37000000000000      -3.602478089034744E-002
   1.37500000000000      -3.602448224925920E-002
   1.38000000000000      -3.602419093672581E-002
   1.38500000000000      -3.602390677956164E-002
   1.39000000000000      -3.602362957997997E-002
   1.39500000000000      -3.602335918503058E-002
   1.40000000000000      -3.602309540629071E-002
   1.40500000000000      -3.602283810164753E-002
   1.41000000000000      -3.602258712999436E-002
   1.41500000000000      -3.602234228870967E-002
   1.42000000000000      -3.602210347977973E-002
   1.42500000000000      -3.602187048649290E-002
   1.43000000000000      -3.602164321459041E-002
   1.43500000000000      -3.602142154583867E-002
   1.44000000000000      -3.602120528721274E-002
   1.44500000000000      -3.602099435681913E-002
   1.45000000000000      -3.602078856736386E-002
   1.45500000000000      -3.602058786611618E-002
   1.46000000000000      -3.602039204624359E-002
   1.46500000000000      -3.602020105359460E-002
   1.47000000000000      -3.602001475545969E-002
   1.47500000000000      -3.601983300657422E-002
   1.48000000000000      -3.601965573523096E-002
   1.48500000000000      -3.601948278602608E-002
   1.49000000000000      -3.601931409391686E-002
   1.49500000000000      -3.601914954579632E-002
   1.50000000000000      -3.601898902674204E-002
   1.50500000000000      -3.601883245692657E-002
   1.51000000000000      -3.601867971456619E-002
   1.51500000000000      -3.601853071518910E-002
   1.52000000000000      -3.601838538480187E-002
   1.52500000000000      -3.601824362297246E-002
   1.53000000000000      -3.601810530150414E-002
   1.53500000000000      -3.601797043389722E-002
   1.54000000000000      -3.601783884196457E-002
   1.54500000000000      -3.601771046553968E-002
   1.55000000000000      -3.601758525669555E-002
   1.55500000000000      -3.601746311712992E-002
   1.56000000000000      -3.601734398267313E-002
   1.56500000000000      -3.601722775445249E-002
   1.57000000000000      -3.601711437343690E-002
   1.57500000000000      -3.601700379976224E-002
   1.58000000000000      -3.601689592705173E-002
   1.58500000000000      -3.601679068292236E-002
   1.59000000000000      -3.601668806953247E-002
   1.59500000000000      -3.601658792840576E-002
   1.60000000000000      -3.601649026487914E-002
   1.60500000000000      -3.601639498093550E-002
   1.61000000000000      -3.601630204119097E-002
   1.61500000000000      -3.601621139632317E-002
   1.62000000000000      -3.601612294966728E-002
   1.62500000000000      -3.601603669471947E-002
   1.63000000000000      -3.601595255590311E-002
   1.63500000000000      -3.601587047216804E-002
   1.64000000000000      -3.601579039606832E-002
   1.64500000000000      -3.601571229863645E-002
   1.65000000000000      -3.601563611160671E-002
   1.65500000000000      -3.601556180783716E-002
   1.66000000000000      -3.601548930091061E-002
   1.66500000000000      -3.601541858088069E-002
   1.67000000000000      -3.601534962156907E-002
   1.67500000000000      -3.601528231426193E-002
   1.68000000000000      -3.601521670407738E-002
   1.68500000000000      -3.601515267238332E-002
   1.69000000000000      -3.601509019026222E-002
   1.69500000000000      -3.601502929238931E-002
   1.70000000000000      -3.601496986771009E-002
   1.70500000000000      -3.601491189922845E-002
   1.71000000000000      -3.601485534027998E-002
   1.71500000000000      -3.601480017065437E-002
   1.72000000000000      -3.601474637785662E-002
   1.72500000000000      -3.601469390732533E-002
   1.73000000000000      -3.601464268256756E-002
   1.73500000000000      -3.601459276590232E-002
   1.74000000000000      -3.601454403891199E-002
   1.74500000000000      -3.601449651802584E-002
   1.75000000000000      -3.601445017063577E-002
   1.75500000000000      -3.601440495005551E-002
   1.76000000000000      -3.601436084147794E-002
   1.76500000000000      -3.601431783515687E-002
   1.77000000000000      -3.601427584719332E-002
   1.77500000000000      -3.601423490647421E-002
   1.78000000000000      -3.601419496932991E-002
   1.78500000000000      -3.601415601631945E-002
   1.79000000000000      -3.601411803921862E-002
   1.79500000000000      -3.601408094558996E-002
   1.80000000000000      -3.601404480907485E-002
   1.80500000000000      -3.601400955239425E-002
   1.81000000000000      -3.601397514406493E-002
   1.81500000000000      -3.601394157104382E-002
   1.82000000000000      -3.601390883301391E-002
   1.82500000000000      -3.601387690169201E-002
   1.83000000000000      -3.601384573229420E-002
   1.83500000000000      -3.601381535435434E-002
   1.84000000000000      -3.601378571919844E-002
   1.84500000000000      -3.601375681989281E-002
   1.85000000000000      -3.601372860541759E-002
   1.85500000000000      -3.601370110303100E-002
   1.86000000000000      -3.601367425775216E-002
   1.86500000000000      -3.601364807923265E-002
   1.87000000000000      -3.601362255637889E-002
   1.87500000000000      -3.601359763283494E-002
   1.88000000000000      -3.601357335815319E-002
   1.88500000000000      -3.601354966361266E-002
   1.89000000000000      -3.601352653066350E-002
   1.89500000000000      -3.601350397821221E-002
   1.90000000000000      -3.601348197543885E-002
   1.90500000000000      -3.601346053119568E-002
   1.91000000000000      -3.601343958774521E-002
   1.91500000000000      -3.601341915971046E-002
   1.92000000000000      -3.601339925343446E-002
   1.92500000000000      -3.601337982814729E-002
   1.93000000000000      -3.601336087341139E-002
   1.93500000000000      -3.601334239091464E-002
   1.94000000000000      -3.601332436656608E-002
   1.94500000000000      -3.601330676066927E-002
   1.95000000000000      -3.601328959773464E-002
   1.95500000000000      -3.601327286527144E-002
   1.96000000000000      -3.601325653188924E-002
   1.96500000000000      -3.601324062158025E-002
   1.97000000000000      -3.601322506485205E-002
   1.97500000000000      -3.601320993403209E-002
   1.98000000000000      -3.601319513130487E-002
   1.98500000000000      -3.601318071396108E-002
   1.99000000000000      -3.601316666009977E-002
   1.99500000000000      -3.601315294104092E-002
   2.00000000000000      -3.601313955041768E-002
   2.00500000000000      -3.601312648450972E-002
   2.01000000000000      -3.601311376218514E-002
   2.01500000000000      -3.601310133767305E-002
   2.02000000000000      -3.601308920734582E-002
   2.02500000000000      -3.601307740428344E-002
   2.03000000000000      -3.601306587065383E-002
   2.03500000000000      -3.601305461158001E-002
   2.04000000000000      -3.601304364825830E-002
   2.04500000000000      -3.601303294908476E-002
   2.05000000000000      -3.601302249538087E-002
   2.05500000000000      -3.601301231981457E-002
   2.06000000000000      -3.601300239750188E-002
   2.06500000000000      -3.601299269656424E-002
   2.07000000000000      -3.601298323839357E-002
   2.07500000000000      -3.601297402966142E-002
   2.08000000000000      -3.601296503795901E-002
   2.08500000000000      -3.601295624311714E-002
   2.09000000000000      -3.601294771044870E-002
   2.09500000000000      -3.601293934986600E-002
   2.10000000000000      -3.601293120008044E-002
   2.10500000000000      -3.601292327647213E-002
   2.11000000000000      -3.601291550165835E-002
   2.11500000000000      -3.601290796166146E-002
   2.12000000000000      -3.601290058325851E-002
   2.12500000000000      -3.601289338447058E-002
   2.13000000000000      -3.601288638334846E-002
   2.13500000000000      -3.601287952512278E-002
   2.14000000000000      -3.601287284759948E-002
   2.14500000000000      -3.601286633548637E-002
   2.15000000000000      -3.601285998714697E-002
   2.15500000000000      -3.601285379149221E-002
   2.16000000000000      -3.601284775469049E-002
   2.16500000000000      -3.601284187242042E-002
   2.17000000000000      -3.601283610231519E-002
   2.17500000000000      -3.601283049259967E-002
   2.18000000000000      -3.601282503216097E-002
   2.18500000000000      -3.601281967630849E-002
   2.19000000000000      -3.601281449083715E-002
   2.19500000000000      -3.601280939241834E-002
   2.20000000000000      -3.601280444305087E-002
   2.20500000000000      -3.601279960406283E-002
   2.21000000000000      -3.601279489433569E-002
   2.21500000000000      -3.601279030656886E-002
   2.22000000000000      -3.601278580904750E-002
   2.22500000000000      -3.601278144155993E-002
   2.23000000000000      -3.601277716785557E-002
   2.23500000000000      -3.601277302358410E-002
   2.24000000000000      -3.601276895456166E-002
   2.24500000000000      -3.601276499732537E-002
   2.25000000000000      -3.601276111720140E-002
   2.25500000000000      -3.601275735764673E-002
   2.26000000000000      -3.601275367767752E-002
   2.26500000000000      -3.601275008939474E-002
   2.27000000000000      -3.601274659672304E-002
   2.27500000000000      -3.601274317311826E-002
   2.28000000000000      -3.601273983825173E-002
   2.28500000000000      -3.601273660057376E-002
   2.29000000000000      -3.601273342656817E-002
   2.29500000000000      -3.601273034246479E-002
   2.30000000000000      -3.601272731507960E-002
   2.30500000000000      -3.601272437095786E-002
   2.31000000000000      -3.601272151857417E-002
   2.31500000000000      -3.601271870405554E-002
   2.32000000000000      -3.601271599629313E-002
   2.32500000000000      -3.601271332482960E-002
   2.33000000000000      -3.601271073248174E-002
   2.33500000000000      -3.601270818772420E-002
   2.34000000000000      -3.601270573161967E-002
   2.34500000000000      -3.601270332263493E-002
   2.35000000000000      -3.601270096211456E-002
   2.35500000000000      -3.601269869269531E-002
   2.36000000000000      -3.601269642865922E-002
   2.36500000000000      -3.601269424822067E-002
   2.37000000000000      -3.601269213296131E-002
   2.37500000000000      -3.601269005824781E-002
   2.38000000000000      -3.601268800791924E-002
   2.38500000000000      -3.601268602864188E-002
   2.39000000000000      -3.601268412032366E-002
   2.39500000000000      -3.601268223225212E-002
   2.40000000000000      -3.601268039394379E-002
   2.40500000000000      -3.601267863068788E-002
   2.41000000000000      -3.601267686412241E-002
   2.41500000000000      -3.601267518113661E-002
   2.42000000000000      -3.601267350152056E-002
   2.42500000000000      -3.601267187789226E-002
   2.43000000000000      -3.601267031195603E-002
   2.43500000000000      -3.601266877415705E-002
   2.44000000000000      -3.601266725481839E-002
   2.44500000000000      -3.601266579562360E-002
   2.45000000000000      -3.601266436902031E-002
   2.45500000000000      -3.601266295982031E-002
   2.46000000000000      -3.601266162292055E-002
   2.46500000000000      -3.601266026593899E-002
   2.47000000000000      -3.601265898816498E-002
   2.47500000000000      -3.601265771607240E-002
   2.48000000000000      -3.601265648495480E-002
   2.48500000000000      -3.601265529552448E-002
   2.49000000000000      -3.601265410868090E-002
   2.49500000000000      -3.601265296452494E-002
   2.50000000000000      -3.601265185754794E-002
