  5.000000000000000E-003  0.723592173168338      -1.753686773487369E-002
  1.000000000000000E-002  0.723592173168338      -3.435456851750684E-002
  1.500000000000000E-002  0.723592173168338      -5.047654330843310E-002
  2.000000000000000E-002  0.723592173168338      -6.586138567138539E-002
  2.500000000000000E-002  0.723592173168338      -8.058010502735870E-002
  3.000000000000000E-002  0.723592173168338      -9.465444314027756E-002
  3.500000000000000E-002  0.723592173168338      -0.108105420949475     
  4.000000000000000E-002  0.723592173168338      -0.120953397821845     
  4.500000000000000E-002  0.723592173168338      -0.133218146343474     
  5.000000000000000E-002  0.723592173168338      -0.144918934175282     
  5.500000000000000E-002  0.723592173168338      -0.156074610844811     
  6.000000000000000E-002  0.723592173168338      -0.166703693042481     
  6.500000000000000E-002  0.723592173168338      -0.176824442035951     
  7.000000000000001E-002  0.723592173168338      -0.186454927477564     
  7.500000000000000E-002  0.723592173168338      -0.195613073587388     
  8.000000000000000E-002  0.723592173168338      -0.204316685773078     
  8.500000000000001E-002  0.723592173168338      -0.212583457784404     
  9.000000000000000E-002  0.723592173168338      -0.220430961178957     
  9.500000000000000E-002  0.723592173168338      -0.227876620036311     
  0.100000000000000       0.723592173168338      -0.234937674486735     
  0.105000000000000       0.723592173168338      -0.241631136778412     
  0.110000000000000       0.723592173168338      -0.247973743410926     
  0.115000000000000       0.723592173168338      -0.253981906431711     
  0.120000000000000       0.723592173168338      -0.259671666431300     
  0.125000000000000       0.723592173168338      -0.265058649179658     
  0.130000000000000       0.723592173168338      -0.270158027265652     
  0.135000000000000       0.723592173168338      -0.274984487590735     
  0.140000000000000       0.723592173168338      -0.279552205129130     
  0.145000000000000       0.723592173168338      -0.283874823022211     
  0.150000000000000       0.723592173168338      -0.287965438808380     
  0.155000000000000       0.723592173168338      -0.291836596402994     
  0.160000000000000       0.723592173168338      -0.295500283319460     
  0.165000000000000       0.723592173168338      -0.298967932549530     
  0.170000000000000       0.723592173168338      -0.302250428496188     
  0.175000000000000       0.723592173168338      -0.305358116346306     
  0.180000000000000       0.723592173168338      -0.308300814303304     
  0.185000000000000       0.723592173168338      -0.311087828128432     
  0.190000000000000       0.723592173168338      -0.313727967495654     
  0.195000000000000       0.723592173168338      -0.316229563710513     
  0.200000000000000       0.723592173168338      -0.318600488400426     
  0.205000000000000       0.723592173168338      -0.320848172834831     
  0.210000000000000       0.723592173168338      -0.322979627583218     
  0.215000000000000       0.723592173168338      -0.325001462267158     
  0.220000000000000       0.723592173168338      -0.326919905199147     
  0.225000000000000       0.723592173168338      -0.328740822747052     
  0.230000000000000       0.723592173168338      -0.330469738285884     
  0.235000000000000       0.723592173168338      -0.332111850637403     
  0.240000000000000       0.723592173168338      -0.333672051913594     
  0.245000000000000       0.723592173168338      -0.335154944711138     
  0.250000000000000       0.723592173168338      -0.336564858610741     
  0.255000000000000       0.723592173168338      -0.337905865961854     
  0.260000000000000       0.723592173168338      -0.339181796934573     
  0.265000000000000       0.723592173168338      -0.340396253840294     
  0.270000000000000       0.723592173168338      -0.341552624724278     
  0.275000000000000       0.723592173168338      -0.342654096240991     
  0.280000000000000       0.723592173168338      -0.343703665833137     
  0.285000000000000       0.723592173168338      -0.344704153230286     
  0.290000000000000       0.723592173168338      -0.345658211294426     
  0.295000000000000       0.723592173168338      -0.346568336235636     
  0.300000000000000       0.723592173168338      -0.347436877227448     
  0.305000000000000       0.723592173168338      -0.348266045446369     
  0.310000000000000       0.723592173168338      -0.349057922566342     
  0.315000000000000       0.723592173168338      -0.349814468735279     
  0.320000000000000       0.723592173168338      -0.350537530059839     
  0.325000000000000       0.723592173168338      -0.351228845627197     
  0.330000000000000       0.723592173168338      -0.351890054089821     
  0.335000000000000       0.723592173168338      -0.352522699836940     
  0.340000000000000       0.723592173168338      -0.353128238779240     
  0.345000000000000       0.723592173168338      -0.353708043768691     
  0.350000000000000       0.723592173168338      -0.354263409674800     
  0.355000000000000       0.723592173168338      -0.354795558142240     
  0.360000000000000       0.723592173168338      -0.355305642044576     
  0.365000000000000       0.723592173168338      -0.355794749657269     
  0.370000000000000       0.723592173168338      -0.356263908565479     
  0.375000000000000       0.723592173168338      -0.356714089325024     
  0.380000000000000       0.723592173168338      -0.357146208890649     
  0.385000000000000       0.723592173168338      -0.357561133829185     
  0.390000000000000       0.723592173168338      -0.357959683327137     
  0.395000000000000       0.723592173168338      -0.358342632011926     
  0.400000000000000       0.723592173168338      -0.358710712592917     
  0.405000000000000       0.723592173168338      -0.359064618338120     
  0.410000000000000       0.723592173168338      -0.359405005396023     
  0.415000000000000       0.723592173168338      -0.359732494970174     
  0.420000000000000       0.723592173168338      -0.360047675361700     
  0.425000000000000       0.723592173168338      -0.360351103882107     
  0.430000000000000       0.723592173168338      -0.360643308648687     
  0.435000000000000       0.723592173168338      -0.360924790268611     
  0.440000000000000       0.723592173168338      -0.361196023420364     
  0.445000000000000       0.723592173168338      -0.361457458336841     
  0.450000000000000       0.723592173168338      -0.361709522198181     
  0.455000000000000       0.723592173168338      -0.361952620439979     
  0.460000000000000       0.723592173168338      -0.362187137982247     
  0.465000000000000       0.723592173168338      -0.362413440382237     
  0.470000000000000       0.723592173168338      -0.362631874920114     
  0.475000000000000       0.723592173168338      -0.362842771617703     
  0.480000000000000       0.723592173168338      -0.363046444196552     
  0.485000000000000       0.723592173168338      -0.363243190979054     
  0.490000000000000       0.723592173168338      -0.363433295736204     
  0.495000000000000       0.723592173168338      -0.363617028483574     
  0.500000000000000       0.723592173168338      -0.363794646232668     
  0.505000000000000       0.723592173168338      -0.363966393695982     
  0.510000000000000       0.723592173168338      -0.364132503951664     
  0.515000000000000       0.723592173168338      -0.364293199069139     
  0.520000000000000       0.723592173168338      -0.364448690698751     
  0.525000000000000       0.723592173168338      -0.364599180626279     
  0.530000000000000       0.723592173168338      -0.364744861296020     
  0.535000000000000       0.723592173168338      -0.364885916303886     
  0.540000000000000       0.723592173168338      -0.365022520861617     
  0.545000000000000       0.723592173168338      -0.365154842235653     
  0.550000000000000       0.723592173168338      -0.365283040158717     
  0.555000000000000       0.723592173168338      -0.365407267220981     
  0.560000000000000       0.723592173168338      -0.365527669236273     
  0.565000000000000       0.723592173168338      -0.365644385590435     
  0.570000000000000       0.723592173168338      -0.365757549567485     
  0.575000000000000       0.723592173168338      -0.365867288659197     
  0.580000000000000       0.723592173168338      -0.365973724857377     
  0.585000000000000       0.723592173168338      -0.366076974928636     
  0.590000000000000       0.723592173168338      -0.366177150676141     
  0.595000000000000       0.723592173168338      -0.366274359184241     
  0.600000000000000       0.723592173168338      -0.366368703052488     
  0.605000000000000       0.723592173168338      -0.366460280613925     
  0.610000000000000       0.723592173168338      -0.366549186145234     
  0.615000000000000       0.723592173168338      -0.366635510060716     
  0.620000000000000       0.723592173168338      -0.366719339100521     
  0.625000000000000       0.723592173168338      -0.366800756505603     
  0.630000000000000       0.723592173168338      -0.366879842184596     
  0.635000000000000       0.723592173168338      -0.366956672871064     
  0.640000000000000       0.723592173168338      -0.367031322273503     
  0.645000000000000       0.723592173168338      -0.367103861216189     
  0.650000000000000       0.723592173168338      -0.367174357773574     
  0.655000000000000       0.723592173168338      -0.367242877396590     
  0.660000000000000       0.723592173168338      -0.367309483033643     
  0.665000000000000       0.723592173168338      -0.367374235244444     
  0.670000000000000       0.723592173168338      -0.367437192307358     
  0.675000000000000       0.723592173168338      -0.367498410323375     
  0.680000000000000       0.723592173168338      -0.367557943312029     
  0.685000000000000       0.723592173168338      -0.367615843304707     
  0.690000000000000       0.723592173168338      -0.367672160431595     
  0.695000000000000       0.723592173168338      -0.367726943005202     
  0.700000000000000       0.723592173168338      -0.367780237599170     
  0.705000000000000       0.723592173168338      -0.367832089123776     
  0.710000000000000       0.723592173168338      -0.367882540896367     
  0.715000000000000       0.723592173168338      -0.367931634709879     
  0.720000000000000       0.723592173168338      -0.367979410896783     
  0.725000000000000       0.723592173168338      -0.368025908390709     
  0.730000000000000       0.723592173168338      -0.368071164784505     
  0.735000000000000       0.723592173168338      -0.368115216385218     
  0.740000000000000       0.723592173168338      -0.368158098267855     
  0.745000000000000       0.723592173168338      -0.368199844324380     
  0.750000000000000       0.723592173168338      -0.368240487312620     
  0.755000000000000       0.723592173168338      -0.368280058900954     
  0.760000000000000       0.723592173168338      -0.368318589712276     
  0.765000000000000       0.723592173168338      -0.368356109364815     
  0.770000000000000       0.723592173168338      -0.368392646512354     
  0.775000000000000       0.723592173168338      -0.368428228880460     
  0.780000000000000       0.723592173168338      -0.368462883303820     
  0.785000000000000       0.723592173168338      -0.368496635759649     
  0.790000000000000       0.723592173168338      -0.368529511400366     
  0.795000000000000       0.723592173168338      -0.368561534584468     
  0.800000000000000       0.723592173168338      -0.368592728907422     
  0.805000000000000       0.723592173168338      -0.368623117228976     
  0.810000000000000       0.723592173168338      -0.368652721700289     
  0.815000000000000       0.723592173168338      -0.368681563791149     
  0.820000000000000       0.723592173168338      -0.368709664312982     
  0.825000000000000       0.723592173168338      -0.368737043444500     
  0.830000000000000       0.723592173168338      -0.368763720752959     
  0.835000000000000       0.723592173168338      -0.368789715216553     
  0.840000000000000       0.723592173168338      -0.368815045245102     
  0.845000000000000       0.723592173168338      -0.368839728699900     
  0.850000000000000       0.723592173168338      -0.368863782913418     
  0.855000000000000       0.723592173168338      -0.368887224706352     
  0.860000000000000       0.723592173168338      -0.368910070406445     
  0.865000000000000       0.723592173168338      -0.368932335864664     
  0.870000000000000       0.723592173168338      -0.368954036471579     
  0.875000000000000       0.723592173168338      -0.368975187172194     
  0.880000000000000       0.723592173168338      -0.368995802482147     
  0.885000000000000       0.723592173168338      -0.369015896500201     
  0.890000000000000       0.723592173168338      -0.369035482923573     
  0.895000000000000       0.723592173168338      -0.369054575060431     
  0.900000000000000       0.723592173168338      -0.369073185842016     
  0.905000000000000       0.723592173168338      -0.369091327835233     
  0.910000000000000       0.723592173168338      -0.369109013255238     
  0.915000000000000       0.723592173168338      -0.369126253974556     
  0.920000000000000       0.723592173168338      -0.369143061536513     
  0.925000000000000       0.723592173168338      -0.369159447163224     
  0.930000000000000       0.723592173168338      -0.369175421766919     
  0.935000000000000       0.723592173168338      -0.369190995959380     
  0.940000000000000       0.723592173168338      -0.369206180061793     
  0.945000000000000       0.723592173168338      -0.369220984111530     
  0.950000000000000       0.723592173168338      -0.369235417874217     
  0.955000000000000       0.723592173168338      -0.369249490848444     
  0.960000000000000       0.723592173168338      -0.369263212276653     
  0.965000000000000       0.723592173168338      -0.369276591151129     
  0.970000000000000       0.723592173168338      -0.369289636222038     
  0.975000000000000       0.723592173168338      -0.369302356005126     
  0.980000000000000       0.723592173168338      -0.369314758787315     
  0.985000000000000       0.723592173168338      -0.369326852634871     
  0.990000000000000       0.723592173168338      -0.369338645399308     
  0.995000000000000       0.723592173168338      -0.369350144722846     
   1.00000000000000       0.723592173168338      -0.369361358046097     
   1.00500000000000       0.723592173168338      -0.369372292612577     
   1.01000000000000       0.723592173168338      -0.369382955474986     
   1.01500000000000       0.723592173168338      -0.369393353500349     
   1.02000000000000       0.723592173168338      -0.369403493375274     
   1.02500000000000       0.723592173168338      -0.369413381611617     
   1.03000000000000       0.723592173168338      -0.369423024550790     
   1.03500000000000       0.723592173168338      -0.369432428368801     
   1.04000000000000       0.723592173168338      -0.369441599080965     
   1.04500000000000       0.723592173168338      -0.369450542546329     
   1.05000000000000       0.723592173168338      -0.369459264471978     
   1.05500000000000       0.723592173168338      -0.369467770416831     
   1.06000000000000       0.723592173168338      -0.369476065796857     
   1.06500000000000       0.723592173168338      -0.369484155888090     
   1.07000000000000       0.723592173168338      -0.369492045830087     
   1.07500000000000       0.723592173168338      -0.369499740631309     
   1.08000000000000       0.723592173168338      -0.369507245170542     
   1.08500000000000       0.723592173168338      -0.369514564202326     
   1.09000000000000       0.723592173168338      -0.369521702359232     
   1.09500000000000       0.723592173168338      -0.369528664154859     
   1.10000000000000       0.723592173168338      -0.369535453988625     
   1.10500000000000       0.723592173168338      -0.369542076146829     
   1.11000000000000       0.723592173168338      -0.369548534807287     
   1.11500000000000       0.723592173168338      -0.369554834041231     
   1.12000000000000       0.723592173168338      -0.369560977816640     
   1.12500000000000       0.723592173168338      -0.369566970000693     
   1.13000000000000       0.723592173168338      -0.369572814362683     
   1.13500000000000       0.723592173168338      -0.369578514576417     
   1.14000000000000       0.723592173168338      -0.369584074222987     
   1.14500000000000       0.723592173168338      -0.369589496792751     
   1.15000000000000       0.723592173168338      -0.369594785688156     
   1.15500000000000       0.723592173168338      -0.369599944225747     
   1.16000000000000       0.723592173168338      -0.369604975638492     
   1.16500000000000       0.723592173168338      -0.369609883078542     
   1.17000000000000       0.723592173168338      -0.369614669617928     
   1.17500000000000       0.723592173168338      -0.369619338252083     
   1.18000000000000       0.723592173168338      -0.369623891901072     
   1.18500000000000       0.723592173168338      -0.369628333411500     
   1.19000000000000       0.723592173168338      -0.369632665559338     
   1.19500000000000       0.723592173168338      -0.369636891050134     
   1.20000000000000       0.723592173168338      -0.369641012522217     
   1.20500000000000       0.723592173168338      -0.369645032547998     
   1.21000000000000       0.723592173168338      -0.369648953635234     
   1.21500000000000       0.723592173168338      -0.369652778229206     
   1.22000000000000       0.723592173168338      -0.369656508714443     
   1.22500000000000       0.723592173168338      -0.369660147415528     
   1.23000000000000       0.723592173168338      -0.369663696599205     
   1.23500000000000       0.723592173168338      -0.369667158476086     
   1.24000000000000       0.723592173168338      -0.369670535201005     
   1.24500000000000       0.723592173168338      -0.369673828876098     
   1.25000000000000       0.723592173168338      -0.369677041550097     
   1.25500000000000       0.723592173168338      -0.369680175221877     
   1.26000000000000       0.723592173168338      -0.369683231839807     
   1.26500000000000       0.723592173168338      -0.369686213304472     
   1.27000000000000       0.723592173168338      -0.369689121468526     
   1.27500000000000       0.723592173168338      -0.369691958139408     
   1.28000000000000       0.723592173168338      -0.369694725079009     
   1.28500000000000       0.723592173168338      -0.369697424005932     
   1.29000000000000       0.723592173168338      -0.369700056596466     
   1.29500000000000       0.723592173168338      -0.369702624484435     
   1.30000000000000       0.723592173168338      -0.369705129263938     
   1.30500000000000       0.723592173168338      -0.369707572489387     
   1.31000000000000       0.723592173168338      -0.369709955676609     
   1.31500000000000       0.723592173168338      -0.369712280304000     
   1.32000000000000       0.723592173168338      -0.369714547813296     
   1.32500000000000       0.723592173168338      -0.369716759610792     
   1.33000000000000       0.723592173168338      -0.369718917067643     
   1.33500000000000       0.723592173168338      -0.369721021521377     
   1.34000000000000       0.723592173168338      -0.369723074276248     
   1.34500000000000       0.723592173168338      -0.369725076604623     
   1.35000000000000       0.723592173168338      -0.369727029747038     
   1.35500000000000       0.723592173168338      -0.369728934913536     
   1.36000000000000       0.723592173168338      -0.369730793284545     
   1.36500000000000       0.723592173168338      -0.369732606010867     
   1.37000000000000       0.723592173168338      -0.369734374215401     
   1.37500000000000       0.723592173168338      -0.369736098992786     
   1.38000000000000       0.723592173168338      -0.369737781411243     
   1.38500000000000       0.723592173168338      -0.369739422512179     
   1.39000000000000       0.723592173168338      -0.369741023311696     
   1.39500000000000       0.723592173168338      -0.369742584800243     
   1.40000000000000       0.723592173168338      -0.369744107944508     
   1.40500000000000       0.723592173168338      -0.369745593687146     
   1.41000000000000       0.723592173168338      -0.369747042947363     
   1.41500000000000       0.723592173168338      -0.369748456621964     
   1.42000000000000       0.723592173168338      -0.369749835585630     
   1.42500000000000       0.723592173168338      -0.369751180691029     
   1.43000000000000       0.723592173168338      -0.369752492770600     
   1.43500000000000       0.723592173168338      -0.369753772635911     
   1.44000000000000       0.723592173168338      -0.369755021078365     
   1.44500000000000       0.723592173168338      -0.369756238870253     
   1.45000000000000       0.723592173168338      -0.369757426764326     
   1.45500000000000       0.723592173168338      -0.369758585495566     
   1.46000000000000       0.723592173168338      -0.369759715780050     
   1.46500000000000       0.723592173168338      -0.369760818316813     
   1.47000000000000       0.723592173168338      -0.369761893787531     
   1.47500000000000       0.723592173168338      -0.369762942856947     
   1.48000000000000       0.723592173168338      -0.369763966173549     
   1.48500000000000       0.723592173168338      -0.369764964369964     
   1.49000000000000       0.723592173168338      -0.369765938063203     
   1.49500000000000       0.723592173168338      -0.369766887855063     
   1.50000000000000       0.723592173168338      -0.369767814332539     
   1.50500000000000       0.723592173168338      -0.369768718068326     
   1.51000000000000       0.723592173168338      -0.369769599620648     
   1.51500000000000       0.723592173168338      -0.369770459534540     
   1.52000000000000       0.723592173168338      -0.369771298341310     
   1.52500000000000       0.723592173168338      -0.369772116559210     
   1.53000000000000       0.723592173168338      -0.369772914693801     
   1.53500000000000       0.723592173168338      -0.369773693238581     
   1.54000000000000       0.723592173168338      -0.369774452673974     
   1.54500000000000       0.723592173168338      -0.369775193469509     
   1.55000000000000       0.723592173168338      -0.369775916082840     
   1.55500000000000       0.723592173168338      -0.369776620960386     
   1.56000000000000       0.723592173168338      -0.369777308537698     
   1.56500000000000       0.723592173168338      -0.369777979239365     
   1.57000000000000       0.723592173168338      -0.369778633479584     
   1.57500000000000       0.723592173168338      -0.369779271662832     
   1.58000000000000       0.723592173168338      -0.369779894183125     
   1.58500000000000       0.723592173168338      -0.369780501424947     
   1.59000000000000       0.723592173168338      -0.369781093763595     
   1.59500000000000       0.723592173168338      -0.369781671564514     
   1.60000000000000       0.723592173168338      -0.369782235184964     
   1.60500000000000       0.723592173168338      -0.369782784972845     
   1.61000000000000       0.723592173168338      -0.369783321267895     
   1.61500000000000       0.723592173168338      -0.369783844401141     
   1.62000000000000       0.723592173168338      -0.369784354695630     
   1.62500000000000       0.723592173168338      -0.369784852466730     
   1.63000000000000       0.723592173168338      -0.369785338021800     
   1.63500000000000       0.723592173168338      -0.369785811660568     
   1.64000000000000       0.723592173168338      -0.369786273675620     
   1.64500000000000       0.723592173168338      -0.369786724352244     
   1.65000000000000       0.723592173168338      -0.369787163968605     
   1.65500000000000       0.723592173168338      -0.369787592796576     
   1.66000000000000       0.723592173168338      -0.369788011100475     
   1.66500000000000       0.723592173168338      -0.369788419138897     
   1.67000000000000       0.723592173168338      -0.369788817163790     
   1.67500000000000       0.723592173168338      -0.369789205420829     
   1.68000000000000       0.723592173168338      -0.369789584149881     
   1.68500000000000       0.723592173168338      -0.369789953584681     
   1.69000000000000       0.723592173168338      -0.369790313953220     
   1.69500000000000       0.723592173168338      -0.369790665478432     
   1.70000000000000       0.723592173168338      -0.369791008377004     
   1.70500000000000       0.723592173168338      -0.369791342860700     
   1.71000000000000       0.723592173168338      -0.369791669136129     
   1.71500000000000       0.723592173168338      -0.369791987404573     
   1.72000000000000       0.723592173168338      -0.369792297862981     
   1.72500000000000       0.723592173168338      -0.369792600702623     
   1.73000000000000       0.723592173168338      -0.369792896110430     
   1.73500000000000       0.723592173168338      -0.369793184269191     
   1.74000000000000       0.723592173168338      -0.369793465356473     
   1.74500000000000       0.723592173168338      -0.369793739545823     
   1.75000000000000       0.723592173168338      -0.369794007006937     
   1.75500000000000       0.723592173168338      -0.369794267904253     
   1.76000000000000       0.723592173168338      -0.369794522399548     
   1.76500000000000       0.723592173168338      -0.369794770649458     
   1.77000000000000       0.723592173168338      -0.369795012807407     
   1.77500000000000       0.723592173168338      -0.369795249022936     
   1.78000000000000       0.723592173168338      -0.369795479441827     
   1.78500000000000       0.723592173168338      -0.369795704206413     
   1.79000000000000       0.723592173168338      -0.369795923455496     
   1.79500000000000       0.723592173168338      -0.369796137323984     
   1.80000000000000       0.723592173168338      -0.369796345944659     
   1.80500000000000       0.723592173168338      -0.369796549445736     
   1.81000000000000       0.723592173168338      -0.369796747953012     
   1.81500000000000       0.723592173168338      -0.369796941588915     
   1.82000000000000       0.723592173168338      -0.369797130473266     
   1.82500000000000       0.723592173168338      -0.369797314722602     
   1.83000000000000       0.723592173168338      -0.369797494450487     
   1.83500000000000       0.723592173168338      -0.369797669768018     
   1.84000000000000       0.723592173168338      -0.369797840783474     
   1.84500000000000       0.723592173168338      -0.369798007602412     
   1.85000000000000       0.723592173168338      -0.369798170327554     
   1.85500000000000       0.723592173168338      -0.369798329059727     
   1.86000000000000       0.723592173168338      -0.369798483896645     
   1.86500000000000       0.723592173168338      -0.369798634934042     
   1.87000000000000       0.723592173168338      -0.369798782265115     
   1.87500000000000       0.723592173168338      -0.369798925980753     
   1.88000000000000       0.723592173168338      -0.369799066169911     
   1.88500000000000       0.723592173168338      -0.369799202918931     
   1.89000000000000       0.723592173168338      -0.369799336312115     
   1.89500000000000       0.723592173168338      -0.369799466432173     
   1.90000000000000       0.723592173168338      -0.369799593358933     
   1.90500000000000       0.723592173168338      -0.369799717171357     
   1.91000000000000       0.723592173168338      -0.369799837945283     
   1.91500000000000       0.723592173168338      -0.369799955755597     
   1.92000000000000       0.723592173168338      -0.369800070675104     
   1.92500000000000       0.723592173168338      -0.369800182774452     
   1.93000000000000       0.723592173168338      -0.369800292123142     
   1.93500000000000       0.723592173168338      -0.369800398788424     
   1.94000000000000       0.723592173168338      -0.369800502836309     
   1.94500000000000       0.723592173168338      -0.369800604330941     
   1.95000000000000       0.723592173168338      -0.369800703334967     
   1.95500000000000       0.723592173168338      -0.369800799909658     
   1.96000000000000       0.723592173168338      -0.369800894114360     
   1.96500000000000       0.723592173168338      -0.369800986007562     
   1.97000000000000       0.723592173168338      -0.369801075645647     
   1.97500000000000       0.723592173168338      -0.369801163084312     
   1.98000000000000       0.723592173168338      -0.369801248377068     
   1.98500000000000       0.723592173168338      -0.369801331577023     
   1.99000000000000       0.723592173168338      -0.369801412735396     
   1.99500000000000       0.723592173168338      -0.369801491902072     
   2.00000000000000       0.723592173168338      -0.369801569126124     
   2.00500000000000       0.723592173168338      -0.369801644455164     
   2.01000000000000       0.723592173168338      -0.369801717935905     
   2.01500000000000       0.723592173168338      -0.369801789613243     
   2.02000000000000       0.723592173168338      -0.369801859531855     
   2.02500000000000       0.723592173168338      -0.369801927734771     
   2.03000000000000       0.723592173168338      -0.369801994264061     
   2.03500000000000       0.723592173168338      -0.369802059160709     
   2.04000000000000       0.723592173168338      -0.369802122464974     
   2.04500000000000       0.723592173168338      -0.369802184215783     
   2.05000000000000       0.723592173168338      -0.369802244451328     
   2.05500000000000       0.723592173168338      -0.369802303208631     
   2.06000000000000       0.723592173168338      -0.369802360524337     
   2.06500000000000       0.723592173168338      -0.369802416433494     
   2.07000000000000       0.723592173168338      -0.369802470970528     
   2.07500000000000       0.723592173168338      -0.369802524169530     
   2.08000000000000       0.723592173168338      -0.369802576062995     
   2.08500000000000       0.723592173168338      -0.369802626682951     
   2.09000000000000       0.723592173168338      -0.369802676060984     
   2.09500000000000       0.723592173168338      -0.369802724227220     
   2.10000000000000       0.723592173168338      -0.369802771211366     
   2.10500000000000       0.723592173168338      -0.369802817042869     
   2.11000000000000       0.723592173168338      -0.369802861749418     
   2.11500000000000       0.723592173168338      -0.369802905359270     
   2.12000000000000       0.723592173168338      -0.369802947898712     
   2.12500000000000       0.723592173168338      -0.369802989394330     
   2.13000000000000       0.723592173168338      -0.369803029871738     
   2.13500000000000       0.723592173168338      -0.369803069355967     
   2.14000000000000       0.723592173168338      -0.369803107871180     
   2.14500000000000       0.723592173168338      -0.369803145441263     
   2.15000000000000       0.723592173168338      -0.369803182089502     
   2.15500000000000       0.723592173168338      -0.369803217838337     
   2.16000000000000       0.723592173168338      -0.369803252710120     
   2.16500000000000       0.723592173168338      -0.369803286726127     
   2.17000000000000       0.723592173168338      -0.369803319907356     
   2.17500000000000       0.723592173168338      -0.369803352274270     
   2.18000000000000       0.723592173168338      -0.369803383847223     
   2.18500000000000       0.723592173168338      -0.369803414645122     
   2.19000000000000       0.723592173168338      -0.369803444687447     
   2.19500000000000       0.723592173168338      -0.369803473992449     
   2.20000000000000       0.723592173168338      -0.369803502578495     
   2.20500000000000       0.723592173168338      -0.369803530462953     
   2.21000000000000       0.723592173168338      -0.369803557663214     
   2.21500000000000       0.723592173168338      -0.369803584196096     
   2.22000000000000       0.723592173168338      -0.369803610077745     
   2.22500000000000       0.723592173168338      -0.369803635324365     
   2.23000000000000       0.723592173168338      -0.369803659951356     
   2.23500000000000       0.723592173168338      -0.369803683974232     
   2.24000000000000       0.723592173168338      -0.369803707407562     
   2.24500000000000       0.723592173168338      -0.369803730265718     
   2.25000000000000       0.723592173168338      -0.369803752563025     
   2.25500000000000       0.723592173168338      -0.369803774313229     
   2.26000000000000       0.723592173168338      -0.369803795529707     
   2.26500000000000       0.723592173168338      -0.369803816225583     
   2.27000000000000       0.723592173168338      -0.369803836413486     
   2.27500000000000       0.723592173168338      -0.369803856106203     
   2.28000000000000       0.723592173168338      -0.369803875315392     
   2.28500000000000       0.723592173168338      -0.369803894053484     
   2.29000000000000       0.723592173168338      -0.369803912331693     
   2.29500000000000       0.723592173168338      -0.369803930161339     
   2.30000000000000       0.723592173168338      -0.369803947553378     
   2.30500000000000       0.723592173168338      -0.369803964518747     
   2.31000000000000       0.723592173168338      -0.369803981067813     
   2.31500000000000       0.723592173168338      -0.369803997210775     
   2.32000000000000       0.723592173168338      -0.369804012957623     
   2.32500000000000       0.723592173168338      -0.369804028318024     
   2.33000000000000       0.723592173168338      -0.369804043301561     
   2.33500000000000       0.723592173168338      -0.369804057917344     
   2.34000000000000       0.723592173168338      -0.369804072174532     
   2.34500000000000       0.723592173168338      -0.369804086081901     
   2.35000000000000       0.723592173168338      -0.369804099647875     
   2.35500000000000       0.723592173168338      -0.369804112881208     
   2.36000000000000       0.723592173168338      -0.369804125789442     
   2.36500000000000       0.723592173168338      -0.369804138381200     
   2.37000000000000       0.723592173168338      -0.369804150663908     
   2.37500000000000       0.723592173168338      -0.369804162645221     
   2.38000000000000       0.723592173168338      -0.369804174332405     
   2.38500000000000       0.723592173168338      -0.369804185732834     
   2.39000000000000       0.723592173168338      -0.369804196853625     
   2.39500000000000       0.723592173168338      -0.369804207701409     
   2.40000000000000       0.723592173168338      -0.369804218283137     
   2.40500000000000       0.723592173168338      -0.369804228605175     
   2.41000000000000       0.723592173168338      -0.369804238673746     
   2.41500000000000       0.723592173168338      -0.369804248495480     
   2.42000000000000       0.723592173168338      -0.369804258076035     
   2.42500000000000       0.723592173168338      -0.369804267421489     
   2.43000000000000       0.723592173168338      -0.369804276537743     
   2.43500000000000       0.723592173168338      -0.369804285430220     
   2.44000000000000       0.723592173168338      -0.369804294104516     
   2.44500000000000       0.723592173168338      -0.369804302565856     
   2.45000000000000       0.723592173168338      -0.369804310819726     
   2.45500000000000       0.723592173168338      -0.369804318870862     
   2.46000000000000       0.723592173168338      -0.369804326724706     
   2.46500000000000       0.723592173168338      -0.369804334385531     
   2.47000000000000       0.723592173168338      -0.369804341858621     
   2.47500000000000       0.723592173168338      -0.369804349148138     
   2.48000000000000       0.723592173168338      -0.369804356258798     
   2.48500000000000       0.723592173168338      -0.369804363195211     
   2.49000000000000       0.723592173168338      -0.369804369961104     
   2.49500000000000       0.723592173168338      -0.369804376561107     
   2.50000000000000       0.723592173168338      -0.369804382999263     
