  5.000000000000000E-003 -1.195308396297935E-002
  1.000000000000000E-002 -2.366097006722490E-002
  1.500000000000000E-002 -3.513585253837408E-002
  2.000000000000000E-002 -4.915319851706870E-002
  2.500000000000000E-002 -6.085278823773840E-002
  3.000000000000000E-002 -7.233424430647695E-002
  3.500000000000000E-002 -8.360567417558229E-002
  4.000000000000000E-002 -9.467245005364999E-002
  4.500000000000000E-002 -0.105537560622310     
  5.000000000000000E-002 -0.116201078324359     
  5.500000000000000E-002 -0.126659986365279     
  6.000000000000000E-002 -0.136908212072913     
  6.500000000000000E-002 -0.146936934823379     
  7.000000000000001E-002 -0.156735121945431     
  7.500000000000000E-002 -0.166290223784842     
  8.000000000000000E-002 -0.175588944621715     
  8.500000000000001E-002 -0.184618008254411     
  9.000000000000000E-002 -0.193364855303758     
  9.500000000000000E-002 -0.201818226710602     
  0.100000000000000      -0.209968611366891     
  0.105000000000000      -0.217808551113324     
  0.110000000000000      -0.225332811486987     
  0.115000000000000      -0.232538434580464     
  0.120000000000000      -0.239424693406452     
  0.125000000000000      -0.245992972303149     
  0.130000000000000      -0.252246591961846     
  0.135000000000000      -0.258190600998862     
  0.140000000000000      -0.263831547440146     
  0.145000000000000      -0.269177245738045     
  0.150000000000000      -0.274236546866837     
  0.155000000000000      -0.279019120556577     
  0.160000000000000      -0.283535253894903     
  0.165000000000000      -0.287795667737931     
  0.170000000000000      -0.291811356326042     
  0.175000000000000      -0.295593444205082     
  0.180000000000000      -0.299153067231466     
  0.185000000000000      -0.302501269118467     
  0.190000000000000      -0.305648918928604     
  0.195000000000000      -0.308606641938263     
  0.200000000000000      -0.311384766527179     
  0.205000000000000      -0.313993282598445     
  0.210000000000000      -0.316441811102748     
  0.215000000000000      -0.318739583835095     
  0.220000000000000      -0.320895428346488     
  0.225000000000000      -0.322917763745187     
  0.230000000000000      -0.324814596863971     
  0.235000000000000      -0.326593527780360     
  0.240000000000000      -0.328261753997852     
  0.245000000000000      -0.329826082677454     
  0.250000000000000      -0.331292939603400     
  0.255000000000000      -0.332668384405716     
  0.260000000000000      -0.333958123331106     
  0.265000000000000      -0.335167525148023     
  0.270000000000000      -0.336301636758050     
  0.275000000000000      -0.337365197452277     
  0.280000000000000      -0.338362656790168     
  0.285000000000000      -0.339298187831196     
  0.290000000000000      -0.340175703830774     
  0.295000000000000      -0.340998871487992     
  0.300000000000000      -0.341771127097735     
  0.305000000000000      -0.342495687832255     
  0.310000000000000      -0.343175566621841     
  0.315000000000000      -0.343813584515967     
  0.320000000000000      -0.344412381205033     
  0.325000000000000      -0.344974427436622     
  0.330000000000000      -0.345502035835782     
  0.335000000000000      -0.345997370001770     
  0.340000000000000      -0.346462454751199     
  0.345000000000000      -0.346899185259147     
  0.350000000000000      -0.347309333888768     
  0.355000000000000      -0.347694560323013     
  0.360000000000000      -0.348056417602510     
  0.365000000000000      -0.348396358930049     
  0.370000000000000      -0.348715744970402     
  0.375000000000000      -0.349015849259733     
  0.380000000000000      -0.349297863836462     
  0.385000000000000      -0.349562906123206     
  0.390000000000000      -0.349812020434349     
  0.395000000000000      -0.350046187199592     
  0.400000000000000      -0.350266322706477     
  0.405000000000000      -0.350473287101491     
  0.410000000000000      -0.350667885248958     
  0.415000000000000      -0.350850871371644     
  0.420000000000000      -0.351022953425297     
  0.425000000000000      -0.351184793910387     
  0.430000000000000      -0.351337014703557     
  0.435000000000000      -0.351480197963464     
  0.440000000000000      -0.351614890930698     
  0.445000000000000      -0.351741606249001     
  0.450000000000000      -0.351860824227083     
  0.455000000000000      -0.351972996554238     
  0.460000000000000      -0.352078547067760     
  0.465000000000000      -0.352177872005694     
  0.470000000000000      -0.352271345345871     
  0.475000000000000      -0.352359316845701     
  0.480000000000000      -0.352442115145228     
  0.485000000000000      -0.352520048752368     
  0.490000000000000      -0.352593408266605     
  0.495000000000000      -0.352662464933213     
  0.500000000000000      -0.352727475472477     
  0.505000000000000      -0.352788679539613     
  0.510000000000000      -0.352846303142275     
  0.515000000000000      -0.352900557794328     
  0.520000000000000      -0.352951643962100     
  0.525000000000000      -0.352999747800715     
  0.530000000000000      -0.353045046346593     
  0.535000000000000      -0.353087704120089     
  0.540000000000000      -0.353127877905027     
  0.545000000000000      -0.353165713253967     
  0.550000000000000      -0.353201347745406     
  0.555000000000000      -0.353234911268421     
  0.560000000000000      -0.353266524836918     
  0.565000000000000      -0.353296303430006     
  0.570000000000000      -0.353324354543725     
  0.575000000000000      -0.353350778991343     
  0.580000000000000      -0.353375672660744     
  0.585000000000000      -0.353399124865685     
  0.590000000000000      -0.353421219619701     
  0.595000000000000      -0.353442036960388     
  0.600000000000000      -0.353461650868355     
  0.605000000000000      -0.353480131423118     
  0.610000000000000      -0.353497545997983     
  0.615000000000000      -0.353513955202033     
  0.620000000000000      -0.353529418610863     
  0.625000000000000      -0.353543990723992     
  0.630000000000000      -0.353557723874569     
  0.635000000000000      -0.353570667073733     
  0.640000000000000      -0.353582865184842     
  0.645000000000000      -0.353594362547019     
  0.650000000000000      -0.353605199662492     
  0.655000000000000      -0.353615414741304     
  0.660000000000000      -0.353625043558661     
  0.665000000000000      -0.353634120864024     
  0.670000000000000      -0.353642677808218     
  0.675000000000000      -0.353650745360544     
  0.680000000000000      -0.353658351067419     
  0.685000000000000      -0.353665522499109     
  0.690000000000000      -0.353672284230789     
  0.695000000000000      -0.353678660008468     
  0.700000000000000      -0.353684672240723     
  0.705000000000000      -0.353690342298261     
  0.710000000000000      -0.353695689070300     
  0.715000000000000      -0.353700731972891     
  0.720000000000000      -0.353705488576492     
  0.725000000000000      -0.353709974581105     
  0.730000000000000      -0.353714207011394     
  0.735000000000000      -0.353718198618429     
  0.740000000000000      -0.353721965377760     
  0.745000000000000      -0.353725518127687     
  0.750000000000000      -0.353728871144428     
  0.755000000000000      -0.353732034101507     
  0.760000000000000      -0.353735019496629     
  0.765000000000000      -0.353737836379113     
  0.770000000000000      -0.353740495360297     
  0.775000000000000      -0.353743004449476     
  0.780000000000000      -0.353745373405289     
  0.785000000000000      -0.353747609676775     
  0.790000000000000      -0.353749720356127     
  0.795000000000000      -0.353751713533708     
  0.800000000000000      -0.353753595359931     
  0.805000000000000      -0.353755373190352     
  0.810000000000000      -0.353757050884710     
  0.815000000000000      -0.353758636641423     
  0.820000000000000      -0.353760133801713     
  0.825000000000000      -0.353761548540807     
  0.830000000000000      -0.353762885018867     
  0.835000000000000      -0.353764147912140     
  0.840000000000000      -0.353765341287841     
  0.845000000000000      -0.353766469156885     
  0.850000000000000      -0.353767535114487     
  0.855000000000000      -0.353768543109449     
  0.860000000000000      -0.353769495756431     
  0.865000000000000      -0.353770396891529     
  0.870000000000000      -0.353771248708077     
  0.875000000000000      -0.353772054778657     
  0.880000000000000      -0.353772817072073     
  0.885000000000000      -0.353773538066516     
  0.890000000000000      -0.353774220522286     
  0.895000000000000      -0.353774866446456     
  0.900000000000000      -0.353775478003423     
  0.905000000000000      -0.353776056187495     
  0.910000000000000      -0.353776604486503     
  0.915000000000000      -0.353777123031797     
  0.920000000000000      -0.353777614672338     
  0.925000000000000      -0.353778080291067     
  0.930000000000000      -0.353778521099086     
  0.935000000000000      -0.353778939317222     
  0.940000000000000      -0.353779335662453     
  0.945000000000000      -0.353779710911675     
  0.950000000000000      -0.353780067278175     
  0.955000000000000      -0.353780405146117     
  0.960000000000000      -0.353780725515985     
  0.965000000000000      -0.353781029288278     
  0.970000000000000      -0.353781318018762     
  0.975000000000000      -0.353781592095489     
  0.980000000000000      -0.353781851823288     
  0.985000000000000      -0.353782098802706     
  0.990000000000000      -0.353782333340824     
  0.995000000000000      -0.353782556301453     
   1.00000000000000      -0.353782767967326     
   1.00500000000000      -0.353782969110663     
   1.01000000000000      -0.353783160907829     
   1.01500000000000      -0.353783342631708     
   1.02000000000000      -0.353783516128806     
   1.02500000000000      -0.353783680474291     
   1.03000000000000      -0.353783837798534     
   1.03500000000000      -0.353783986766834     
   1.04000000000000      -0.353784128908904     
   1.04500000000000      -0.353784264869464     
   1.05000000000000      -0.353784393582761     
   1.05500000000000      -0.353784516837113     
   1.06000000000000      -0.353784633926387     
   1.06500000000000      -0.353784745795285     
   1.07000000000000      -0.353784852791759     
   1.07500000000000      -0.353784954468458     
   1.08000000000000      -0.353785051523047     
   1.08500000000000      -0.353785144737384     
   1.09000000000000      -0.353785233316837     
   1.09500000000000      -0.353785317871128     
   1.10000000000000      -0.353785398970769     
   1.10500000000000      -0.353785476325810     
   1.11000000000000      -0.353785550213165     
   1.11500000000000      -0.353785621269316     
   1.12000000000000      -0.353785689112338     
   1.12500000000000      -0.353785753638070     
   1.13000000000000      -0.353785816229142     
   1.13500000000000      -0.353785875295642     
   1.14000000000000      -0.353785932648222     
   1.14500000000000      -0.353785987104064     
   1.15000000000000      -0.353786039899247     
   1.15500000000000      -0.353786089618046     
   1.16000000000000      -0.353786138232109     
   1.16500000000000      -0.353786184331681     
   1.17000000000000      -0.353786228870537     
   1.17500000000000      -0.353786271522350     
   1.18000000000000      -0.353786312719103     
   1.18500000000000      -0.353786351517240     
   1.19000000000000      -0.353786390090723     
   1.19500000000000      -0.353786425945930     
   1.20000000000000      -0.353786461171923     
   1.20500000000000      -0.353786495148720     
   1.21000000000000      -0.353786527224396     
   1.21500000000000      -0.353786558539340     
   1.22000000000000      -0.353786588709855     
   1.22500000000000      -0.353786617610692     
   1.23000000000000      -0.353786645314094     
   1.23500000000000      -0.353786672469854     
   1.24000000000000      -0.353786698318630     
   1.24500000000000      -0.353786723467142     
   1.25000000000000      -0.353786747549159     
   1.25500000000000      -0.353786770781632     
   1.26000000000000      -0.353786793062556     
   1.26500000000000      -0.353786815149835     
   1.27000000000000      -0.353786835843812     
   1.27500000000000      -0.353786856496368     
   1.28000000000000      -0.353786875484726     
   1.28500000000000      -0.353786894650816     
   1.29000000000000      -0.353786913220834     
   1.29500000000000      -0.353786930590969     
   1.30000000000000      -0.353786947522259     
   1.30500000000000      -0.353786964529831     
   1.31000000000000      -0.353786980067047     
   1.31500000000000      -0.353786995978389     
   1.32000000000000      -0.353787010549193     
   1.32500000000000      -0.353787025406211     
   1.33000000000000      -0.353787039368522     
   1.33500000000000      -0.353787053171910     
   1.34000000000000      -0.353787066066892     
   1.34500000000000      -0.353787078776483     
   1.35000000000000      -0.353787091583830     
   1.35500000000000      -0.353787103436996     
   1.36000000000000      -0.353787114932951     
   1.36500000000000      -0.353787126534232     
   1.37000000000000      -0.353787137187515     
   1.37500000000000      -0.353787147985107     
   1.38000000000000      -0.353787158310579     
   1.38500000000000      -0.353787168490703     
   1.39000000000000      -0.353787177888943     
   1.39500000000000      -0.353787187716722     
   1.40000000000000      -0.353787196423474     
   1.40500000000000      -0.353787205620884     
   1.41000000000000      -0.353787214447120     
   1.41500000000000      -0.353787222556186     
   1.42000000000000      -0.353787230937893     
   1.42500000000000      -0.353787238566243     
   1.43000000000000      -0.353787246205442     
   1.43500000000000      -0.353787254192886     
   1.44000000000000      -0.353787261064630     
   1.44500000000000      -0.353787268347706     
   1.45000000000000      -0.353787275009936     
   1.45500000000000      -0.353787281952106     
   1.46000000000000      -0.353787288128864     
   1.46500000000000      -0.353787294652867     
   1.47000000000000      -0.353787301029252     
   1.47500000000000      -0.353787306610753     
   1.48000000000000      -0.353787312803310     
   1.48500000000000      -0.353787318182056     
   1.49000000000000      -0.353787323835818     
   1.49500000000000      -0.353787329109837     
   1.50000000000000      -0.353787334292575     
   1.50500000000000      -0.353787339493159     
   1.51000000000000      -0.353787344527873     
   1.51500000000000      -0.353787349008640     
   1.52000000000000      -0.353787353973916     
   1.52500000000000      -0.353787358574927     
   1.53000000000000      -0.353787362650866     
   1.53500000000000      -0.353787367444076     
   1.54000000000000      -0.353787371502193     
   1.54500000000000      -0.353787375312361     
   1.55000000000000      -0.353787379599462     
   1.55500000000000      -0.353787383460679     
   1.56000000000000      -0.353787387338559     
   1.56500000000000      -0.353787390695736     
   1.57000000000000      -0.353787394493825     
   1.57500000000000      -0.353787398142148     
   1.58000000000000      -0.353787401382833     
   1.58500000000000      -0.353787404507663     
   1.59000000000000      -0.353787408337220     
   1.59500000000000      -0.353787410959014     
   1.60000000000000      -0.353787414265481     
   1.60500000000000      -0.353787416966283     
   1.61000000000000      -0.353787420154292     
   1.61500000000000      -0.353787423016860     
   1.62000000000000      -0.353787425625293     
   1.62500000000000      -0.353787428579507     
   1.63000000000000      -0.353787431052121     
   1.63500000000000      -0.353787433642366     
   1.64000000000000      -0.353787435892330     
   1.64500000000000      -0.353787438652881     
   1.65000000000000      -0.353787440989478     
   1.65500000000000      -0.353787443333033     
   1.66000000000000      -0.353787445419887     
   1.66500000000000      -0.353787447526156     
   1.67000000000000      -0.353787450123753     
   1.67500000000000      -0.353787451658468     
   1.68000000000000      -0.353787454297600     
   1.68500000000000      -0.353787455857030     
   1.69000000000000      -0.353787457602131     
   1.69500000000000      -0.353787460171844     
   1.70000000000000      -0.353787461514377     
   1.70500000000000      -0.353787463457937     
   1.71000000000000      -0.353787464956634     
   1.71500000000000      -0.353787466866228     
   1.72000000000000      -0.353787468602093     
   1.72500000000000      -0.353787470383867     
   1.73000000000000      -0.353787471391682     
   1.73500000000000      -0.353787473603586     
   1.74000000000000      -0.353787474628305     
   1.74500000000000      -0.353787476373385     
   1.75000000000000      -0.353787477542737     
   1.75500000000000      -0.353787479269723     
   1.76000000000000      -0.353787480242431     
   1.76500000000000      -0.353787482053119     
   1.77000000000000      -0.353787482739608     
   1.77500000000000      -0.353787484379287     
   1.78000000000000      -0.353787485516512     
   1.78500000000000      -0.353787486779436     
   1.79000000000000      -0.353787488055982     
   1.79500000000000      -0.353787488894856     
   1.80000000000000      -0.353787490334536     
   1.80500000000000      -0.353787491434356     
   1.81000000000000      -0.353787492230754     
   1.81500000000000      -0.353787493285863     
   1.82000000000000      -0.353787494329975     
   1.82500000000000      -0.353787495355507     
   1.83000000000000      -0.353787496051258     
   1.83500000000000      -0.353787497307163     
   1.84000000000000      -0.353787498170418     
   1.84500000000000      -0.353787499139117     
   1.85000000000000      -0.353787499742253     
   1.85500000000000      -0.353787500836415     
   1.86000000000000      -0.353787501501678     
   1.86500000000000      -0.353787502321629     
   1.87000000000000      -0.353787503368261     
   1.87500000000000      -0.353787503666732     
   1.88000000000000      -0.353787504969861     
   1.88500000000000      -0.353787505356925     
   1.89000000000000      -0.353787506029733     
   1.89500000000000      -0.353787506636368     
   1.90000000000000      -0.353787507442617     
   1.90500000000000      -0.353787508360725     
   1.91000000000000      -0.353787508521266     
   1.91500000000000      -0.353787509395583     
   1.92000000000000      -0.353787510010710     
   1.92500000000000      -0.353787510757885     
   1.93000000000000      -0.353787510986444     
   1.93500000000000      -0.353787511829202     
   1.94000000000000      -0.353787512444328     
   1.94500000000000      -0.353787512591404     
   1.95000000000000      -0.353787513401158     
   1.95500000000000      -0.353787513872882     
   1.96000000000000      -0.353787514477038     
   1.96500000000000      -0.353787514915910     
   1.97000000000000      -0.353787515067187     
   1.97500000000000      -0.353787516019393     
   1.98000000000000      -0.353787516047266     
   1.98500000000000      -0.353787516751353     
   1.99000000000000      -0.353787517129461     
   1.99500000000000      -0.353787517769078     
   2.00000000000000      -0.353787517800952     
   2.00500000000000      -0.353787518248868     
   2.01000000000000      -0.353787518826585     
   2.01500000000000      -0.353787519216337     
   2.02000000000000      -0.353787519304828     
   2.02500000000000      -0.353787520152008     
   2.03000000000000      -0.353787520082042     
   2.03500000000000      -0.353787520553854     
   2.04000000000000      -0.353787520913415     
   2.04500000000000      -0.353787521227291     
   2.05000000000000      -0.353787521376115     
   2.05500000000000      -0.353787521964550     
   2.06000000000000      -0.353787522263588     
   2.06500000000000      -0.353787522248788     
   2.07000000000000      -0.353787522758886     
   2.07500000000000      -0.353787523052709     
   2.08000000000000      -0.353787523440468     
   2.08500000000000      -0.353787523290144     
   2.09000000000000      -0.353787524142588     
   2.09500000000000      -0.353787523870645     
   2.10000000000000      -0.353787524450928     
   2.10500000000000      -0.353787524564489     
   2.11000000000000      -0.353787524667988     
   2.11500000000000      -0.353787525076429     
   2.12000000000000      -0.353787525373289     
   2.12500000000000      -0.353787525361564     
   2.13000000000000      -0.353787525918022     
   2.13500000000000      -0.353787525638280     
   2.14000000000000      -0.353787526201001     
   2.14500000000000      -0.353787526315370     
   2.15000000000000      -0.353787526537799     
   2.15500000000000      -0.353787526779892     
   2.16000000000000      -0.353787526832420     
   2.16500000000000      -0.353787527303760     
   2.17000000000000      -0.353787526946574     
   2.17500000000000      -0.353787527614883     
   2.18000000000000      -0.353787527597180     
   2.18500000000000      -0.353787527530704     
   2.19000000000000      -0.353787528120387     
   2.19500000000000      -0.353787527863269     
   2.20000000000000      -0.353787528251523     
   2.20500000000000      -0.353787528300978     
   2.21000000000000      -0.353787528563719     
   2.21500000000000      -0.353787528740666     
   2.22000000000000      -0.353787528693519     
   2.22500000000000      -0.353787528987946     
   2.23000000000000      -0.353787529099481     
   2.23500000000000      -0.353787529294344     
   2.24000000000000      -0.353787529109586     
   2.24500000000000      -0.353787529620991     
   2.25000000000000      -0.353787529381680     
   2.25500000000000      -0.353787529768083     
   2.26000000000000      -0.353787529733925     
   2.26500000000000      -0.353787529780005     
   2.27000000000000      -0.353787530137517     
   2.27500000000000      -0.353787529864767     
   2.28000000000000      -0.353787530213780     
   2.28500000000000      -0.353787530457084     
   2.29000000000000      -0.353787530216746     
   2.29500000000000      -0.353787530558038     
   2.30000000000000      -0.353787530494156     
   2.30500000000000      -0.353787530623823     
   2.31000000000000      -0.353787530931046     
   2.31500000000000      -0.353787530664707     
   2.32000000000000      -0.353787531104540     
   2.32500000000000      -0.353787530881248     
   2.33000000000000      -0.353787531146771     
   2.33500000000000      -0.353787531089353     
   2.34000000000000      -0.353787531408368     
   2.34500000000000      -0.353787531332552     
   2.35000000000000      -0.353787531299847     
   2.35500000000000      -0.353787531601960     
   2.36000000000000      -0.353787531241153     
   2.36500000000000      -0.353787531663191     
   2.37000000000000      -0.353787531849016     
   2.37500000000000      -0.353787531727266     
   2.38000000000000      -0.353787531463844     
   2.38500000000000      -0.353787531849218     
   2.39000000000000      -0.353787532167885     
   2.39500000000000      -0.353787531840545     
   2.40000000000000      -0.353787531861310     
   2.40500000000000      -0.353787532393647     
   2.41000000000000      -0.353787531958302     
   2.41500000000000      -0.353787532304471     
   2.42000000000000      -0.353787531991584     
   2.42500000000000      -0.353787532271060     
   2.43000000000000      -0.353787532451101     
   2.43500000000000      -0.353787532440363     
   2.44000000000000      -0.353787532148212     
   2.44500000000000      -0.353787532727058     
   2.45000000000000      -0.353787532459179     
   2.45500000000000      -0.353787532470772     
   2.46000000000000      -0.353787532657617     
   2.46500000000000      -0.353787532426338     
   2.47000000000000      -0.353787532820362     
   2.47500000000000      -0.353787532585838     
   2.48000000000000      -0.353787532926540     
   2.48500000000000      -0.353787532832677     
   2.49000000000000      -0.353787532723149     
   2.49500000000000      -0.353787532730603     
   2.50000000000000      -0.353787532987271     
