  5.000000000000000E-003  0.239301300713925        1.07164086495300     
  1.000000000000000E-002  0.236168944888364        1.07387543252109     
  1.500000000000000E-002  0.233031129482339        1.07602240873682     
  2.000000000000000E-002  0.213774939722915        1.07848048496098     
  2.500000000000000E-002  0.210670463529609        1.08089002913508     
  3.000000000000000E-002  0.207613362963958        1.08332795801498     
  3.500000000000000E-002  0.204593634573519        1.08579414651707     
  4.000000000000000E-002  0.201611256138183        1.08829706662029     
  4.500000000000000E-002  0.198670894760654        1.09084019355355     
  5.000000000000000E-002  0.195780580360617        1.09342626324795     
  5.500000000000000E-002  0.192950494381790        1.09605707326884     
  6.000000000000000E-002  0.190191968160481        1.09873379900831     
  6.500000000000000E-002  0.187516549438440        1.10145705590754     
  7.000000000000001E-002  0.184935188994521        1.10422694682630     
  7.500000000000000E-002  0.182457594472400        1.10704308852052     
  8.000000000000000E-002  0.180091781321288        1.10990463851275     
  8.500000000000001E-002  0.177843821773010        1.11281032577957     
  9.000000000000000E-002  0.175717769556821        1.11575848807372     
  9.500000000000000E-002  0.173715724389783        1.11874711419682     
  0.100000000000000       0.171837995761601        1.12177389064893     
  0.105000000000000       0.170083327433618        1.12483624928416     
  0.110000000000000       0.168449150945190        1.12793141569367     
  0.115000000000000       0.166931843389505        1.13105645563354     
  0.120000000000000       0.165526972586167        1.13420831836782     
  0.125000000000000       0.164229519375680        1.13738387697232     
  0.130000000000000       0.163034071429756        1.14057996378648     
  0.135000000000000       0.161934987233424        1.14379340235024     
  0.140000000000000       0.160926530530905        1.14702103423615     
  0.145000000000000       0.160002978103999        1.15025974243885     
  0.150000000000000       0.159158703306663        1.15350647040293     
  0.155000000000000       0.158388239275581        1.15675823782705     
  0.160000000000000       0.157686324560360        1.16001215313128     
  0.165000000000000       0.157047934760584        1.16326542327809     
  0.170000000000000       0.156468302524718        1.16651536112364     
  0.175000000000000       0.155942928509370        1.16975939071876     
  0.180000000000000       0.155467585228792        1.17299505075729     
  0.185000000000000       0.155038315457863        1.17621999662976     
  0.190000000000000       0.154651426686244        1.17943200126513     
  0.195000000000000       0.154303482726674        1.18262895505486     
  0.200000000000000       0.153991292883402        1.18580886422135     
  0.205000000000000       0.153711900523056        1.18896985012788     
  0.210000000000000       0.153462570094973        1.19211014614999     
  0.215000000000000       0.153240774268963        1.19522809548224     
  0.220000000000000       0.153044180986391        1.19832214829979     
  0.225000000000000       0.152870640371519        1.20139085834342     
  0.230000000000000       0.152718172404894        1.20443287960019     
  0.235000000000000       0.152584954946029        1.20744696320409     
  0.240000000000000       0.152469311959853        1.21043195354284     
  0.245000000000000       0.152369702798817        1.21338678491598     
  0.250000000000000       0.152284712269648        1.21631047822063     
  0.255000000000000       0.152213040475159        1.21920213721254     
  0.260000000000000       0.152153494041236        1.22206094505172     
  0.265000000000000       0.152104977673419        1.22488616069992     
  0.270000000000000       0.152066486679309        1.22767711655034     
  0.275000000000000       0.152037099374872        1.23043321398350     
  0.280000000000000       0.152015970259754        1.23315392073915     
  0.285000000000000       0.152002324571041        1.23583876819042     
  0.290000000000000       0.151995451722591        1.23848734777537     
  0.295000000000000       0.151994700422775        1.24109930810401     
  0.300000000000000       0.151999474293172        1.24367435311528     
  0.305000000000000       0.152009226162752        1.24621223759217     
  0.310000000000000       0.152023455421463        1.24871276644328     
  0.315000000000000       0.152041703153026        1.25117579071781     
  0.320000000000000       0.152063549412235        1.25360120605856     
  0.325000000000000       0.152088609131411        1.25598894963171     
  0.330000000000000       0.152116530640663        1.25833899879354     
  0.335000000000000       0.152146991434324        1.26065136772030     
  0.340000000000000       0.152179696949172        1.26292610652913     
  0.345000000000000       0.152214376855722        1.26516329752917     
  0.350000000000000       0.152250785276961        1.26736305577514     
  0.355000000000000       0.152288696490690        1.26952552482465     
  0.360000000000000       0.152327904349421        1.27165087588241     
  0.365000000000000       0.152368220945276        1.27373930634724     
  0.370000000000000       0.152409474371631        1.27579103760775     
  0.375000000000000       0.152451507871674        1.27780631370931     
  0.380000000000000       0.152494178740230        1.27978539997642     
  0.385000000000000       0.152537356842383        1.28172858127669     
  0.390000000000000       0.152580923002596        1.28363615980840     
  0.395000000000000       0.152624770069055        1.28550845627572     
  0.400000000000000       0.152668799513412        1.28734580522004     
  0.405000000000000       0.152712922643467        1.28914855681565     
  0.410000000000000       0.152757057935249        1.29091707281383     
  0.415000000000000       0.152801133042697        1.29265172877366     
  0.420000000000000       0.152845081500316        1.29435290990979     
  0.425000000000000       0.152888843626999        1.29602101164610     
  0.430000000000000       0.152932365077142        1.29765643789377     
  0.435000000000000       0.152975598214760        1.29925960160168     
  0.440000000000000       0.153018498861642        1.30083092126802     
  0.445000000000000       0.153061028185670        1.30237082260510     
  0.450000000000000       0.153103152312021        1.30387973724399     
  0.455000000000000       0.153144839174105        1.30535809939211     
  0.460000000000000       0.153186062002997        1.30680634912812     
  0.465000000000000       0.153226796956216        1.30822492934215     
  0.470000000000000       0.153267022622004        1.30961428483442     
  0.475000000000000       0.153306721143124        1.31097486336806     
  0.480000000000000       0.153345875787205        1.31230711252141     
  0.485000000000000       0.153384473309903        1.31361148197851     
  0.490000000000000       0.153422502812987        1.31488842202260     
  0.495000000000000       0.153459954329835        1.31613838164614     
  0.500000000000000       0.153496819671818        1.31736180934155     
  0.505000000000000       0.153533093875270        1.31855915404821     
  0.510000000000000       0.153568770607732        1.31973086035125     
  0.515000000000000       0.153603848133387        1.32087737440045     
  0.520000000000000       0.153638323687711        1.32199913781281     
  0.525000000000000       0.153672196187606        1.32309659024038     
  0.530000000000000       0.153705465823614        1.32417016866812     
  0.535000000000000       0.153738133135501        1.32522030652689     
  0.540000000000000       0.153770201276515        1.32624743557288     
  0.545000000000000       0.153801670878488        1.32725198064364     
  0.550000000000000       0.153832547134905        1.32823436664150     
  0.555000000000000       0.153862833127130        1.32919501176861     
  0.560000000000000       0.153892532928435        1.33013433022322     
  0.565000000000000       0.153921651787380        1.33105273239918     
  0.570000000000000       0.153950195653737        1.33195062485811     
  0.575000000000000       0.153978170258616        1.33282840836583     
  0.580000000000000       0.154005581020808        1.33368647813683     
  0.585000000000000       0.154032435110729        1.33452522631703     
  0.590000000000000       0.154058739665697        1.33534503929202     
  0.595000000000000       0.154084500507303        1.33614629673072     
  0.600000000000000       0.154109726511106        1.33692937637527     
  0.605000000000000       0.154134424283503        1.33769464766064     
  0.610000000000000       0.154158600864603        1.33844247531534     
  0.615000000000000       0.154182265657162        1.33917322074368     
  0.620000000000000       0.154205424350511        1.33988723620582     
  0.625000000000000       0.154228087429028        1.34058487324362     
  0.630000000000000       0.154250260141927        1.34126647224508     
  0.635000000000000       0.154271953424002        1.34193237448974     
  0.640000000000000       0.154293173078282        1.34258290970462     
  0.645000000000000       0.154313928180760        1.34321840592240     
  0.650000000000000       0.154334226896751        1.34383918480851     
  0.655000000000000       0.154354077154047        1.34444556191166     
  0.660000000000000       0.154373486710542        1.34503784741114     
  0.665000000000000       0.154392464650428        1.34561634753463     
  0.670000000000000       0.154411018780672        1.34618136168716     
  0.675000000000000       0.154429155766861        1.34673318250653     
  0.680000000000000       0.154446885687380        1.34727210153589     
  0.685000000000000       0.154464214460413        1.34779839985107     
  0.690000000000000       0.154481150610514        1.34831235684294     
  0.695000000000000       0.154497702823850        1.34881424649739     
  0.700000000000000       0.154513876828736        1.34930433471452     
  0.705000000000000       0.154529682013159        1.34978288618333     
  0.710000000000000       0.154545125405542        1.35025015815369     
  0.715000000000000       0.154560213468442        1.35070640231793     
  0.720000000000000       0.154574954076672        1.35115186699329     
  0.725000000000000       0.154589355182125        1.35158679592930     
  0.730000000000000       0.154603422281897        1.35201142517434     
  0.735000000000000       0.154617164458559        1.35242599052719     
  0.740000000000000       0.154630586305986        1.35283071769970     
  0.745000000000000       0.154643696431190        1.35322583255092     
  0.750000000000000       0.154656500815628        1.35361155367890     
  0.755000000000000       0.154669006292671        1.35398809609596     
  0.760000000000000       0.154681218200744        1.35435566871042     
  0.765000000000000       0.154693145180671        1.35471448020900     
  0.770000000000000       0.154704791157661        1.35506472928370     
  0.775000000000000       0.154716162917207        1.35540661420875     
  0.780000000000000       0.154727268139226        1.35574032991684     
  0.785000000000000       0.154738110235107        1.35606606262061     
  0.790000000000000       0.154748696346392        1.35638399880923     
  0.795000000000000       0.154759032302316        1.35669431974627     
  0.800000000000000       0.154769123905378        1.35699720262580     
  0.805000000000000       0.154778975675494        1.35729281980324     
  0.810000000000000       0.154788593581665        1.35758134127422     
  0.815000000000000       0.154797982434818        1.35786293235435     
  0.820000000000000       0.154807149093611        1.35813775731291     
  0.825000000000000       0.154816096236511        1.35840597176669     
  0.830000000000000       0.154824830384009        1.35866773269745     
  0.835000000000000       0.154833355984237        1.35892319136668     
  0.840000000000000       0.154841677505859        1.35917249566782     
  0.845000000000000       0.154849800975310        1.35941579197796     
  0.850000000000000       0.154857729012287        1.35965322008570     
  0.855000000000000       0.154865467184900        1.35988491949581     
  0.860000000000000       0.154873019938579        1.36011102596153     
  0.865000000000000       0.154880391791496        1.36033167204832     
  0.870000000000000       0.154887586722975        1.36054698679989     
  0.875000000000000       0.154894607769789        1.36075709560181     
  0.880000000000000       0.154901461161249        1.36096212449638     
  0.885000000000000       0.154908148660401        1.36116219169682     
  0.890000000000000       0.154914675407559        1.36135741679284     
  0.895000000000000       0.154921044866602        1.36154791468032     
  0.900000000000000       0.154927260149302        1.36173379737065     
  0.905000000000000       0.154933326499474        1.36191517682284     
  0.910000000000000       0.154939245585167        1.36209215842782     
  0.915000000000000       0.154945021516927        1.36226484801637     
  0.920000000000000       0.154950658783620        1.36243334957168     
  0.925000000000000       0.154956158582211        1.36259776083608     
  0.930000000000000       0.154961526414399        1.36275818239136     
  0.935000000000000       0.154966763599124        1.36291470776539     
  0.940000000000000       0.154971874147743        1.36306743147182     
  0.945000000000000       0.154976860230093        1.36321644379237     
  0.950000000000000       0.154981726712893        1.36336183591373     
  0.955000000000000       0.154986474254582        1.36350369254194     
  0.960000000000000       0.154991106786005        1.36364209974025     
  0.965000000000000       0.154995626435317        1.36377714001050     
  0.970000000000000       0.155000037149913        1.36390889558322     
  0.975000000000000       0.155004340061490        1.36403744411074     
  0.980000000000000       0.155008539566506        1.36416286490845     
  0.985000000000000       0.155012635375977        1.36428523022888     
  0.990000000000000       0.155016632613593        1.36440461670371     
  0.995000000000000       0.155020532407704        1.36452109498643     
   1.00000000000000       0.155024337821394        1.36463473602686     
   1.00500000000000       0.155028049440124        1.36474560641322     
   1.01000000000000       0.155031671443735        1.36485377542785     
   1.01500000000000       0.155035205810217        1.36495930826389     
   1.02000000000000       0.155038652807428        1.36506226635470     
   1.02500000000000       0.155042016677347        1.36516271461929     
   1.03000000000000       0.155045298445047        1.36526071272852     
   1.03500000000000       0.155048499967389        1.36535631978543     
   1.04000000000000       0.155051624149949        1.36544959484863     
   1.04500000000000       0.155054671568313        1.36554059306612     
   1.05000000000000       0.155057644314822        1.36562936986274     
   1.05500000000000       0.155060544888192        1.36571597994207     
   1.06000000000000       0.155063375347603        1.36580047621257     
   1.06500000000000       0.155066135835921        1.36588290807756     
   1.07000000000000       0.155068829241522        1.36596332733690     
   1.07500000000000       0.155071456395111        1.36604178165360     
   1.08000000000000       0.155074020047303        1.36611832028325     
   1.08500000000000       0.155076520760458        1.36619298859922     
   1.09000000000000       0.155078960640349        1.36626583265464     
   1.09500000000000       0.155081340670117        1.36633689632267     
   1.10000000000000       0.155083662758827        1.36640622345524     
   1.10500000000000       0.155085928339528        1.36647385628177     
   1.11000000000000       0.155088138066852        1.36653983519339     
   1.11500000000000       0.155090293502667        1.36660420075014     
   1.12000000000000       0.155092396766179        1.36666699310537     
   1.12500000000000       0.155094449012585        1.36672825038438     
   1.13000000000000       0.155096449779489        1.36678800812357     
   1.13500000000000       0.155098402689382        1.36684630551138     
   1.14000000000000       0.155100307880234        1.36690317696889     
   1.14500000000000       0.155102165969627        1.36695865663136     
   1.15000000000000       0.155103978371461        1.36701277873062     
   1.15500000000000       0.155105746774607        1.36706557700543     
   1.16000000000000       0.155107472424373        1.36711708395935     
   1.16500000000000       0.155109155152243        1.36716732975746     
   1.17000000000000       0.155110796991428        1.36721634624438     
   1.17500000000000       0.155112397991933        1.36726416224068     
   1.18000000000000       0.155113960939620        1.36731080926841     
   1.18500000000000       0.155115484253961        1.36735631274957     
   1.19000000000000       0.155116971816827        1.36740070425120     
   1.19500000000000       0.155118421328020        1.36744400694706     
   1.20000000000000       0.155119836663919        1.36748625111575     
   1.20500000000000       0.155121217193045        1.36752746076253     
   1.21000000000000       0.155122562829649        1.36756765987957     
   1.21500000000000       0.155123877121895        1.36760687679961     
   1.22000000000000       0.155125157985166        1.36764513173190     
   1.22500000000000       0.155126407977309        1.36768245029030     
   1.23000000000000       0.155127627206023        1.36771885487522     
   1.23500000000000       0.155128816626693        1.36775436770613     
   1.24000000000000       0.155129976119729        1.36778900977655     
   1.24500000000000       0.155131108858873        1.36782280526017     
   1.25000000000000       0.155132212484487        1.36785577122832     
   1.25500000000000       0.155133289862011        1.36788793058282     
   1.26000000000000       0.155134340254013        1.36791930131204     
   1.26500000000000       0.155135365184219        1.36794990376687     
   1.27000000000000       0.155136364981429        1.36797975650650     
   1.27500000000000       0.155137340131369        1.36800887747438     
   1.28000000000000       0.155138291054472        1.36803728461104     
   1.28500000000000       0.155139219175189        1.36806499615817     
   1.29000000000000       0.155140125017780        1.36809202928941     
   1.29500000000000       0.155141007166780        1.36811839797711     
   1.30000000000000       0.155141869252482        1.36814412254119     
   1.30500000000000       0.155142709373377        1.36816921554161     
   1.31000000000000       0.155143529042879        1.36819369368639     
   1.31500000000000       0.155144329371609        1.36821757285592     
   1.32000000000000       0.155145108599882        1.36824086489997     
   1.32500000000000       0.155145870259364        1.36826358786611     
   1.33000000000000       0.155146612249576        1.36828575270641     
   1.33500000000000       0.155147335857401        1.36830737398663     
   1.34000000000000       0.155148042753476        1.36832846640359     
   1.34500000000000       0.155148731040663        1.36834904036130     
   1.35000000000000       0.155149403949281        1.36836911163834     
   1.35500000000000       0.155150059172812        1.36838868949954     
   1.36000000000000       0.155150698781319        1.36840778791639     
   1.36500000000000       0.155151322685314        1.36842641816304     
   1.37000000000000       0.155151930621013        1.36844459063767     
   1.37500000000000       0.155152524945396        1.36846231926763     
   1.38000000000000       0.155153103119797        1.36847961129828     
   1.38500000000000       0.155153668485891        1.36849648100121     
   1.39000000000000       0.155154219743016        1.36851293673658     
   1.39500000000000       0.155154757226449        1.36852898877949     
   1.40000000000000       0.155155281031442        1.36854464647719     
   1.40500000000000       0.155155793052140        1.36855992158814     
   1.41000000000000       0.155156291884764        1.36857482141805     
   1.41500000000000       0.155156778611066        1.36858935593056     
   1.42000000000000       0.155157252765790        1.36860353326662     
   1.42500000000000       0.155157715992255        1.36861736382590     
   1.43000000000000       0.155158168261568        1.36863085567059     
   1.43500000000000       0.155158608219257        1.36864401520621     
   1.44000000000000       0.155159038298999        1.36865685309882     
   1.44500000000000       0.155159457842977        1.36866937608347     
   1.45000000000000       0.155159866356182        1.36868159119546     
   1.45500000000000       0.155160265389023        1.36869350735216     
   1.46000000000000       0.155160655198967        1.36870513183096     
   1.46500000000000       0.155161034557976        1.36871647019645     
   1.47000000000000       0.155161404572157        1.36872753039459     
   1.47500000000000       0.155161766356801        1.36873832042056     
   1.48000000000000       0.155162117790264        1.36874884395772     
   1.48500000000000       0.155162462052822        1.36875911115991     
   1.49000000000000       0.155162797176403        1.36876912570007     
   1.49500000000000       0.155163124376126        1.36877889491225     
   1.50000000000000       0.155163443843506        1.36878842488894     
   1.50500000000000       0.155163754407346        1.36879771990864     
   1.51000000000000       0.155164058290307        1.36880678792225     
   1.51500000000000       0.155164354907057        1.36881563377624     
   1.52000000000000       0.155164643632490        1.36882426193787     
   1.52500000000000       0.155164925460149        1.36883267864152     
   1.53000000000000       0.155165200258195        1.36884088877568     
   1.53500000000000       0.155165468018783        1.36884889717407     
   1.54000000000000       0.155165729496665        1.36885670939568     
   1.54500000000000       0.155165984776045        1.36886433032788     
   1.55000000000000       0.155166234123469        1.36887176464394     
   1.55500000000000       0.155166476817560        1.36887901595669     
   1.56000000000000       0.155166713527162        1.36888608937830     
   1.56500000000000       0.155166944147701        1.36889298894225     
   1.57000000000000       0.155167170035417        1.36889972031389     
   1.57500000000000       0.155167389736084        1.36890628585765     
   1.58000000000000       0.155167603678810        1.36891268983218     
   1.58500000000000       0.155167812921926        1.36891893738278     
   1.59000000000000       0.155168016995343        1.36892503161687     
   1.59500000000000       0.155168215955723        1.36893097617646     
   1.60000000000000       0.155168410083107        1.36893677504217     
   1.60500000000000       0.155168599415560        1.36894243152497     
   1.61000000000000       0.155168784631955        1.36894794995217     
   1.61500000000000       0.155168964263864        1.36895333172087     
   1.62000000000000       0.155169140227603        1.36895858228170     
   1.62500000000000       0.155169311508864        1.36896370367476     
   1.63000000000000       0.155169478815033        1.36896869964098     
   1.63500000000000       0.155169642007916        1.36897357301529     
   1.64000000000000       0.155169801628748        1.36897832742520     
   1.64500000000000       0.155169956839767        1.36898296448349     
   1.65000000000000       0.155170107633949        1.36898748709448     
   1.65500000000000       0.155170255551025        1.36899189984537     
   1.66000000000000       0.155170400074453        1.36899620441655     
   1.66500000000000       0.155170540503284        1.36900040287635     
   1.67000000000000       0.155170677202499        1.36900449793581     
   1.67500000000000       0.155170811503203        1.36900849367144     
   1.68000000000000       0.155170941292905        1.36901238990686     
   1.68500000000000       0.155171068800206        1.36901619163364     
   1.69000000000000       0.155171192917560        1.36901989976873     
   1.69500000000000       0.155171314042707        1.36902351696759     
   1.70000000000000       0.155171431931064        1.36902704515940     
   1.70500000000000       0.155171547850836        1.36903048785917     
   1.71000000000000       0.155171659969420        1.36903384490405     
   1.71500000000000       0.155171769220487        1.36903711951926     
   1.72000000000000       0.155171876445297        1.36904031457033     
   1.72500000000000       0.155171980988084        1.36904343103420     
   1.73000000000000       0.155172082654570        1.36904647079885     
   1.73500000000000       0.155172181963297        1.36904943609688     
   1.74000000000000       0.155172278880125        1.36905232866789     
   1.74500000000000       0.155172372763062        1.36905514960165     
   1.75000000000000       0.155172465603839        1.36905790269056     
   1.75500000000000       0.155172554765973        1.36906058663044     
   1.76000000000000       0.155172642696065        1.36906320588068     
   1.76500000000000       0.155172728122743        1.36906576038004     
   1.77000000000000       0.155172811566594        1.36906825234748     
   1.77500000000000       0.155172892825841        1.36907068303479     
   1.78000000000000       0.155172972400320        1.36907305449378     
   1.78500000000000       0.155173049671850        1.36907536718264     
   1.79000000000000       0.155173125781398        1.36907762417827     
   1.79500000000000       0.155173199195862        1.36907982476024     
   1.80000000000000       0.155173270553825        1.36908197092527     
   1.80500000000000       0.155173340947044        1.36908406553038     
   1.81000000000000       0.155173409248030        1.36908610823064     
   1.81500000000000       0.155173475868266        1.36908810083696     
   1.82000000000000       0.155173541544120        1.36909004537441     
   1.82500000000000       0.155173603965308        1.36909194015705     
   1.83000000000000       0.155173666400657        1.36909379031867     
   1.83500000000000       0.155173727315434        1.36909559515516     
   1.84000000000000       0.155173785951691        1.36909735476831     
   1.84500000000000       0.155173843644974        1.36909907174044     
   1.85000000000000       0.155173899040983        1.36910074558030     
   1.85500000000000       0.155173954515056        1.36910238010026     
   1.86000000000000       0.155174007523775        1.36910397309684     
   1.86500000000000       0.155174059703320        1.36910552763208     
   1.87000000000000       0.155174110433937        1.36910704379459     
   1.87500000000000       0.155174159446802        1.36910852219748     
   1.88000000000000       0.155174207788209        1.36910996493226     
   1.88500000000000       0.155174255447500        1.36911137291902     
   1.89000000000000       0.155174301244774        1.36911274554941     
   1.89500000000000       0.155174345626801        1.36911408402882     
   1.90000000000000       0.155174389942385        1.36911539103224     
   1.90500000000000       0.155174432432502        1.36911666502613     
   1.91000000000000       0.155174473665484        1.36911790745381     
   1.91500000000000       0.155174514806036        1.36911912058513     
   1.92000000000000       0.155174554183964        1.36912030294811     
   1.92500000000000       0.155174592346538        1.36912145608344     
   1.93000000000000       0.155174630702541        1.36912258224828     
   1.93500000000000       0.155174666666778        1.36912367903599     
   1.94000000000000       0.155174703300178        1.36912475074519     
   1.94500000000000       0.155174737977848        1.36912579492138     
   1.95000000000000       0.155174772232421        1.36912681397933     
   1.95500000000000       0.155174804788299        1.36912780697697     
   1.96000000000000       0.155174838129299        1.36912877759844     
   1.96500000000000       0.155174869436725        1.36912972288307     
   1.97000000000000       0.155174900052557        1.36913064504208     
   1.97500000000000       0.155174930806090        1.36913154570365     
   1.98000000000000       0.155174959882119        1.36913242311712     
   1.98500000000000       0.155174988809610        1.36913327966792     
   1.99000000000000       0.155175016436200        1.36913411444462     
   1.99500000000000       0.155175044059469        1.36913492964660     
   2.00000000000000       0.155175070535765        1.36913572425306     
   2.00500000000000       0.155175096441711        1.36913649941311     
   2.01000000000000       0.155175121224311        1.36913725507548     
   2.01500000000000       0.155175146618976        1.36913799351092     
   2.02000000000000       0.155175169956236        1.36913871215959     
   2.02500000000000       0.155175193691575        1.36913941443354     
   2.03000000000000       0.155175217050028        1.36914009956301     
   2.03500000000000       0.155175239138791        1.36914076718659     
   2.04000000000000       0.155175261043993        1.36914141880009     
   2.04500000000000       0.155175282423271        1.36914205440792     
   2.05000000000000       0.155175302638180        1.36914267368088     
   2.05500000000000       0.155175323587895        1.36914327926966     
   2.06000000000000       0.155175342561724        1.36914386818519     
   2.06500000000000       0.155175362576181        1.36914444450567     
   2.07000000000000       0.155175381061003        1.36914500539220     
   2.07500000000000       0.155175398710255        1.36914555208590     
   2.08000000000000       0.155175417539416        1.36914608728666     
   2.08500000000000       0.155175434151655        1.36914660726534     
   2.09000000000000       0.155175451408198        1.36914711569219     
   2.09500000000000       0.155175468547596        1.36914761213413     
   2.10000000000000       0.155175484107345        1.36914809491127     
   2.10500000000000       0.155175500388156        1.36914856709675     
   2.11000000000000       0.155175515815375        1.36914902729829     
   2.11500000000000       0.155175530272769        1.36914947544479     
   2.12000000000000       0.155175545693200        1.36914991410900     
   2.12500000000000       0.155175559202774        1.36915034025950     
   2.13000000000000       0.155175573843808        1.36915075766572     
   2.13500000000000       0.155175586630892        1.36915116299871     
   2.14000000000000       0.155175600723486        1.36915156038900     
   2.14500000000000       0.155175613045374        1.36915194636041     
   2.15000000000000       0.155175626223911        1.36915232417355     
   2.15500000000000       0.155175637851279        1.36915269125351     
   2.16000000000000       0.155175650503561        1.36915305087567     
   2.16500000000000       0.155175662161009        1.36915340086788     
   2.17000000000000       0.155175673590594        1.36915374239899     
   2.17500000000000       0.155175684291033        1.36915407494442     
   2.18000000000000       0.155175695153234        1.36915439987186     
   2.18500000000000       0.155175705824320        1.36915471689991     
   2.19000000000000       0.155175716149296        1.36915502602110     
   2.19500000000000       0.155175726352583        1.36915532779294     
   2.20000000000000       0.155175736622109        1.36915562244493     
   2.20500000000000       0.155175745657559        1.36915590879543     
   2.21000000000000       0.155175755636239        1.36915618945034     
   2.21500000000000       0.155175764115122        1.36915646169673     
   2.22000000000000       0.155175773292905        1.36915672843302     
   2.22500000000000       0.155175781520596        1.36915698764529     
   2.23000000000000       0.155175790597816        1.36915724182208     
   2.23500000000000       0.155175798664995        1.36915748882105     
   2.24000000000000       0.155175806747563        1.36915773004943     
   2.24500000000000       0.155175815065497        1.36915796576157     
   2.25000000000000       0.155175822581740        1.36915819500572     
   2.25500000000000       0.155175829630487        1.36915841837478     
   2.26000000000000       0.155175837050216        1.36915863683275     
   2.26500000000000       0.155175844708331        1.36915885049093     
   2.27000000000000       0.155175851004319        1.36915905748608     
   2.27500000000000       0.155175858455644        1.36915926086787     
   2.28000000000000       0.155175865021637        1.36915945860003     
   2.28500000000000       0.155175871391189        1.36915965129791     
   2.29000000000000       0.155175877647808        1.36915983938435     
   2.29500000000000       0.155175883279699        1.36916002222370     
   2.30000000000000       0.155175889386655        1.36916020137168     
   2.30500000000000       0.155175895393027        1.36916037616432     
   2.31000000000000       0.155175900902214        1.36916054630068     
   2.31500000000000       0.155175907146178        1.36916071319907     
   2.32000000000000       0.155175911767274        1.36916087440147     
   2.32500000000000       0.155175917840892        1.36916103336057     
   2.33000000000000       0.155175922254369        1.36916118666246     
   2.33500000000000       0.155175927414703        1.36916133721317     
   2.34000000000000       0.155175932423855        1.36916148403268     
   2.34500000000000       0.155175937561897        1.36916162758175     
   2.35000000000000       0.155175942262352        1.36916176726709     
   2.35500000000000       0.155175946672961        1.36916190320726     
   2.36000000000000       0.155175950622080        1.36916203554262     
   2.36500000000000       0.155175955203883        1.36916216547057     
   2.37000000000000       0.155175959899323        1.36916229233246     
   2.37500000000000       0.155175963398954        1.36916241494733     
   2.38000000000000       0.155175968174660        1.36916253611702     
   2.38500000000000       0.155175971773908        1.36916265304609     
   2.39000000000000       0.155175975317681        1.36916276720708     
   2.39500000000000       0.155175979155569        1.36916287890470     
   2.40000000000000       0.155175983014930        1.36916298805358     
   2.40500000000000       0.155175986190397        1.36916309392086     
   2.41000000000000       0.155175990203600        1.36916319812439     
   2.41500000000000       0.155175993017652        1.36916329852822     
   2.42000000000000       0.155175996887737        1.36916339778464     
   2.42500000000000       0.155175999340359        1.36916349312685     
   2.43000000000000       0.155176003336294        1.36916358788058     
   2.43500000000000       0.155176005623534        1.36916367856700     
   2.44000000000000       0.155176008973940        1.36916376819315     
   2.44500000000000       0.155176011780272        1.36916385521406     
   2.45000000000000       0.155176015077961        1.36916394062311     
   2.45500000000000       0.155176017193396        1.36916402273441     
   2.46000000000000       0.155176020001771        1.36916410369087     
   2.46500000000000       0.155176023390128        1.36916418340851     
   2.47000000000000       0.155176024830754        1.36916425897283     
   2.47500000000000       0.155176028360262        1.36916433522469     
   2.48000000000000       0.155176030475307        1.36916440795312     
   2.48500000000000       0.155176032527386        1.36916447896869     
   2.49000000000000       0.155176035386848        1.36916454921614     
   2.49500000000000       0.155176037563764        1.36916461706218     
   2.50000000000000       0.155176039261117        1.36916468269538     
