  5.000000000000000E-003   79.2949775282173     
  1.000000000000000E-002   78.6339272029815     
  1.500000000000000E-002   77.9764063647730     
  2.000000000000000E-002   77.2474541162747     
  2.500000000000000E-002   76.5361587491209     
  3.000000000000000E-002   75.8353224313187     
  3.500000000000000E-002   75.1418156870058     
  4.000000000000000E-002   74.4540620715905     
  4.500000000000000E-002   73.7712049283478     
  5.000000000000000E-002   73.0927805320853     
  5.500000000000000E-002   72.4185739987905     
  6.000000000000000E-002   71.7485490159889     
  6.500000000000000E-002   71.0828090521104     
  7.000000000000001E-002   70.4215719602710     
  7.500000000000000E-002   69.7651499420754     
  8.000000000000000E-002   69.1139314225720     
  8.500000000000001E-002   68.4683635962333     
  9.000000000000000E-002   67.8289354602312     
  9.500000000000000E-002   67.1961616064988     
  0.100000000000000        66.5705671778715     
  0.105000000000000        65.9526743620972     
  0.110000000000000        65.3429906919480     
  0.115000000000000        64.7419992931638     
  0.120000000000000        64.1501511031879     
  0.125000000000000        63.5678589870766     
  0.130000000000000        62.9954936061986     
  0.135000000000000        62.4333808505056     
  0.140000000000000        61.8818006215956     
  0.145000000000000        61.3409867479498     
  0.150000000000000        60.8111278200687     
  0.155000000000000        60.2923687482553     
  0.160000000000000        59.7848128658607     
  0.165000000000000        59.2885244231136     
  0.170000000000000        58.8035313398674     
  0.175000000000000        58.3298281074107     
  0.180000000000000        57.8673787503792     
  0.185000000000000        57.4161197778955     
  0.190000000000000        56.9759630693883     
  0.195000000000000        56.5467986542144     
  0.200000000000000        56.1284973557654     
  0.205000000000000        55.7209132803997     
  0.210000000000000        55.3238861391033     
  0.215000000000000        54.9372433961296     
  0.220000000000000        54.5608022434126     
  0.225000000000000        54.1943714034801     
  0.230000000000000        53.8377527660558     
  0.235000000000000        53.4907428656656     
  0.240000000000000        53.1531342086864     
  0.245000000000000        52.8247164593196     
  0.250000000000000        52.5052774941250     
  0.255000000000000        52.1946043351355     
  0.260000000000000        51.8924839712162     
  0.265000000000000        51.5987040773239     
  0.270000000000000        51.3130536407264     
  0.275000000000000        51.0353235027840     
  0.280000000000000        50.7653068246538     
  0.285000000000000        50.5027994842664     
  0.290000000000000        50.2476004117902     
  0.295000000000000        49.9995118700144     
  0.300000000000000        49.7583396856856     
  0.305000000000000        49.5238934371384     
  0.310000000000000        49.2959866032705     
  0.315000000000000        49.0744366784064     
  0.320000000000000        48.8590652569591     
  0.325000000000000        48.6496980917366     
  0.330000000000000        48.4461651291575     
  0.335000000000000        48.2483005242760     
  0.340000000000000        48.0559426383706     
  0.345000000000000        47.8689340214576     
  0.350000000000000        47.6871213817348     
  0.355000000000000        47.5103555441329     
  0.360000000000000        47.3384913992645     
  0.365000000000000        47.1713878446107     
  0.370000000000000        47.0089077190480     
  0.375000000000000        46.8509177319915     
  0.380000000000000        46.6972883881017     
  0.385000000000000        46.5478939085588     
  0.390000000000000        46.4026121495559     
  0.395000000000000        46.2613245188630     
  0.400000000000000        46.1239158909281     
  0.405000000000000        45.9902745211371     
  0.410000000000000        45.8602919596711     
  0.415000000000000        45.7338629652311     
  0.420000000000000        45.6108854192454     
  0.425000000000000        45.4912602405408     
  0.430000000000000        45.3748913009047     
  0.435000000000000        45.2616853417196     
  0.440000000000000        45.1515518918160     
  0.445000000000000        45.0444031867084     
  0.450000000000000        44.9401540893165     
  0.455000000000000        44.8387220122640     
  0.460000000000000        44.7400268419212     
  0.465000000000000        44.6439908640345     
  0.470000000000000        44.5505386912603     
  0.475000000000000        44.4595971924110     
  0.480000000000000        44.3710954235562     
  0.485000000000000        44.2849645609182     
  0.490000000000000        44.2011378356423     
  0.495000000000000        44.1195504702867     
  0.500000000000000        44.0401396172271     
  0.505000000000000        43.9628442987559     
  0.510000000000000        43.8876053489831     
  0.515000000000000        43.8143653574438     
  0.520000000000000        43.7430686144336     
  0.525000000000000        43.6736610579840     
  0.530000000000000        43.6060902224532     
  0.535000000000000        43.5403051887722     
  0.540000000000000        43.4762565361724     
  0.545000000000000        43.4138962955258     
  0.550000000000000        43.3531779040280     
  0.555000000000000        43.2940561614660     
  0.560000000000000        43.2364871877540     
  0.565000000000000        43.1804283819680     
  0.570000000000000        43.1258383825488     
  0.575000000000000        43.0726770288999     
  0.580000000000000        43.0209053241999     
  0.585000000000000        42.9704853993543     
  0.590000000000000        42.9213804782584     
  0.595000000000000        42.8735548439921     
  0.600000000000000        42.8269738063267     
  0.605000000000000        42.7816036700684     
  0.610000000000000        42.7374117046751     
  0.615000000000000        42.6943661145942     
  0.620000000000000        42.6524360108086     
  0.625000000000000        42.6115913831493     
  0.630000000000000        42.5718030735579     
  0.635000000000000        42.5330427502116     
  0.640000000000000        42.4952828825134     
  0.645000000000000        42.4584967168561     
  0.650000000000000        42.4226582531808     
  0.655000000000000        42.3877422222795     
  0.660000000000000        42.3537240638913     
  0.665000000000000        42.3205799054220     
  0.670000000000000        42.2882865413734     
  0.675000000000000        42.2568214134763     
  0.680000000000000        42.2261625914046     
  0.685000000000000        42.1962887541414     
  0.690000000000000        42.1671791719089     
  0.695000000000000        42.1388136887022     
  0.700000000000000        42.1111727053664     
  0.705000000000000        42.0842371632158     
  0.710000000000000        42.0579885281571     
  0.715000000000000        42.0324087753177     
  0.720000000000000        42.0074803741835     
  0.725000000000000        41.9831862741767     
  0.730000000000000        41.9595098906885     
  0.735000000000000        41.9364350915492     
  0.740000000000000        41.9139461839350     
  0.745000000000000        41.8920279016785     
  0.750000000000000        41.8706653929518     
  0.755000000000000        41.8498442083536     
  0.760000000000000        41.8295502893671     
  0.765000000000000        41.8097699571438     
  0.770000000000000        41.7904899016922     
  0.775000000000000        41.7716971712969     
  0.780000000000000        41.7533791623812     
  0.785000000000000        41.7355236096254     
  0.790000000000000        41.7181185763237     
  0.795000000000000        41.7011524451247     
  0.800000000000000        41.6846139090734     
  0.805000000000000        41.6684919627827     
  0.810000000000000        41.6527758940087     
  0.815000000000000        41.6374552754516     
  0.820000000000000        41.6225199567094     
  0.825000000000000        41.6079600566447     
  0.830000000000000        41.5937659557884     
  0.835000000000000        41.5799282891199     
  0.840000000000000        41.5664379389740     
  0.845000000000000        41.5532860281933     
  0.850000000000000        41.5404639135041     
  0.855000000000000        41.5279631790034     
  0.860000000000000        41.5157756299559     
  0.865000000000000        41.5038932866774     
  0.870000000000000        41.4923083786569     
  0.875000000000000        41.4810133387681     
  0.880000000000000        41.4700007978040     
  0.885000000000000        41.4592635789649     
  0.890000000000000        41.4487946927118     
  0.895000000000000        41.4385873316240     
  0.900000000000000        41.4286348654348     
  0.905000000000000        41.4189308362633     
  0.910000000000000        41.4094689539642     
  0.915000000000000        41.4002430915245     
  0.920000000000000        41.3912472807663     
  0.925000000000000        41.3824757079659     
  0.930000000000000        41.3739227097555     
  0.935000000000000        41.3655827690851     
  0.940000000000000        41.3574505113312     
  0.945000000000000        41.3495207003546     
  0.950000000000000        41.3417882350102     
  0.955000000000000        41.3342481453153     
  0.960000000000000        41.3268955891631     
  0.965000000000000        41.3197258487684     
  0.970000000000000        41.3127343274414     
  0.975000000000000        41.3059165463683     
  0.980000000000000        41.2992681414510     
  0.985000000000000        41.2927848603230     
  0.990000000000000        41.2864625593790     
  0.995000000000000        41.2802972008582     
   1.00000000000000        41.2742848501512     
   1.00500000000000        41.2684216730195     
   1.01000000000000        41.2627039329559     
   1.01500000000000        41.2571279886536     
   1.02000000000000        41.2516902914670     
   1.02500000000000        41.2463873830528     
   1.03000000000000        41.2412158929364     
   1.03500000000000        41.2361725362622     
   1.04000000000000        41.2312541115460     
   1.04500000000000        41.2264574985066     
   1.05000000000000        41.2217796559527     
   1.05500000000000        41.2172176196963     
   1.06000000000000        41.2127685006270     
   1.06500000000000        41.2084294827009     
   1.07000000000000        41.2041978210284     
   1.07500000000000        41.2000708401473     
   1.08000000000000        41.1960459320684     
   1.08500000000000        41.1921205546710     
   1.09000000000000        41.1882922299338     
   1.09500000000000        41.1845585422591     
   1.10000000000000        41.1809171369632     
   1.10500000000000        41.1773657185921     
   1.11000000000000        41.1739020494874     
   1.11500000000000        41.1705239482565     
   1.12000000000000        41.1672292883425     
   1.12500000000000        41.1640159966216     
   1.13000000000000        41.1608820520165     
   1.13500000000000        41.1578254842009     
   1.14000000000000        41.1548443722638     
   1.14500000000000        41.1519368434629     
   1.15000000000000        41.1491010719973     
   1.15500000000000        41.1463352778060     
   1.16000000000000        41.1436377253941     
   1.16500000000000        41.1410067227523     
   1.17000000000000        41.1384406201361     
   1.17500000000000        41.1359378091143     
   1.18000000000000        41.1334967214339     
   1.18500000000000        41.1311158280468     
   1.19000000000000        41.1287936381090     
   1.19500000000000        41.1265286979786     
   1.20000000000000        41.1243195903045     
   1.20500000000000        41.1221649331200     
   1.21000000000000        41.1200633788924     
   1.21500000000000        41.1180136137132     
   1.22000000000000        41.1160143564246     
   1.22500000000000        41.1140643577721     
   1.23000000000000        41.1121623996237     
   1.23500000000000        41.1103072941939     
   1.24000000000000        41.1084978832207     
   1.24500000000000        41.1067330373256     
   1.25000000000000        41.1050116551550     
   1.25500000000000        41.1033326628109     
   1.26000000000000        41.1016950130500     
   1.26500000000000        41.1000976846795     
   1.27000000000000        41.0985396818523     
   1.27500000000000        41.0970200334944     
   1.28000000000000        41.0955377926129     
   1.28500000000000        41.0940920357442     
   1.29000000000000        41.0926818623629     
   1.29500000000000        41.0913063942448     
   1.30000000000000        41.0899647749894     
   1.30500000000000        41.0886561694153     
   1.31000000000000        41.0873797630651     
   1.31500000000000        41.0861347616604     
   1.32000000000000        41.0849203906158     
   1.32500000000000        41.0837358945384     
   1.33000000000000        41.0825805367425     
   1.33500000000000        41.0814535987972     
   1.34000000000000        41.0803543800463     
   1.34500000000000        41.0792821972138     
   1.35000000000000        41.0782363838925     
   1.35500000000000        41.0772162901925     
   1.36000000000000        41.0762212823204     
   1.36500000000000        41.0752507421191     
   1.37000000000000        41.0743040667693     
   1.37500000000000        41.0733806683126     
   1.38000000000000        41.0724799733648     
   1.38500000000000        41.0716014226987     
   1.39000000000000        41.0707444709186     
   1.39500000000000        41.0699085860782     
   1.40000000000000        41.0690932494191     
   1.40500000000000        41.0682979549753     
   1.41000000000000        41.0675222092698     
   1.41500000000000        41.0667655310355     
   1.42000000000000        41.0660274508825     
   1.42500000000000        41.0653075109792     
   1.43000000000000        41.0646052648498     
   1.43500000000000        41.0639202770014     
   1.44000000000000        41.0632521227057     
   1.44500000000000        41.0626003877038     
   1.45000000000000        41.0619646679599     
   1.45500000000000        41.0613445694264     
   1.46000000000000        41.0607397077440     
   1.46500000000000        41.0601497080549     
   1.47000000000000        41.0595742047392     
   1.47500000000000        41.0590128411903     
   1.48000000000000        41.0584652695952     
   1.48500000000000        41.0579311507227     
   1.49000000000000        41.0574101536984     
   1.49500000000000        41.0569019557985     
   1.50000000000000        41.0564062422611     
   1.50500000000000        41.0559227060848     
   1.51000000000000        41.0554510478024     
   1.51500000000000        41.0549909753720     
   1.52000000000000        41.0545422039125     
   1.52500000000000        41.0541044555693     
   1.53000000000000        41.0536774593340     
   1.53500000000000        41.0532609508880     
   1.54000000000000        41.0528546723731     
   1.54500000000000        41.0524583723401     
   1.55000000000000        41.0520718054896     
   1.55500000000000        41.0516947325887     
   1.56000000000000        41.0513269202827     
   1.56500000000000        41.0509681409607     
   1.57000000000000        41.0506181725942     
   1.57500000000000        41.0502767986702     
   1.58000000000000        41.0499438079609     
   1.58500000000000        41.0496189944519     
   1.59000000000000        41.0493021572019     
   1.59500000000000        41.0489931001942     
   1.60000000000000        41.0486916322703     
   1.60500000000000        41.0483975669430     
   1.61000000000000        41.0481107223377     
   1.61500000000000        41.0478309210254     
   1.62000000000000        41.0475579899611     
   1.62500000000000        41.0472917603608     
   1.63000000000000        41.0470320675892     
   1.63500000000000        41.0467787510418     
   1.64000000000000        41.0465316540881     
   1.64500000000000        41.0462906239287     
   1.65000000000000        41.0460555115326     
   1.65500000000000        41.0458261715510     
   1.66000000000000        41.0456024621666     
   1.66500000000000        41.0453842450896     
   1.67000000000000        41.0451713854082     
   1.67500000000000        41.0449637515369     
   1.68000000000000        41.0447612151175     
   1.68500000000000        41.0445636509533     
   1.69000000000000        41.0443709369189     
   1.69500000000000        41.0441829539070     
   1.70000000000000        41.0439995857145     
   1.70500000000000        41.0438207190056     
   1.71000000000000        41.0436462432390     
   1.71500000000000        41.0434760505645     
   1.72000000000000        41.0433100358319     
   1.72500000000000        41.0431480964118     
   1.73000000000000        41.0429901322402     
   1.73500000000000        41.0428360457002     
   1.74000000000000        41.0426857415754     
   1.74500000000000        41.0425391269753     
   1.75000000000000        41.0423961113319     
   1.75500000000000        41.0422566062282     
   1.76000000000000        41.0421205255129     
   1.76500000000000        41.0419877850715     
   1.77000000000000        41.0418583028983     
   1.77500000000000        41.0417319989969     
   1.78000000000000        41.0416087953247     
   1.78500000000000        41.0414886157712     
   1.79000000000000        41.0413713860855     
   1.79500000000000        41.0412570338248     
   1.80000000000000        41.0411454883770     
   1.80500000000000        41.0410366808034     
   1.81000000000000        41.0409305438948     
   1.81500000000000        41.0408270120812     
   1.82000000000000        41.0407260214251     
   1.82500000000000        41.0406275095210     
   1.83000000000000        41.0405314155265     
   1.83500000000000        41.0404376800739     
   1.84000000000000        41.0403462452744     
   1.84500000000000        41.0402570546437     
   1.85000000000000        41.0401700530818     
   1.85500000000000        41.0400851868666     
   1.86000000000000        41.0400024035607     
   1.86500000000000        41.0399216520456     
   1.87000000000000        41.0398428824407     
   1.87500000000000        41.0397660460911     
   1.88000000000000        41.0396910955537     
   1.88500000000000        41.0396179845252     
   1.89000000000000        41.0395466678491     
   1.89500000000000        41.0394771014942     
   1.90000000000000        41.0394092424719     
   1.90500000000000        41.0393430489012     
   1.91000000000000        41.0392784798777     
   1.91500000000000        41.0392154955329     
   1.92000000000000        41.0391540569850     
   1.92500000000000        41.0390941262613     
   1.93000000000000        41.0390356663844     
   1.93500000000000        41.0389786412234     
   1.94000000000000        41.0389230155794     
   1.94500000000000        41.0388687550952     
   1.95000000000000        41.0388158262653     
   1.95500000000000        41.0387641964043     
   1.96000000000000        41.0387138336196     
   1.96500000000000        41.0386647068356     
   1.97000000000000        41.0386167856898     
   1.97500000000000        41.0385700406087     
   1.98000000000000        41.0385244427103     
   1.98500000000000        41.0384799638546     
   1.99000000000000        41.0384365765711     
   1.99500000000000        41.0383942540583     
   2.00000000000000        41.0383529701883     
   2.00500000000000        41.0383126994754     
   2.01000000000000        41.0382734170575     
   2.01500000000000        41.0382350986531     
   2.02000000000000        41.0381977206351     
   2.02500000000000        41.0381612599023     
   2.03000000000000        41.0381256939534     
   2.03500000000000        41.0380910008142     
   2.04000000000000        41.0380571590760     
   2.04500000000000        41.0380241478382     
   2.05000000000000        41.0379919467173     
   2.05500000000000        41.0379605358239     
   2.06000000000000        41.0379298957906     
   2.06500000000000        41.0379000076743     
   2.07000000000000        41.0378708530148     
   2.07500000000000        41.0378424138373     
   2.08000000000000        41.0378146725646     
   2.08500000000000        41.0377876120691     
   2.09000000000000        41.0377612156559     
   2.09500000000000        41.0377354670179     
   2.10000000000000        41.0377103502454     
   2.10500000000000        41.0376858498586     
   2.11000000000000        41.0376619507050     
   2.11500000000000        41.0376386380588     
   2.12000000000000        41.0376158974897     
   2.12500000000000        41.0375937149808     
   2.13000000000000        41.0375720768323     
   2.13500000000000        41.0375509696972     
   2.14000000000000        41.0375303805167     
   2.14500000000000        41.0375102965955     
   2.15000000000000        41.0374907055377     
   2.15500000000000        41.0374715952360     
   2.16000000000000        41.0374529539088     
   2.16500000000000        41.0374347700350     
   2.17000000000000        41.0374170323897     
   2.17500000000000        41.0373997300155     
   2.18000000000000        41.0373828522521     
   2.18500000000000        41.0373663886524     
   2.19000000000000        41.0373503290692     
   2.19500000000000        41.0373346635829     
   2.20000000000000        41.0373193825293     
   2.20500000000000        41.0373044764629     
   2.21000000000000        41.0372899361849     
   2.21500000000000        41.0372757527273     
   2.22000000000000        41.0372619173172     
   2.22500000000000        41.0372484214274     
   2.23000000000000        41.0372352567102     
   2.23500000000000        41.0372224150690     
   2.24000000000000        41.0372098885507     
   2.24500000000000        41.0371976694125     
   2.25000000000000        41.0371857501359     
   2.25500000000000        41.0371741233523     
   2.26000000000000        41.0371627818836     
   2.26500000000000        41.0371517187304     
   2.27000000000000        41.0371409270537     
   2.27500000000000        41.0371304002132     
   2.28000000000000        41.0371201316726     
   2.28500000000000        41.0371101151332     
   2.29000000000000        41.0371003443932     
   2.29500000000000        41.0370908134120     
   2.30000000000000        41.0370815163138     
   2.30500000000000        41.0370724473686     
   2.31000000000000        41.0370636009628     
   2.31500000000000        41.0370549716479     
   2.32000000000000        41.0370465540848     
   2.32500000000000        41.0370383430857     
   2.33000000000000        41.0370303335792     
   2.33500000000000        41.0370225206193     
   2.34000000000000        41.0370148993839     
   2.34500000000000        41.0370074651711     
   2.35000000000000        41.0370002133838     
   2.35500000000000        41.0369931395593     
   2.36000000000000        41.0369862393037     
   2.36500000000000        41.0369795083870     
   2.37000000000000        41.0369729426382     
   2.37500000000000        41.0369665380088     
   2.38000000000000        41.0369602905422     
   2.38500000000000        41.0369541963790     
   2.39000000000000        41.0369482517666     
   2.39500000000000        41.0369424530258     
   2.40000000000000        41.0369367965900     
   2.40500000000000        41.0369312789540     
   2.41000000000000        41.0369258967093     
   2.41500000000000        41.0369206465498     
   2.42000000000000        41.0369155252182     
   2.42500000000000        41.0369105295573     
   2.43000000000000        41.0369056564924     
   2.43500000000000        41.0369009030013     
   2.44000000000000        41.0368962661663     
   2.44500000000000        41.0368917430999     
   2.45000000000000        41.0368873310423     
   2.45500000000000        41.0368830272395     
   2.46000000000000        41.0368788290586     
   2.46500000000000        41.0368747338857     
   2.47000000000000        41.0368707392158     
   2.47500000000000        41.0368668425635     
   2.48000000000000        41.0368630415257     
   2.48500000000000        41.0368593337822     
   2.49000000000000        41.0368557170048     
   2.49500000000000        41.0368521889847     
   2.50000000000000        41.0368487475454     
