  5.000000000000000E-003  0.000000000000000E+000
  1.000000000000000E-002  0.000000000000000E+000
  1.500000000000000E-002  0.000000000000000E+000
  2.000000000000000E-002  0.000000000000000E+000
  2.500000000000000E-002  0.000000000000000E+000
  3.000000000000000E-002  0.000000000000000E+000
  3.500000000000000E-002  0.000000000000000E+000
  4.000000000000000E-002  0.000000000000000E+000
  4.500000000000000E-002  0.000000000000000E+000
  5.000000000000000E-002  0.000000000000000E+000
  5.500000000000000E-002  0.000000000000000E+000
  6.000000000000000E-002  0.000000000000000E+000
  6.500000000000000E-002  0.000000000000000E+000
  7.000000000000001E-002  0.000000000000000E+000
  7.500000000000000E-002  0.000000000000000E+000
  8.000000000000000E-002  0.000000000000000E+000
  8.500000000000001E-002  0.000000000000000E+000
  9.000000000000000E-002  0.000000000000000E+000
  9.500000000000000E-002  0.000000000000000E+000
  0.100000000000000       0.000000000000000E+000
  0.105000000000000       0.000000000000000E+000
  0.110000000000000       0.000000000000000E+000
  0.115000000000000       0.000000000000000E+000
  0.120000000000000       0.000000000000000E+000
  0.125000000000000       0.000000000000000E+000
  0.130000000000000       0.000000000000000E+000
  0.135000000000000       0.000000000000000E+000
  0.140000000000000       0.000000000000000E+000
  0.145000000000000       0.000000000000000E+000
  0.150000000000000       0.000000000000000E+000
  0.155000000000000       0.000000000000000E+000
  0.160000000000000       0.000000000000000E+000
  0.165000000000000       0.000000000000000E+000
  0.170000000000000       0.000000000000000E+000
  0.175000000000000       0.000000000000000E+000
  0.180000000000000       0.000000000000000E+000
  0.185000000000000       0.000000000000000E+000
  0.190000000000000       0.000000000000000E+000
  0.195000000000000       0.000000000000000E+000
  0.200000000000000        7047.51107629154     
  0.205000000000000        1291.75813400998     
  0.210000000000000        725.899311508788     
  0.215000000000000        511.296840505622     
  0.220000000000000        398.129694275734     
  0.225000000000000        328.077468697926     
  0.230000000000000        280.493766550393     
  0.235000000000000        246.294799217032     
  0.240000000000000        220.276433128360     
  0.245000000000000        200.945147819970     
  0.250000000000000        185.276345565325     
  0.255000000000000        172.218133740250     
  0.260000000000000        161.533289901934     
  0.265000000000000        152.164437349023     
  0.270000000000000        144.164599337183     
  0.275000000000000        137.221458803407     
  0.280000000000000        131.135470814109     
  0.285000000000000        125.739370627066     
  0.290000000000000        120.965973630678     
  0.295000000000000        116.639449274415     
  0.300000000000000        112.744218888991     
  0.305000000000000        109.208317304671     
  0.310000000000000        106.066388585998     
  0.315000000000000        103.194678201946     
  0.320000000000000        100.528320428959     
  0.325000000000000        98.1026539144032     
  0.330000000000000        95.8276635717827     
  0.335000000000000        93.7695177608218     
  0.340000000000000        91.8786814101263     
  0.345000000000000        90.1072034746017     
  0.350000000000000        88.4277938974591     
  0.355000000000000        86.9159699692892     
  0.360000000000000        85.4504130607390     
  0.365000000000000        84.0875058360373     
  0.370000000000000        82.8112876920202     
  0.375000000000000        81.5998791704622     
  0.380000000000000        80.4547232128362     
  0.385000000000000        79.4078993655959     
  0.390000000000000        78.4035702647113     
  0.395000000000000        77.4462739058654     
  0.400000000000000        76.5351647865116     
  0.405000000000000        75.6760652796269     
  0.410000000000000        74.8477540208795     
  0.415000000000000        74.1006460009750     
  0.420000000000000        73.3978017781617     
  0.425000000000000        72.6873236878009     
  0.430000000000000        72.0169626460419     
  0.435000000000000        71.3783640007222     
  0.440000000000000        70.7816261074986     
  0.445000000000000        70.2122099577336     
  0.450000000000000        69.6579548589194     
  0.455000000000000        69.1357467384042     
  0.460000000000000        68.6186683689661     
  0.465000000000000        68.1480821117780     
  0.470000000000000        67.6703753737149     
  0.475000000000000        67.2415661798203     
  0.480000000000000        66.8314131686103     
  0.485000000000000        66.4086397164696     
  0.490000000000000        66.0455896376154     
  0.495000000000000        65.6794124337157     
  0.500000000000000        65.3351695145850     
  0.505000000000000        64.9907573920097     
  0.510000000000000        64.6469072846657     
  0.515000000000000        64.3253086673351     
  0.520000000000000        64.0249450624850     
  0.525000000000000        63.7196198727366     
  0.530000000000000        63.4332337554127     
  0.535000000000000        63.1627483173235     
  0.540000000000000        62.9022881407176     
  0.545000000000000        62.6593688359513     
  0.550000000000000        62.4155081453251     
  0.555000000000000        62.1909486779603     
  0.560000000000000        61.9602219510787     
  0.565000000000000        61.7440537466560     
  0.570000000000000        61.5193961756254     
  0.575000000000000        61.3067060603890     
  0.580000000000000        61.0987678369051     
  0.585000000000000        60.8990467243781     
  0.590000000000000        60.7141110089776     
  0.595000000000000        60.5257307909307     
  0.600000000000000        60.3572046668645     
  0.605000000000000        60.1829726107684     
  0.610000000000000        60.0165271644779     
  0.615000000000000        59.8551646941579     
  0.620000000000000        59.7047651051002     
  0.625000000000000        59.5577236619681     
  0.630000000000000        59.4156240886658     
  0.635000000000000        59.2793760144164     
  0.640000000000000        59.1436307361116     
  0.645000000000000        59.0075438893364     
  0.650000000000000        58.8744874870752     
  0.655000000000000        58.7545996625656     
  0.660000000000000        58.6352587782517     
  0.665000000000000        58.5126165921856     
  0.670000000000000        58.3968277810716     
  0.675000000000000        58.2841562476840     
  0.680000000000000        58.1745468231415     
  0.685000000000000        58.0742878944115     
  0.690000000000000        57.9797661749827     
  0.695000000000000        57.8837846879140     
  0.700000000000000        57.7890972124327     
  0.705000000000000        57.7029428165103     
  0.710000000000000        57.6166126753899     
  0.715000000000000        57.5342463974373     
  0.720000000000000        57.4474667703432     
  0.725000000000000        57.3698184688510     
  0.730000000000000        57.2870461685927     
  0.735000000000000        57.2084958933314     
  0.740000000000000        57.1365459830806     
  0.745000000000000        57.0596274340079     
  0.750000000000000        56.9915746069199     
  0.755000000000000        56.9263805915581     
  0.760000000000000        56.8655657808579     
  0.765000000000000        56.7993121093749     
  0.770000000000000        56.7381365548681     
  0.775000000000000        56.6731790369677     
  0.780000000000000        56.6140227730552     
  0.785000000000000        56.5615569860830     
  0.790000000000000        56.5022727125830     
  0.795000000000000        56.4451188043683     
  0.800000000000000        56.3901859477938     
  0.805000000000000        56.3379210913845     
  0.810000000000000        56.2891336363649     
  0.815000000000000        56.2408347040043     
  0.820000000000000        56.1926623244122     
  0.825000000000000        56.1433730561047     
  0.830000000000000        56.0963393763478     
  0.835000000000000        56.0500668001857     
  0.840000000000000        56.0046505378092     
  0.845000000000000        55.9637673462239     
  0.850000000000000        55.9226040285817     
  0.855000000000000        55.8818168775596     
  0.860000000000000        55.8452629809335     
  0.865000000000000        55.8069361007894     
  0.870000000000000        55.7714250351338     
  0.875000000000000        55.7387789926887     
  0.880000000000000        55.7024576241411     
  0.885000000000000        55.6702407563278     
  0.890000000000000        55.6375769809244     
  0.895000000000000        55.6037533649594     
  0.900000000000000        55.5769126480693     
  0.905000000000000        55.5450991042451     
  0.910000000000000        55.5138560787408     
  0.915000000000000        55.4836844073567     
  0.920000000000000        55.4540514588407     
  0.925000000000000        55.4273240737344     
  0.930000000000000        55.4030275325224     
  0.935000000000000        55.3758565119006     
  0.940000000000000        55.3510915995448     
  0.945000000000000        55.3253077925102     
  0.950000000000000        55.3039174922533     
  0.955000000000000        55.2794321634674     
  0.960000000000000        55.2575234752513     
  0.965000000000000        55.2342809425566     
  0.970000000000000        55.2116305880498     
  0.975000000000000        55.1933718120629     
  0.980000000000000        55.1719845682366     
  0.985000000000000        55.1552636350184     
  0.990000000000000        55.1361089426258     
  0.995000000000000        55.1176933164162     
   1.00000000000000        55.1008417034581     
   1.00500000000000        55.0820117920587     
   1.01000000000000        55.0671744557945     
   1.01500000000000        55.0492438845712     
   1.02000000000000        55.0316283181483     
   1.02500000000000        55.0154599909154     
   1.03000000000000        54.9987289366153     
   1.03500000000000        54.9824230888543     
   1.04000000000000        54.9665312968050     
   1.04500000000000        54.9510427075165     
   1.05000000000000        54.9359467794353     
   1.05500000000000        54.9212332572693     
   1.06000000000000        54.9068921642848     
   1.06500000000000        54.8929138071986     
   1.07000000000000        54.8800695829591     
   1.07500000000000        54.8667882706358     
   1.08000000000000        54.8559943285692     
   1.08500000000000        54.8433735509680     
   1.09000000000000        54.8310708856460     
   1.09500000000000        54.8222591978084     
   1.10000000000000        54.8105664430225     
   1.10500000000000        54.8015958435075     
   1.11000000000000        54.7904826046303     
   1.11500000000000        54.7796486218821     
   1.12000000000000        54.7690867155862     
   1.12500000000000        54.7587899096087     
   1.13000000000000        54.7487514025710     
   1.13500000000000        54.7389645884053     
   1.14000000000000        54.7294230241628     
   1.14500000000000        54.7201204463259     
   1.15000000000000        54.7110507488881     
   1.15500000000000        54.7022079944670     
   1.16000000000000        54.6935864014636     
   1.16500000000000        54.6851803399750     
   1.17000000000000        54.6769843243365     
   1.17500000000000        54.6689930183779     
   1.18000000000000        54.6612012226769     
   1.18500000000000        54.6536038768460     
   1.19000000000000        54.6461960486901     
   1.19500000000000        54.6389729396336     
   1.20000000000000        54.6319298725172     
   1.20500000000000        54.6250622920359     
   1.21000000000000        54.6220450872760     
   1.21500000000000        54.6164698684509     
   1.22000000000000        54.6101012739168     
   1.22500000000000        54.6038911348780     
   1.23000000000000        54.5978354587132     
   1.23500000000000        54.5938546729063     
   1.24000000000000        54.5880958660123     
   1.24500000000000        54.5824801595082     
   1.25000000000000        54.5808516465021     
   1.25500000000000        54.5755102412301     
   1.26000000000000        54.5703014484738     
   1.26500000000000        54.5652219334413     
   1.27000000000000        54.5602684568695     
   1.27500000000000        54.5554378550201     
   1.28000000000000        54.5523068470606     
   1.28500000000000        54.5477125373764     
   1.29000000000000        54.5432321089348     
   1.29500000000000        54.5388627092510     
   1.30000000000000        54.5346015627702     
   1.30500000000000        54.5304459611028     
   1.31000000000000        54.5263932679855     
   1.31500000000000        54.5246816606994     
   1.32000000000000        54.5208267473721     
   1.32500000000000        54.5170672361451     
   1.33000000000000        54.5134007437313     
   1.33500000000000        54.5098249532689     
   1.34000000000000        54.5063375991319     
   1.34500000000000        54.5029364852926     
   1.35000000000000        54.4996194534276     
   1.35500000000000        54.4976214914822     
   1.36000000000000        54.4944662530275     
   1.36500000000000        54.4913889827499     
   1.37000000000000        54.4883877386385     
   1.37500000000000        54.4854606322570     
   1.38000000000000        54.4826058195450     
   1.38500000000000        54.4814924474141     
   1.39000000000000        54.4787766853684     
   1.39500000000000        54.4761279662591     
   1.40000000000000        54.4735446282811     
   1.40500000000000        54.4710250468539     
   1.41000000000000        54.4685676359258     
   1.41500000000000        54.4661708591606     
   1.42000000000000        54.4638332081997     
   1.42500000000000        54.4615532190377     
   1.43000000000000        54.4593294612804     
   1.43500000000000        54.4571605419791     
   1.44000000000000        54.4550451043028     
   1.44500000000000        54.4529818178417     
   1.45000000000000        54.4509693961440     
   1.45500000000000        54.4490065805028     
   1.46000000000000        54.4470921370861     
   1.46500000000000        54.4475158707141     
   1.47000000000000        54.4456944288718     
   1.47500000000000        54.4439178631245     
   1.48000000000000        54.4421850680569     
   1.48500000000000        54.4404949550737     
   1.49000000000000        54.4388464751446     
   1.49500000000000        54.4372385908849     
   1.50000000000000        54.4356703089284     
   1.50500000000000        54.4341406437154     
   1.51000000000000        54.4326486414095     
   1.51500000000000        54.4311933751637     
   1.52000000000000        54.4297739345923     
   1.52500000000000        54.4283894366484     
   1.53000000000000        54.4270390158171     
   1.53500000000000        54.4257218355926     
   1.54000000000000        54.4244370705479     
   1.54500000000000        54.4231839242406     
   1.55000000000000        54.4219616130463     
   1.55500000000000        54.4207693789786     
   1.56000000000000        54.4196064810017     
   1.56500000000000        54.4184721908820     
   1.57000000000000        54.4173658056738     
   1.57500000000000        54.4162866394341     
   1.58000000000000        54.4152340159071     
   1.58500000000000        54.4142072863102     
   1.59000000000000        54.4132058070827     
   1.59500000000000        54.4122289582372     
   1.60000000000000        54.4112761334192     
   1.60500000000000        54.4103467400433     
   1.61000000000000        54.4094402007353     
   1.61500000000000        54.4085559504458     
   1.62000000000000        54.4076934428728     
   1.62500000000000        54.4068521412627     
   1.63000000000000        54.4060315218829     
   1.63500000000000        54.4052310787417     
   1.64000000000000        54.4044503118313     
   1.64500000000000        54.4036887375267     
   1.65000000000000        54.4029458829732     
   1.65500000000000        54.4022212871480     
   1.66000000000000        54.4015145019828     
   1.66500000000000        54.4008250882513     
   1.67000000000000        54.4001526171967     
   1.67500000000000        54.3994966729231     
   1.68000000000000        54.3988568494125     
   1.68500000000000        54.3982327473892     
   1.69000000000000        54.3976239850925     
   1.69500000000000        54.3970301782370     
   1.70000000000000        54.3964509624908     
   1.70500000000000        54.3958859801625     
   1.71000000000000        54.3953348767652     
   1.71500000000000        54.3947973156137     
   1.72000000000000        54.3942729620105     
   1.72500000000000        54.3937614891350     
   1.73000000000000        54.3932625829579     
   1.73500000000000        54.3927759308799     
   1.74000000000000        54.3923012360815     
   1.74500000000000        54.3918382026217     
   1.75000000000000        54.3913865422954     
   1.75500000000000        54.3909459750705     
   1.76000000000000        54.3905162315802     
   1.76500000000000        54.3900970431618     
   1.77000000000000        54.3896881502109     
   1.77500000000000        54.3892893015798     
   1.78000000000000        54.3889002479480     
   1.78500000000000        54.3885207498904     
   1.79000000000000        54.3881505721430     
   1.79500000000000        54.3877894849453     
   1.80000000000000        54.3874372665434     
   1.80500000000000        54.3878116682727     
   1.81000000000000        54.3874765261793     
   1.81500000000000        54.3871496175393     
   1.82000000000000        54.3868307360020     
   1.82500000000000        54.3865196826019     
   1.83000000000000        54.3862162719711     
   1.83500000000000        54.3859203077657     
   1.84000000000000        54.3856316118658     
   1.84500000000000        54.3853500054335     
   1.85000000000000        54.3850753153986     
   1.85500000000000        54.3848073680145     
   1.86000000000000        54.3845459994652     
   1.86500000000000        54.3842910499461     
   1.87000000000000        54.3840423577678     
   1.87500000000000        54.3837997729324     
   1.88000000000000        54.3835631456445     
   1.88500000000000        54.3833323254479     
   1.89000000000000        54.3831071746636     
   1.89500000000000        54.3828875511244     
   1.90000000000000        54.3826733181555     
   1.90500000000000        54.3824643460323     
   1.91000000000000        54.3822605024480     
   1.91500000000000        54.3820616648166     
   1.92000000000000        54.3818677089883     
   1.92500000000000        54.3816785125805     
   1.93000000000000        54.3814939638569     
   1.93500000000000        54.3813139418241     
   1.94000000000000        54.3811383432300     
   1.94500000000000        54.3809670524977     
   1.95000000000000        54.3807999678360     
   1.95500000000000        54.3806369852447     
   1.96000000000000        54.3804780013894     
   1.96500000000000        54.3803229235630     
   1.97000000000000        54.3801716489884     
   1.97500000000000        54.3800240887988     
   1.98000000000000        54.3798801537678     
   1.98500000000000        54.3797397475031     
   1.99000000000000        54.3796027916274     
   1.99500000000000        54.3794691941310     
   2.00000000000000        54.3793388759912     
   2.00500000000000        54.3792117586939     
   2.01000000000000        54.3790877625332     
   2.01500000000000        54.3789668058426     
   2.02000000000000        54.3788488226281     
   2.02500000000000        54.3787337339799     
   2.03000000000000        54.3786214688387     
   2.03500000000000        54.3785119602294     
   2.04000000000000        54.3784051392254     
   2.04500000000000        54.3783009402032     
   2.05000000000000        54.3781992982332     
   2.05500000000000        54.3781001501353     
   2.06000000000000        54.3780034389226     
   2.06500000000000        54.3779090984467     
   2.07000000000000        54.3778170736570     
   2.07500000000000        54.3777273083367     
   2.08000000000000        54.3776397481237     
   2.08500000000000        54.3775543333878     
   2.09000000000000        54.3774710165496     
   2.09500000000000        54.3773897450499     
   2.10000000000000        54.3773104672429     
   2.10500000000000        54.3772331347383     
   2.11000000000000        54.3771577019133     
   2.11500000000000        54.3770841219114     
   2.12000000000000        54.3770123427446     
   2.12500000000000        54.3808296991733     
   2.13000000000000        54.3807613872009     
   2.13500000000000        54.3806947533844     
   2.14000000000000        54.3806297521170     
   2.14500000000000        54.3805663456403     
   2.15000000000000        54.3805044970654     
   2.15500000000000        54.3804441655227     
   2.16000000000000        54.3803853157319     
   2.16500000000000        54.3803279109809     
   2.17000000000000        54.3802719131540     
   2.17500000000000        54.3802172909054     
   2.18000000000000        54.3801640075370     
   2.18500000000000        54.3801120335732     
   2.19000000000000        54.3800613328351     
   2.19500000000000        54.3800118787014     
   2.20000000000000        54.3799636390631     
   2.20500000000000        54.3799165814527     
   2.21000000000000        54.3798706783618     
   2.21500000000000        54.3798259016046     
   2.22000000000000        54.3797822270793     
   2.22500000000000        54.3797396189034     
   2.23000000000000        54.3796980596463     
   2.23500000000000        54.3796575223031     
   2.24000000000000        54.3796179758802     
   2.24500000000000        54.3795794024582     
   2.25000000000000        54.3795417736328     
   2.25500000000000        54.3795050705853     
   2.26000000000000        54.3794692667641     
   2.26500000000000        54.3794343406014     
   2.27000000000000        54.3794002736277     
   2.27500000000000        54.3793670429566     
   2.28000000000000        54.3793346247627     
   2.28500000000000        54.3793030059677     
   2.29000000000000        54.3792721603688     
   2.29500000000000        54.3792420719106     
   2.30000000000000        54.3792127226423     
   2.30500000000000        54.3791840944405     
   2.31000000000000        54.3791561662649     
   2.31500000000000        54.3791289268090     
   2.32000000000000        54.3791023520831     
   2.32500000000000        54.3790764325109     
   2.33000000000000        54.3790511476828     
   2.33500000000000        54.3790264847396     
   2.34000000000000        54.3790024252537     
   2.34500000000000        54.3789789579791     
   2.35000000000000        54.3789560659845     
   2.35500000000000        54.3789337336433     
   2.36000000000000        54.3789119518622     
   2.36500000000000        54.3788907034790     
   2.37000000000000        54.3788699772968     
   2.37500000000000        54.3788497591024     
   2.38000000000000        54.3788300368234     
   2.38500000000000        54.3788107997638     
   2.39000000000000        54.3787920324176     
   2.39500000000000        54.3787737274481     
   2.40000000000000        54.3787558730714     
   2.40500000000000        54.3787384528404     
   2.41000000000000        54.3787214629425     
   2.41500000000000        54.3787048891620     
   2.42000000000000        54.3786887218433     
   2.42500000000000        54.3786729535940     
   2.43000000000000        54.3786575676577     
   2.43500000000000        54.3786425637892     
   2.44000000000000        54.3786279278100     
   2.44500000000000        54.3786136474236     
   2.45000000000000        54.3785997211035     
   2.45500000000000        54.3785861337634     
   2.46000000000000        54.3785728803210     
   2.46500000000000        54.3785599553896     
   2.47000000000000        54.3785473438163     
   2.47500000000000        54.3785350442805     
   2.48000000000000        54.3785230438060     
   2.48500000000000        54.3785113413585     
   2.49000000000000        54.3784999229321     
   2.49500000000000        54.3784887848145     
   2.50000000000000        54.3784779222361     
