  5.000000000000000E-003   91.7333061080480     
  1.000000000000000E-002   93.1304009883091     
  1.500000000000000E-002   93.3117550987405     
  2.000000000000000E-002   93.2325211759681     
  2.500000000000000E-002   93.0797957529865     
  3.000000000000000E-002   92.9062743160772     
  3.500000000000000E-002   92.7303720468817     
  4.000000000000000E-002   92.5588644770238     
  4.500000000000000E-002   92.3941761920122     
  5.000000000000000E-002   92.2369460681665     
  5.500000000000000E-002   92.0870692815302     
  6.000000000000000E-002   91.9441396669241     
  6.500000000000000E-002   91.8076476780015     
  7.000000000000001E-002   91.6770693538472     
  7.500000000000000E-002   91.5519054036874     
  8.000000000000000E-002   91.4316966771408     
  8.500000000000001E-002   91.3160284452430     
  9.000000000000000E-002   91.2045294745505     
  9.500000000000000E-002   91.0968688432198     
  0.100000000000000        90.9927519525267     
  0.105000000000000        90.8919164401234     
  0.110000000000000        90.7941283214710     
  0.115000000000000        90.6991784928168     
  0.120000000000000        90.6068796320314     
  0.125000000000000        90.5170634865914     
  0.130000000000000        90.4295785170642     
  0.135000000000000        90.3442878569378     
  0.140000000000000        90.2610675489426     
  0.145000000000000        90.1798050204779     
  0.150000000000000        90.1003977645647     
  0.155000000000000        90.0227521968857     
  0.160000000000000        89.9467826634931     
  0.165000000000000        89.8724105774164     
  0.170000000000000        89.7995636656303     
  0.175000000000000        89.7281753106444     
  0.180000000000000        89.6581839733571     
  0.185000000000000        89.5895326858508     
  0.190000000000000        89.5221686045157     
  0.195000000000000        89.4560426153330     
  0.200000000000000        89.3911089843655     
  0.205000000000000        89.3273250475301     
  0.210000000000000        89.2646509345812     
  0.215000000000000        89.2030493229677     
  0.220000000000000        89.1424852178392     
  0.225000000000000        89.0829257549964     
  0.230000000000000        89.0243400240146     
  0.235000000000000        88.9666989091593     
  0.240000000000000        88.9099749460109     
  0.245000000000000        88.8541421920042     
  0.250000000000000        88.7991761093113     
  0.255000000000000        88.7450534586999     
  0.260000000000000        88.6917522031686     
  0.265000000000000        88.6392514203078     
  0.270000000000000        88.5875312224644     
  0.275000000000000        88.5365726838979     
  0.280000000000000        88.4863577742088     
  0.285000000000000        88.4368692974074     
  0.290000000000000        88.3880908360618     
  0.295000000000000        88.3400067000264     
  0.300000000000000        88.2926018793087     
  0.305000000000000        88.2458620006830     
  0.310000000000000        88.1997732876970     
  0.315000000000000        88.1543225237622     
  0.320000000000000        88.1094970180446     
  0.325000000000000        88.0652845739086     
  0.330000000000000        88.0216734596885     
  0.335000000000000        87.9786523815839     
  0.340000000000000        87.9362104585025     
  0.345000000000000        87.8943371986817     
  0.350000000000000        87.8530224779458     
  0.355000000000000        87.8122565194636     
  0.360000000000000        87.7720298748860     
  0.365000000000000        87.7323334067533     
  0.370000000000000        87.6931582720755     
  0.375000000000000        87.6544959069902     
  0.380000000000000        87.6163380124207     
  0.385000000000000        87.5786765406532     
  0.390000000000000        87.5415036827688     
  0.395000000000000        87.5048118568627     
  0.400000000000000        87.4685936969957     
  0.405000000000000        87.4328420428216     
  0.410000000000000        87.3975499298436     
  0.415000000000000        87.3627105802534     
  0.420000000000000        87.3283173943115     
  0.425000000000000        87.2943639422316     
  0.430000000000000        87.2608439565327     
  0.435000000000000        87.2277513248270     
  0.440000000000000        87.1950800830154     
  0.445000000000000        87.1628244088615     
  0.450000000000000        87.1309786159206     
  0.455000000000000        87.0995371478009     
  0.460000000000000        87.0684945727332     
  0.465000000000000        87.0378455784347     
  0.470000000000000        87.0075849672439     
  0.475000000000000        86.9777076515133     
  0.480000000000000        86.9482086492439     
  0.485000000000000        86.9190830799455     
  0.490000000000000        86.8903261607134     
  0.495000000000000        86.8619332025046     
  0.500000000000000        86.8338996066051     
  0.505000000000000        86.8062208612770     
  0.510000000000000        86.7788925385729     
  0.515000000000000        86.7519102913097     
  0.520000000000000        86.7252698501944     
  0.525000000000000        86.6989670210882     
  0.530000000000000        86.6729976824059     
  0.535000000000000        86.6473577826401     
  0.540000000000000        86.6220433380021     
  0.545000000000000        86.5970504301773     
  0.550000000000000        86.5723752041823     
  0.555000000000000        86.5480138663228     
  0.560000000000000        86.5239626822442     
  0.565000000000000        86.5002179750716     
  0.570000000000000        86.4767761236316     
  0.575000000000000        86.4536335607554     
  0.580000000000000        86.4307867716551     
  0.585000000000000        86.4082322923735     
  0.590000000000000        86.3859667082993     
  0.595000000000000        86.3639866527506     
  0.600000000000000        86.3422888056158     
  0.605000000000000        86.3208698920590     
  0.610000000000000        86.2997266812751     
  0.615000000000000        86.2788559853060     
  0.620000000000000        86.2582546579017     
  0.625000000000000        86.2379195934355     
  0.630000000000000        86.2178477258630     
  0.635000000000000        86.1980360277272     
  0.640000000000000        86.1784815092053     
  0.645000000000000        86.1591812171971     
  0.650000000000000        86.1401322344511     
  0.655000000000000        86.1213316787257     
  0.660000000000000        86.1027767019886     
  0.665000000000000        86.0844644896451     
  0.670000000000000        86.0663922598002     
  0.675000000000000        86.0485572625477     
  0.680000000000000        86.0309567792900     
  0.685000000000000        86.0135881220825     
  0.690000000000000        85.9964486330032     
  0.695000000000000        85.9795356835478     
  0.700000000000000        85.9628466740460     
  0.705000000000000        85.9463790331008     
  0.710000000000000        85.9301302170499     
  0.715000000000000        85.9140977094440     
  0.720000000000000        85.8982790205492     
  0.725000000000000        85.8826716868644     
  0.730000000000000        85.8672732706591     
  0.735000000000000        85.8520813595284     
  0.740000000000000        85.8370935659640     
  0.745000000000000        85.8223075269430     
  0.750000000000000        85.8077209035317     
  0.755000000000000        85.7933313805038     
  0.760000000000000        85.7791366659747     
  0.765000000000000        85.7651344910492     
  0.770000000000000        85.7513226094802     
  0.775000000000000        85.7376987973443     
  0.780000000000000        85.7242608527244     
  0.785000000000000        85.7110065954081     
  0.790000000000000        85.6979338665930     
  0.795000000000000        85.6850405286051     
  0.800000000000000        85.6723244646243     
  0.805000000000000        85.6597835784206     
  0.810000000000000        85.6474157940983     
  0.815000000000000        85.6352190558480     
  0.820000000000000        85.6231913277073     
  0.825000000000000        85.6113305933274     
  0.830000000000000        85.5996348557492     
  0.835000000000000        85.5881021371842     
  0.840000000000000        85.5767304788025     
  0.845000000000000        85.5655179405286     
  0.850000000000000        85.5544626008425     
  0.855000000000000        85.5435625565867     
  0.860000000000000        85.5328159227809     
  0.865000000000000        85.5222208324397     
  0.870000000000000        85.5117754363997     
  0.875000000000000        85.5014779031478     
  0.880000000000000        85.4913264186594     
  0.885000000000000        85.4813191862375     
  0.890000000000000        85.4714544263592     
  0.895000000000000        85.4617303765257     
  0.900000000000000        85.4521452911171     
  0.905000000000000        85.4426974412503     
  0.910000000000000        85.4333851146423     
  0.915000000000000        85.4242066154751     
  0.920000000000000        85.4151602642647     
  0.925000000000000        85.4062443977342     
  0.930000000000000        85.3974573686871     
  0.935000000000000        85.3887975458866     
  0.940000000000000        85.3802633139337     
  0.945000000000000        85.3718530731514     
  0.950000000000000        85.3635652394681     
  0.955000000000000        85.3553982443045     
  0.960000000000000        85.3473505344626     
  0.965000000000000        85.3394205720171     
  0.970000000000000        85.3316068342080     
  0.975000000000000        85.3239078133346     
  0.980000000000000        85.3163220166540     
  0.985000000000000        85.3088479662789     
  0.990000000000000        85.3014841990779     
  0.995000000000000        85.2942292665792     
   1.00000000000000        85.2870817348731     
   1.00500000000000        85.2800401845192     
   1.01000000000000        85.2731032104531     
   1.01500000000000        85.2662694218954     
   1.02000000000000        85.2595374422616     
   1.02500000000000        85.2529059090740     
   1.03000000000000        85.2463734738733     
   1.03500000000000        85.2399388021331     
   1.04000000000000        85.2336005731729     
   1.04500000000000        85.2273574800739     
   1.05000000000000        85.2212082295945     
   1.05500000000000        85.2151515420863     
   1.06000000000000        85.2091861514101     
   1.06500000000000        85.2033108048542     
   1.07000000000000        85.1975242630502     
   1.07500000000000        85.1918252998920     
   1.08000000000000        85.1862127024527     
   1.08500000000000        85.1806852709040     
   1.09000000000000        85.1752418184335     
   1.09500000000000        85.1698811711651     
   1.10000000000000        85.1646021680772     
   1.10500000000000        85.1594036609221     
   1.11000000000000        85.1542845141477     
   1.11500000000000        85.1492436048156     
   1.12000000000000        85.1442798225235     
   1.12500000000000        85.1393920693248     
   1.13000000000000        85.1345792596510     
   1.13500000000000        85.1298403202322     
   1.14000000000000        85.1251741900194     
   1.14500000000000        85.1205798201062     
   1.15000000000000        85.1160561736502     
   1.15500000000000        85.1116022257952     
   1.16000000000000        85.1072169635943     
   1.16500000000000        85.1028993859288     
   1.17000000000000        85.0986485034327     
   1.17500000000000        85.0944633384128     
   1.18000000000000        85.0903429247702     
   1.18500000000000        85.0862863079213     
   1.19000000000000        85.0822925447182     
   1.19500000000000        85.0783607033703     
   1.20000000000000        85.0744898633635     
   1.20500000000000        85.0706791153805     
   1.21000000000000        85.0669275612210     
   1.21500000000000        85.0632343137208     
   1.22000000000000        85.0595984966720     
   1.22500000000000        85.0560192447415     
   1.23000000000000        85.0524957033911     
   1.23500000000000        85.0490270287959     
   1.24000000000000        85.0456123877637     
   1.24500000000000        85.0422509576543     
   1.25000000000000        85.0389419262981     
   1.25500000000000        85.0356844919148     
   1.26000000000000        85.0324778630328     
   1.26500000000000        85.0293212584075     
   1.27000000000000        85.0262139069401     
   1.27500000000000        85.0231550475956     
   1.28000000000000        85.0201439293219     
   1.28500000000000        85.0171798109673     
   1.29000000000000        85.0142619611991     
   1.29500000000000        85.0113896584200     
   1.30000000000000        85.0085621906876     
   1.30500000000000        85.0057788556299     
   1.31000000000000        85.0030389603639     
   1.31500000000000        85.0003418214106     
   1.32000000000000        84.9976867646138     
   1.32500000000000        84.9950731250552     
   1.33000000000000        84.9925002469711     
   1.33500000000000        84.9899674836684     
   1.34000000000000        84.9874741974417     
   1.34500000000000        84.9850197594878     
   1.35000000000000        84.9826035498239     
   1.35500000000000        84.9802249572013     
   1.36000000000000        84.9778833790232     
   1.36500000000000        84.9755782212603     
   1.37000000000000        84.9733088983670     
   1.37500000000000        84.9710748331982     
   1.38000000000000        84.9688754569243     
   1.38500000000000        84.9667102089496     
   1.39000000000000        84.9645785368274     
   1.39500000000000        84.9624798961776     
   1.40000000000000        84.9604137506027     
   1.40500000000000        84.9583795716052     
   1.41000000000000        84.9563768385044     
   1.41500000000000        84.9544050383532     
   1.42000000000000        84.9524636658555     
   1.42500000000000        84.9505522232830     
   1.43000000000000        84.9486702203924     
   1.43500000000000        84.9468171743436     
   1.44000000000000        84.9449926096162     
   1.44500000000000        84.9431960579270     
   1.45000000000000        84.9414270581489     
   1.45500000000000        84.9396851562280     
   1.46000000000000        84.9379699051015     
   1.46500000000000        84.9362808646171     
   1.47000000000000        84.9346176014506     
   1.47500000000000        84.9329796890259     
   1.48000000000000        84.9313667074333     
   1.48500000000000        84.9297782433500     
   1.49000000000000        84.9282138899595     
   1.49500000000000        84.9266732468726     
   1.50000000000000        84.9251559200474     
   1.50500000000000        84.9236615217107     
   1.51000000000000        84.9221896702804     
   1.51500000000000        84.9207399902861     
   1.52000000000000        84.9193121122924     
   1.52500000000000        84.9179056728214     
   1.53000000000000        84.9165203142761     
   1.53500000000000        84.9151556848636     
   1.54000000000000        84.9138114385195     
   1.54500000000000        84.9124872348317     
   1.55000000000000        84.9111827389666     
   1.55500000000000        84.9098976215921     
   1.56000000000000        84.9086315588058     
   1.56500000000000        84.9073842320589     
   1.57000000000000        84.9061553280847     
   1.57500000000000        84.9049445388244     
   1.58000000000000        84.9037515613548     
   1.58500000000000        84.9025760978170     
   1.59000000000000        84.9014178553443     
   1.59500000000000        84.9002765459920     
   1.60000000000000        84.8991518866666     
   1.60500000000000        84.8980435990564     
   1.61000000000000        84.8969514095624     
   1.61500000000000        84.8958750492297     
   1.62000000000000        84.8948142536793     
   1.62500000000000        84.8937687630419     
   1.63000000000000        84.8927383218900     
   1.63500000000000        84.8917226791722     
   1.64000000000000        84.8907215881484     
   1.64500000000000        84.8897348063244     
   1.65000000000000        84.8887620953880     
   1.65500000000000        84.8878032211450     
   1.66000000000000        84.8868579534569     
   1.66500000000000        84.8859260661777     
   1.67000000000000        84.8850073370930     
   1.67500000000000        84.8841015478582     
   1.68000000000000        84.8832084839383     
   1.68500000000000        84.8823279345476     
   1.69000000000000        84.8814596925909     
   1.69500000000000        84.8806035546039     
   1.70000000000000        84.8797593206961     
   1.70500000000000        84.8789267944929     
   1.71000000000000        84.8781057830785     
   1.71500000000000        84.8772960969401     
   1.72000000000000        84.8764975499128     
   1.72500000000000        84.8757099591239     
   1.73000000000000        84.8749331449388     
   1.73500000000000        84.8741669309083     
   1.74000000000000        84.8734111437155     
   1.74500000000000        84.8726656131228     
   1.75000000000000        84.8719301719212     
   1.75500000000000        84.8712046558800     
   1.76000000000000        84.8704889036954     
   1.76500000000000        84.8697827569416     
   1.77000000000000        84.8690860600224     
   1.77500000000000        84.8683986601220     
   1.78000000000000        84.8677204071584     
   1.78500000000000        84.8670511537360     
   1.79000000000000        84.8663907550988     
   1.79500000000000        84.8657390690859     
   1.80000000000000        84.8650959560852     
   1.80500000000000        84.8644612789896     
   1.81000000000000        84.8638349031532     
   1.81500000000000        84.8632166963470     
   1.82000000000000        84.8626065287179     
   1.82500000000000        84.8620042727451     
   1.83000000000000        84.8614098031994     
   1.83500000000000        84.8608229971023     
   1.84000000000000        84.8602437336857     
   1.84500000000000        84.8596718943519     
   1.85000000000000        84.8591073626354     
   1.85500000000000        84.8585500241633     
   1.86000000000000        84.8579997666187     
   1.86500000000000        84.8574564797027     
   1.87000000000000        84.8569200550977     
   1.87500000000000        84.8563903864319     
   1.88000000000000        84.8558673692434     
   1.88500000000000        84.8553509009451     
   1.89000000000000        84.8548408807912     
   1.89500000000000        84.8543372098427     
   1.90000000000000        84.8538397909341     
   1.90500000000000        84.8533485286409     
   1.91000000000000        84.8528633292475     
   1.91500000000000        84.8523841007154     
   1.92000000000000        84.8519107526523     
   1.92500000000000        84.8514431962806     
   1.93000000000000        84.8509813444083     
   1.93500000000000        84.8505251113992     
   1.94000000000000        84.8500744131426     
   1.94500000000000        84.8496291670261     
   1.95000000000000        84.8491892919062     
   1.95500000000000        84.8487547080821     
   1.96000000000000        84.8483253372663     
   1.96500000000000        84.8479011025597     
   1.97000000000000        84.8474819284246     
   1.97500000000000        84.8470677406587     
   1.98000000000000        84.8466584663701     
   1.98500000000000        84.8462540339520     
   1.99000000000000        84.8458543730590     
   1.99500000000000        84.8454594145823     
   2.00000000000000        84.8450690906265     
   2.00500000000000        84.8446833344863     
   2.01000000000000        84.8443020806243     
   2.01500000000000        84.8439252646480     
   2.02000000000000        84.8435528232881     
   2.02500000000000        84.8431846943780     
   2.03000000000000        84.8428208168310     
   2.03500000000000        84.8424611306207     
   2.04000000000000        84.8421055767605     
   2.04500000000000        84.8417540972842     
   2.05000000000000        84.8414066352248     
   2.05500000000000        84.8410631345969     
   2.06000000000000        84.8407235403768     
   2.06500000000000        84.8403877984847     
   2.07000000000000        84.8400558557658     
   2.07500000000000        84.8397276599732     
   2.08000000000000        84.8394031597495     
   2.08500000000000        84.8390823046105     
   2.09000000000000        84.8387650449277     
   2.09500000000000        84.8384513319122     
   2.10000000000000        84.8381411175983     
   2.10500000000000        84.8378343548277     
   2.11000000000000        84.8375309972339     
   2.11500000000000        84.8372309992269     
   2.12000000000000        84.8369343159785     
   2.12500000000000        84.8366409034072     
   2.13000000000000        84.8363507181644     
   2.13500000000000        84.8360637176200     
   2.14000000000000        84.8357798598482     
   2.14500000000000        84.8354991036151     
   2.15000000000000        84.8352214083642     
   2.15500000000000        84.8349467342043     
   2.16000000000000        84.8346750418962     
   2.16500000000000        84.8344062928403     
   2.17000000000000        84.8341404490650     
   2.17500000000000        84.8338774732133     
   2.18000000000000        84.8336173285325     
   2.18500000000000        84.8333599788618     
   2.19000000000000        84.8331053886210     
   2.19500000000000        84.8328535227997     
   2.20000000000000        84.8326043469464     
   2.20500000000000        84.8323578271573     
   2.21000000000000        84.8321139300664     
   2.21500000000000        84.8318726228355     
   2.22000000000000        84.8316338731434     
   2.22500000000000        84.8313976491766     
   2.23000000000000        84.8311639196194     
   2.23500000000000        84.8309326536449     
   2.24000000000000        84.8307038209053     
   2.24500000000000        84.8304773915235     
   2.25000000000000        84.8302533360831     
   2.25500000000000        84.8300316256210     
   2.26000000000000        84.8298122316188     
   2.26500000000000        84.8295951259933     
   2.27000000000000        84.8293802810894     
   2.27500000000000        84.8291676696723     
   2.28000000000000        84.8289572649189     
   2.28500000000000        84.8287490404103     
   2.29000000000000        84.8285429701254     
   2.29500000000000        84.8283390284317     
   2.30000000000000        84.8281371900796     
   2.30500000000000        84.8279374301944     
   2.31000000000000        84.8277397242701     
   2.31500000000000        84.8275440481625     
   2.32000000000000        84.8273503780812     
   2.32500000000000        84.8271586905860     
   2.33000000000000        84.8269689625771     
   2.33500000000000        84.8267811712913     
   2.34000000000000        84.8265952942949     
   2.34500000000000        84.8264113094782     
   2.35000000000000        84.8262291950486     
   2.35500000000000        84.8260489295265     
   2.36000000000000        84.8258704917379     
   2.36500000000000        84.8256938608105     
   2.37000000000000        84.8255190161672     
   2.37500000000000        84.8253459375211     
   2.38000000000000        84.8251746048708     
   2.38500000000000        84.8250049984946     
   2.39000000000000        84.8248370989464     
   2.39500000000000        84.8246708870501     
   2.40000000000000        84.8245063438951     
   2.40500000000000        84.8243434508318     
   2.41000000000000        84.8241821894666     
   2.41500000000000        84.8240225416583     
   2.42000000000000        84.8238644895128     
   2.42500000000000        84.8237080153789     
   2.43000000000000        84.8235531018448     
   2.43500000000000        84.8233997317332     
   2.44000000000000        84.8232478880976     
   2.44500000000000        84.8230975542184     
   2.45000000000000        84.8229487135989     
   2.45500000000000        84.8228013499609     
   2.46000000000000        84.8226554472423     
   2.46500000000000        84.8225109895925     
   2.47000000000000        84.8223679613687     
   2.47500000000000        84.8222263471330     
   2.48000000000000        84.8220861316484     
   2.48500000000000        84.8219472998763     
   2.49000000000000        84.8218098369717     
   2.49500000000000        84.8216737282820     
   2.50000000000000        84.8215389593417     
   2.52500000000000        84.8208906874807     
   2.55000000000000        84.8202732582209     
   2.57500000000000        84.8196850993454     
   2.60000000000000        84.8191247366517     
   2.62500000000000        84.8185907831477     
   2.65000000000000        84.8180819317732     
   2.67500000000000        84.8175969492750     
   2.70000000000000        84.8171346708317     
   2.72500000000000        84.8166939952456     
   2.75000000000000        84.8162738806009     
   2.77500000000000        84.8158733403220     
   2.80000000000000        84.8154914395761     
   2.82500000000000        84.8151272919871     
   2.85000000000000        84.8147800566176     
   2.87500000000000        84.8144489351965     
   2.90000000000000        84.8141331695637     
   2.92500000000000        84.8138320393136     
   2.95000000000000        84.8135448596148     
   2.97500000000000        84.8132709791913     
   3.00000000000000        84.8130097784504     
   3.02500000000000        84.8127606677408     
   3.05000000000000        84.8125230857332     
   3.07500000000000        84.8122964979097     
   3.10000000000000        84.8120803951522     
   3.12500000000000        84.8118742924236     
   3.15000000000000        84.8116777275331     
   3.17500000000000        84.8114902599762     
   3.20000000000000        84.8113114698477     
   3.22500000000000        84.8111409568172     
   3.25000000000000        84.8109783391674     
   3.27500000000000        84.8108232528842     
   3.30000000000000        84.8106753508015     
   3.32500000000000        84.8105343017909     
   3.35000000000000        84.8103997899963     
   3.37500000000000        84.8102715141097     
   3.40000000000000        84.8101491866857     
   3.42500000000000        84.8100325334901     
   3.45000000000000        84.8099212928829     
   3.47500000000000        84.8098152152323     
   3.50000000000000        84.8097140623592     
   3.52500000000000        84.8096176070061     
   3.55000000000000        84.8095256323350     
   3.57500000000000        84.8094379314489     
   3.60000000000000        84.8093543069346     
   3.62500000000000        84.8092745704295     
   3.65000000000000        84.8091985422071     
   3.67500000000000        84.8091260507835     
   3.70000000000000        84.8090569325412     
   3.72500000000000        84.8089910313698     
   3.75000000000000        84.8089281983254     
   3.77500000000000        84.8088682913034     
   3.80000000000000        84.8088111747278     
   3.82500000000000        84.8087567192538     
   3.85000000000000        84.8087048014842     
   3.87500000000000        84.8086553036992     
   3.90000000000000        84.8086081135970     
   3.92500000000000        84.8085631240483     
   3.95000000000000        84.8085202328600     
   3.97500000000000        84.8084793425500     
   4.00000000000000        84.8084403601333     
   4.02500000000000        84.8084031969161     
   4.05000000000000        84.8083677683000     
   4.07500000000000        84.8083339935952     
   4.10000000000000        84.8083017958420     
   4.12500000000000        84.8082711016395     
   4.15000000000000        84.8082418409834     
   4.17500000000000        84.8082139471102     
   4.20000000000000        84.8081873563488     
   4.22500000000000        84.8081620079781     
   4.25000000000000        84.8081378440929     
   4.27500000000000        84.8081148094727     
   4.30000000000000        84.8080928514598     
   4.32500000000000        84.8080719198413     
   4.35000000000000        84.8080519667350     
   4.37500000000000        84.8080329464844     
   4.40000000000000        84.8080148155544     
   4.42500000000000        84.8079975324342     
   4.45000000000000        84.8079810575432     
   4.47500000000000        84.8079653531431     
   4.50000000000000        84.8079503832512     
   4.52500000000000        84.8079361135606     
   4.55000000000000        84.8079225113618     
   4.57500000000000        84.8079095454689     
   4.60000000000000        84.8078971861496     
   4.62500000000000        84.8078854050570     
   4.65000000000000        84.8078741751659     
   4.67500000000000        84.8078634707115     
   4.70000000000000        84.8078532671305     
   4.72500000000000        84.8078435410059     
   4.75000000000000        84.8078342700130     
   4.77500000000000        84.8078254328694     
   4.80000000000000        84.8078170092861     
   4.82500000000000        84.8078089799215     
   4.85000000000000        84.8078013263369     
   4.87500000000000        84.8077940309554     
   4.90000000000000        84.8077870770207     
   4.92500000000000        84.8077804485592     
   4.95000000000000        84.8077741303444     
   4.97500000000000        84.8077681078606     
   5.00000000000000        84.8077623672712     
   5.02500000000000        84.8077568953860     
   5.05000000000000        84.8077516796315     
   5.07500000000000        84.8077467080219     
   5.10000000000000        84.8077419691326     
   5.12500000000000        84.8077374520720     
   5.15000000000000        84.8077331464590     
   5.17500000000000        84.8077290423974     
   5.20000000000000        84.8077251304541     
   5.22500000000000        84.8077214016373     
   5.25000000000000        84.8077178473758     
   5.27500000000000        84.8077144594991     
   5.30000000000000        84.8077112302195     
   5.32500000000000        84.8077081521134     
   5.35000000000000        84.8077052181046     
   5.37500000000000        84.8077024214479     
   5.40000000000000        84.8076997557137     
   5.42500000000000        84.8076972147737     
   5.45000000000000        84.8076947927859     
   5.47500000000000        84.8076924841822     
   5.50000000000000        84.8076902836547     
   5.52500000000000        84.8076881861439     
   5.55000000000000        84.8076861868278     
   5.57500000000000        84.8076842811088     
   5.60000000000000        84.8076824646058     
   5.62500000000000        84.8076807331422     
   5.65000000000000        84.8076790827368     
   5.67500000000000        84.8076775095951     
   5.70000000000000        84.8076760100998     
   5.72500000000000        84.8076745808035     
   5.75000000000000        84.8076732184194     
   5.77500000000000        84.8076719198153     
   5.80000000000000        84.8076706820053     
   5.82500000000000        84.8076695021432     
   5.85000000000000        84.8076683775162     
   5.87500000000000        84.8076673055385     
   5.90000000000000        84.8076662837453     
   5.92500000000000        84.8076653097872     
   5.95000000000000        84.8076643814246     
   5.97500000000000        84.8076634965231     
   6.00000000000000        84.8076626530481     
   6.02500000000000        84.8076618490601     
   6.05000000000000        84.8076610827106     
   6.07500000000000        84.8076603522373     
   6.10000000000000        84.8076596559608     
   6.12500000000000        84.8076589922802     
   6.15000000000000        84.8076583596695     
   6.17500000000000        84.8076577566741     
   6.20000000000000        84.8076571819076     
   6.22500000000000        84.8076566340486     
   6.25000000000000        84.8076561118371     
