# time[s]   eps[1/s]   eps_tail[1/s]   eps_shape[1/s]   eps_tail_shape[1/s]
   5.0000000E-01   6.6830885E-01   5.9866507E-01   5.8451862E-01   5.1012201E-01
   7.5000000E-01   3.0369074E-01   2.4804291E-01   2.9778049E-01   1.8660542E-01
   1.0000000E+00   1.7520338E-01   1.2366036E-01   1.7523522E-01   9.0730590E-02
   1.2500000E+00   9.9929295E-02   6.2756916E-02   9.8814218E-02   4.7552417E-02
   1.5000000E+00   5.2000887E-02   3.1634688E-02   5.0325669E-02   2.5568452E-02
   1.7500000E+00   2.4943609E-02   1.6154087E-02   2.3472126E-02   1.4043520E-02
   2.0000000E+00   1.1855154E-02   8.5745919E-03   1.0824403E-02   7.8824265E-03
   2.2500000E+00   5.9760200E-03   4.7573706E-03   5.3370108E-03   4.5097813E-03
   2.5000000E+00   3.2494458E-03   2.7392044E-03   2.8764607E-03   2.6301344E-03
   3.7500000E+00   8.6087614E-04   7.6179693E-04   7.7311106E-04   7.2793159E-04
   5.0000000E+00   6.9969606E-05   8.6720611E-05   6.9860833E-05   6.4722599E-05
   6.2500000E+00   3.8163955E-05   4.2946864E-05   6.3778418E-06   5.8934050E-06
