  5.000000000000000E-003   23.0916436513569     
  1.000000000000000E-002   23.6040319168295     
  1.500000000000000E-002   23.8764958539536     
  2.000000000000000E-002   24.0509736298626     
  2.500000000000000E-002   24.1738792257395     
  3.000000000000000E-002   24.2657598895939     
  3.500000000000000E-002   24.3373375299472     
  4.000000000000000E-002   24.3948200949270     
  4.500000000000000E-002   24.4420776108152     
  5.000000000000000E-002   24.4816593377333     
  5.500000000000000E-002   24.5153185555862     
  6.000000000000000E-002   24.5443037030651     
  6.500000000000000E-002   24.5695295855036     
  7.000000000000001E-002   24.5916828768937     
  7.500000000000000E-002   24.6112897197464     
  8.000000000000000E-002   24.6287604865473     
  8.500000000000001E-002   24.6444202666236     
  9.000000000000000E-002   24.6585301447155     
  9.500000000000000E-002   24.6713023744682     
  0.100000000000000        24.6829114056248     
  0.105000000000000        24.6935020345603     
  0.110000000000000        24.7031955206818     
  0.115000000000000        24.7120942396542     
  0.120000000000000        24.7202852677632     
  0.125000000000000        24.7278431744256     
  0.130000000000000        24.7348322205010     
  0.135000000000000        24.7413081054533     
  0.140000000000000        24.7473193682497     
  0.145000000000000        24.7529085198312     
  0.150000000000000        24.7581129655618     
  0.155000000000000        24.7629657619304     
  0.160000000000000        24.7674962413997     
  0.165000000000000        24.7717305315718     
  0.170000000000000        24.7756919890533     
  0.175000000000000        24.7794015640162     
  0.180000000000000        24.7828781081008     
  0.185000000000000        24.7861386357294     
  0.190000000000000        24.7891985468983     
  0.195000000000000        24.7920718179518     
  0.200000000000000        24.7947711656151     
  0.205000000000000        24.7973081885834     
  0.210000000000000        24.7996934901965     
  0.215000000000000        24.8019367851005     
  0.220000000000000        24.8040469923010     
  0.225000000000000        24.8060323166061     
  0.230000000000000        24.8079003201283     
  0.235000000000000        24.8096579852421     
  0.240000000000000        24.8113117701773     
  0.245000000000000        24.8128676582404     
  0.250000000000000        24.8143312015082     
  0.255000000000000        24.8157075597108     
  0.260000000000000        24.8170015349167     
  0.265000000000000        24.8182176025435     
  0.270000000000000        24.8193599391449     
  0.275000000000000        24.8204324473628     
  0.280000000000000        24.8214387783774     
  0.285000000000000        24.8223823521483     
  0.290000000000000        24.8232663756969     
  0.295000000000000        24.8240938596501     
  0.300000000000000        24.8248676332378     
  0.305000000000000        24.8255903579113     
  0.310000000000000        24.8262645397294     
  0.315000000000000        24.8268925406427     
  0.320000000000000        24.8274765887897     
  0.325000000000000        24.8280187879051     
  0.330000000000000        24.8285211259294     
  0.335000000000000        24.8289854828997     
  0.340000000000000        24.8294136381903     
  0.345000000000000        24.8298072771672     
  0.350000000000000        24.8301679973106     
  0.355000000000000        24.8304973138562     
  0.360000000000000        24.8307966649985     
  0.365000000000000        24.8310674166976     
  0.370000000000000        24.8313108671227     
  0.375000000000000        24.8315282507661     
  0.380000000000000        24.8317207422563     
  0.385000000000000        24.8318894598944     
  0.390000000000000        24.8320354689397     
  0.395000000000000        24.8321597846626     
  0.400000000000000        24.8322633751867     
  0.405000000000000        24.8323471641349     
  0.410000000000000        24.8324120330967     
  0.415000000000000        24.8324588239299     
  0.420000000000000        24.8324883409105     
  0.425000000000000        24.8325013527413     
  0.430000000000000        24.8324985944313     
  0.435000000000000        24.8324807690543     
  0.440000000000000        24.8324485493975     
  0.445000000000000        24.8324025795058     
  0.450000000000000        24.8323434761321     
  0.455000000000000        24.8322718300979     
  0.460000000000000        24.8321882075730     
  0.465000000000000        24.8320931512779     
  0.470000000000000        24.8319871816162     
  0.475000000000000        24.8318707977409     
  0.480000000000000        24.8317444785587     
  0.485000000000000        24.8316086836783     
  0.490000000000000        24.8314638543047     
  0.495000000000000        24.8313104140839     
  0.500000000000000        24.8311487699012     
  0.505000000000000        24.8309793126367     
  0.510000000000000        24.8308024178789     
  0.515000000000000        24.8306184466015     
  0.520000000000000        24.8304277458041     
  0.525000000000000        24.8302306491188     
  0.530000000000000        24.8300274773867     
  0.535000000000000        24.8298185392033     
  0.540000000000000        24.8296041314369     
  0.545000000000000        24.8293845397211     
  0.550000000000000        24.8291600389217     
  0.555000000000000        24.8289308935810     
  0.560000000000000        24.8286973583403     
  0.565000000000000        24.8284596783410     
  0.570000000000000        24.8282180896070     
  0.575000000000000        24.8279728194086     
  0.580000000000000        24.8277240866085     
  0.585000000000000        24.8274721019922     
  0.590000000000000        24.8272170685828     
  0.595000000000000        24.8269591819410     
  0.600000000000000        24.8266986304517     
  0.605000000000000        24.8264355955976     
  0.610000000000000        24.8261702522204     
  0.615000000000000        24.8259027687708     
  0.620000000000000        24.8256333075472     
  0.625000000000000        24.8253620249244     
  0.630000000000000        24.8250890715719     
  0.635000000000000        24.8248145926637     
  0.640000000000000        24.8245387280786     
  0.645000000000000        24.8242616125921     
  0.650000000000000        24.8239833760608     
  0.655000000000000        24.8237041435984     
  0.660000000000000        24.8234240357450     
  0.665000000000000        24.8231431686291     
  0.670000000000000        24.8228616541231     
  0.675000000000000        24.8225795999921     
  0.680000000000000        24.8222971100374     
  0.685000000000000        24.8220142842333     
  0.690000000000000        24.8217312188591     
  0.695000000000000        24.8214480066254     
  0.700000000000000        24.8211647367955     
  0.705000000000000        24.8208814953023     
  0.710000000000000        24.8205983648602     
  0.715000000000000        24.8203154250733     
  0.720000000000000        24.8200327525387     
  0.725000000000000        24.8197504209467     
  0.730000000000000        24.8194685011766     
  0.735000000000000        24.8191870613898     
  0.740000000000000        24.8189061671185     
  0.745000000000000        24.8186258813520     
  0.750000000000000        24.8183462646197     
  0.755000000000000        24.8180673750708     
  0.760000000000000        24.8177892685519     
  0.765000000000000        24.8175119986812     
  0.770000000000000        24.8172356169203     
  0.775000000000000        24.8169601726437     
  0.780000000000000        24.8166857132057     
  0.785000000000000        24.8164122840049     
  0.790000000000000        24.8161399285465     
  0.795000000000000        24.8158686885027     
  0.800000000000000        24.8155986037703     
  0.805000000000000        24.8153297125272     
  0.810000000000000        24.8150620512861     
  0.815000000000000        24.8147956549468     
  0.820000000000000        24.8145305568469     
  0.825000000000000        24.8142667888100     
  0.830000000000000        24.8140043811931     
  0.835000000000000        24.8137433629322     
  0.840000000000000        24.8134837615859     
  0.845000000000000        24.8132256033782     
  0.850000000000000        24.8129689132398     
  0.855000000000000        24.8127137148477     
  0.860000000000000        24.8124600306641     
  0.865000000000000        24.8122078819737     
  0.870000000000000        24.8119572889204     
  0.875000000000000        24.8117082705417     
  0.880000000000000        24.8114608448037     
  0.885000000000000        24.8112150286337     
  0.890000000000000        24.8109708379525     
  0.895000000000000        24.8107282877055     
  0.900000000000000        24.8104873918928     
  0.905000000000000        24.8102481635986     
  0.910000000000000        24.8100106150196     
  0.915000000000000        24.8097747574925     
  0.920000000000000        24.8095406015204     
  0.925000000000000        24.8093081567989     
  0.930000000000000        24.8090774322413     
  0.935000000000000        24.8088484360024     
  0.940000000000000        24.8086211755021     
  0.945000000000000        24.8083956574485     
  0.950000000000000        24.8081718878600     
  0.955000000000000        24.8079498720861     
  0.960000000000000        24.8077296148290     
  0.965000000000000        24.8075111201634     
  0.970000000000000        24.8072943915561     
  0.975000000000000        24.8070794318854     
  0.980000000000000        24.8068662434591     
  0.985000000000000        24.8066548280330     
  0.990000000000000        24.8064451868285     
  0.995000000000000        24.8062373205493     
   1.00000000000000        24.8060312293983     
   1.00500000000000        24.8058269130936     
   1.01000000000000        24.8056243708846     
   1.01500000000000        24.8054236015670     
   1.02000000000000        24.8052246034980     
   1.02500000000000        24.8050273746106     
   1.03000000000000        24.8048319124277     
   1.03500000000000        24.8046382140762     
   1.04000000000000        24.8044462762998     
   1.04500000000000        24.8042560954725     
   1.05000000000000        24.8040676676108     
   1.05500000000000        24.8038809883862     
   1.06000000000000        24.8036960531369     
   1.06500000000000        24.8035128568794     
   1.07000000000000        24.8033313943199     
   1.07500000000000        24.8031516598650     
   1.08000000000000        24.8029736476324     
   1.08500000000000        24.8027973514614     
   1.09000000000000        24.8026227649225     
   1.09500000000000        24.8024498813277     
   1.10000000000000        24.8022786937398     
   1.10500000000000        24.8021091949819     
   1.11000000000000        24.8019413776460     
   1.11500000000000        24.8017752341026     
   1.12000000000000        24.8016107565088     
   1.12500000000000        24.8014479368168     
   1.13000000000000        24.8012867667825     
   1.13500000000000        24.8011272379732     
   1.14000000000000        24.8009693417755     
   1.14500000000000        24.8008130694029     
   1.15000000000000        24.8006584119037     
   1.15500000000000        24.8005053601674     
   1.16000000000000        24.8003539049327     
   1.16500000000000        24.8002040367937     
   1.17000000000000        24.8000557462070     
   1.17500000000000        24.7999090234979     
   1.18000000000000        24.7997638588669     
   1.18500000000000        24.7996202423959     
   1.19000000000000        24.7994781640540     
   1.19500000000000        24.7993376137037     
   1.20000000000000        24.7991985811061     
   1.20500000000000        24.7990610559266     
   1.21000000000000        24.7989250277403     
   1.21500000000000        24.7987904860374     
   1.22000000000000        24.7986574202280     
   1.22500000000000        24.7985258196474     
   1.23000000000000        24.7983956735606     
   1.23500000000000        24.7982669711673     
   1.24000000000000        24.7981397016067     
   1.24500000000000        24.7980138539616     
   1.25000000000000        24.7978894172633     
   1.25500000000000        24.7977663804954     
   1.26000000000000        24.7976447325986     
   1.26500000000000        24.7975244624744     
   1.27000000000000        24.7974055589891     
   1.27500000000000        24.7972880109783     
   1.28000000000000        24.7971718072497     
   1.28500000000000        24.7970569365878     
   1.29000000000000        24.7969433877567     
   1.29500000000000        24.7968311495043     
   1.30000000000000        24.7967202105651     
   1.30500000000000        24.7966105596638     
   1.31000000000000        24.7965021855184     
   1.31500000000000        24.7963950768434     
   1.32000000000000        24.7962892223527     
   1.32500000000000        24.7961846107625     
   1.33000000000000        24.7960812307944     
   1.33500000000000        24.7959790711778     
   1.34000000000000        24.7958781206529     
   1.34500000000000        24.7957783679730     
   1.35000000000000        24.7956798019074     
   1.35500000000000        24.7955824112438     
   1.36000000000000        24.7954861847903     
   1.36500000000000        24.7953911113784     
   1.37000000000000        24.7952971798648     
   1.37500000000000        24.7952043791339     
   1.38000000000000        24.7951126981000     
   1.38500000000000        24.7950221257090     
   1.39000000000000        24.7949326509410     
   1.39500000000000        24.7948442628119     
   1.40000000000000        24.7947569503757     
   1.40500000000000        24.7946707027258     
   1.41000000000000        24.7945855089974     
   1.41500000000000        24.7945013583688     
   1.42000000000000        24.7944182400634     
   1.42500000000000        24.7943361433510     
   1.43000000000000        24.7942550575497     
   1.43500000000000        24.7941749720270     
   1.44000000000000        24.7940958762017     
   1.44500000000000        24.7940177595449     
   1.45000000000000        24.7939406115814     
   1.45500000000000        24.7938644218912     
   1.46000000000000        24.7937891801106     
   1.46500000000000        24.7937148759332     
   1.47000000000000        24.7936414991114     
   1.47500000000000        24.7935690394572     
   1.48000000000000        24.7934974868435     
   1.48500000000000        24.7934268312049     
   1.49000000000000        24.7933570625389     
   1.49500000000000        24.7932881709067     
   1.50000000000000        24.7932201464341     
   1.50500000000000        24.7931529793126     
   1.51000000000000        24.7930866597998     
   1.51500000000000        24.7930211782207     
   1.52000000000000        24.7929565249680     
   1.52500000000000        24.7928926905033     
   1.53000000000000        24.7928296653572     
   1.53500000000000        24.7927674401305     
   1.54000000000000        24.7927060054945     
   1.54500000000000        24.7926453521915     
   1.55000000000000        24.7925854710356     
   1.55500000000000        24.7925263529128     
   1.56000000000000        24.7924679887819     
   1.56500000000000        24.7924103696745     
   1.57000000000000        24.7923534866956     
   1.57500000000000        24.7922973310240     
   1.58000000000000        24.7922418939125     
   1.58500000000000        24.7921871666881     
   1.59000000000000        24.7921331407524     
   1.59500000000000        24.7920798075819     
   1.60000000000000        24.7920271587280     
   1.60500000000000        24.7919751858175     
   1.61000000000000        24.7919238805523     
   1.61500000000000        24.7918732347099     
   1.62000000000000        24.7918232401434     
   1.62500000000000        24.7917738887818     
   1.63000000000000        24.7917251726296     
   1.63500000000000        24.7916770837673     
   1.64000000000000        24.7916296143512     
   1.64500000000000        24.7915827566135     
   1.65000000000000        24.7915365028623     
   1.65500000000000        24.7914908454813     
   1.66000000000000        24.7914457769302     
   1.66500000000000        24.7914012897442     
   1.67000000000000        24.7913573765339     
   1.67500000000000        24.7913140299856     
   1.68000000000000        24.7912712428606     
   1.68500000000000        24.7912290079955     
   1.69000000000000        24.7911873183016     
   1.69500000000000        24.7911461667648     
   1.70000000000000        24.7911055464456     
   1.70500000000000        24.7910654504788     
   1.71000000000000        24.7910258720727     
   1.71500000000000        24.7909868045096     
   1.72000000000000        24.7909482411451     
   1.72500000000000        24.7909101754077     
   1.73000000000000        24.7908726007989     
   1.73500000000000        24.7908355108923     
   1.74000000000000        24.7907988993340     
   1.74500000000000        24.7907627598413     
   1.75000000000000        24.7907270862035     
   1.75500000000000        24.7906918722803     
   1.76000000000000        24.7906571120025     
   1.76500000000000        24.7906227993710     
   1.77000000000000        24.7905889284565     
   1.77500000000000        24.7905554933991     
   1.78000000000000        24.7905224884081     
   1.78500000000000        24.7904899077613     
   1.79000000000000        24.7904577458045     
   1.79500000000000        24.7904259969513     
   1.80000000000000        24.7903946556828     
   1.80500000000000        24.7903637165463     
   1.81000000000000        24.7903331741559     
   1.81500000000000        24.7903030231912     
   1.82000000000000        24.7902732583971     
   1.82500000000000        24.7902438745835     
   1.83000000000000        24.7902148666243     
   1.83500000000000        24.7901862294573     
   1.84000000000000        24.7901579580837     
   1.84500000000000        24.7901300475672     
   1.85000000000000        24.7901024930338     
   1.85500000000000        24.7900752896712     
   1.86000000000000        24.7900484327282     
   1.86500000000000        24.7900219175144     
   1.87000000000000        24.7899957393992     
   1.87500000000000        24.7899698938117     
   1.88000000000000        24.7899443762402     
   1.88500000000000        24.7899191822312     
   1.89000000000000        24.7898943073892     
   1.89500000000000        24.7898697473762     
   1.90000000000000        24.7898454979110     
   1.90500000000000        24.7898215547687     
   1.91000000000000        24.7897979137799     
   1.91500000000000        24.7897745708309     
   1.92000000000000        24.7897515218622     
   1.92500000000000        24.7897287628685     
   1.93000000000000        24.7897062898981     
   1.93500000000000        24.7896840990522     
   1.94000000000000        24.7896621864843     
   1.94500000000000        24.7896405484000     
   1.95000000000000        24.7896191810558     
   1.95500000000000        24.7895980807592     
   1.96000000000000        24.7895772438679     
   1.96500000000000        24.7895566667889     
   1.97000000000000        24.7895363459785     
   1.97500000000000        24.7895162779414     
   1.98000000000000        24.7894964592303     
   1.98500000000000        24.7894768864453     
   1.99000000000000        24.7894575562333     
   1.99500000000000        24.7894384652876     
   2.00000000000000        24.7894196103471     
   2.00500000000000        24.7894009881963     
   2.01000000000000        24.7893825956639     
   2.01500000000000        24.7893644296234     
   2.02000000000000        24.7893464869913     
   2.02500000000000        24.7893287647278     
   2.03000000000000        24.7893112598354     
   2.03500000000000        24.7892939693586     
   2.04000000000000        24.7892768903838     
   2.04500000000000        24.7892600200381     
   2.05000000000000        24.7892433554893     
   2.05500000000000        24.7892268939452     
   2.06000000000000        24.7892106326531     
   2.06500000000000        24.7891945688993     
   2.07000000000000        24.7891787000086     
   2.07500000000000        24.7891630233438     
   2.08000000000000        24.7891475363052     
   2.08500000000000        24.7891322363302     
   2.09000000000000        24.7891171208926     
   2.09500000000000        24.7891021875022     
   2.10000000000000        24.7890874337047     
   2.10500000000000        24.7890728570806     
   2.11000000000000        24.7890584552450     
   2.11500000000000        24.7890442258474     
   2.12000000000000        24.7890301665708     
   2.12500000000000        24.7890162751317     
   2.13000000000000        24.7890025492792     
   2.13500000000000        24.7889889867948     
   2.14000000000000        24.7889755854921     
   2.14500000000000        24.7889623432158     
   2.15000000000000        24.7889492578421     
   2.15500000000000        24.7889363272776     
   2.16000000000000        24.7889235494590     
   2.16500000000000        24.7889109223531     
   2.17000000000000        24.7888984439558     
   2.17500000000000        24.7888861122920     
   2.18000000000000        24.7888739254153     
   2.18500000000000        24.7888618814071     
   2.19000000000000        24.7888499783769     
   2.19500000000000        24.7888382144612     
   2.20000000000000        24.7888265878238     
   2.20500000000000        24.7888150966548     
   2.21000000000000        24.7888037391706     
   2.21500000000000        24.7887925136132     
   2.22000000000000        24.7887814182503     
   2.22500000000000        24.7887704513745     
   2.23000000000000        24.7887596113032     
   2.23500000000000        24.7887488963779     
   2.24000000000000        24.7887383049642     
   2.24500000000000        24.7887278354516     
   2.25000000000000        24.7887174862524     
   2.25500000000000        24.7887072558023     
   2.26000000000000        24.7886971425592     
   2.26500000000000        24.7886871450037     
   2.27000000000000        24.7886772616379     
   2.27500000000000        24.7886674909859     
   2.28000000000000        24.7886578315930     
   2.28500000000000        24.7886482820253     
   2.29000000000000        24.7886388408698     
   2.29500000000000        24.7886295067338     
   2.30000000000000        24.7886202782446     
   2.30500000000000        24.7886111540495     
   2.31000000000000        24.7886021328148     
   2.31500000000000        24.7885932132264     
   2.32000000000000        24.7885843939889     
   2.32500000000000        24.7885756738256     
   2.33000000000000        24.7885670514779     
   2.33500000000000        24.7885585257054     
   2.34000000000000        24.7885500952855     
   2.34500000000000        24.7885417590129     
   2.35000000000000        24.7885335156998     
   2.35500000000000        24.7885253641751     
   2.36000000000000        24.7885173032845     
   2.36500000000000        24.7885093318903     
   2.37000000000000        24.7885014488709     
   2.37500000000000        24.7884936531205     
   2.38000000000000        24.7884859435492     
   2.38500000000000        24.7884783190827     
   2.39000000000000        24.7884707786616     
   2.39500000000000        24.7884633212419     
   2.40000000000000        24.7884559457941     
   2.40500000000000        24.7884486513033     
   2.41000000000000        24.7884414367690     
   2.41500000000000        24.7884343012049     
   2.42000000000000        24.7884272436385     
   2.42500000000000        24.7884202631109     
   2.43000000000000        24.7884133586768     
   2.43500000000000        24.7884065294042     
   2.44000000000000        24.7883997743741     
   2.44500000000000        24.7883930926802     
   2.45000000000000        24.7883864834292     
   2.45500000000000        24.7883799457400     
   2.46000000000000        24.7883734787440     
   2.46500000000000        24.7883670815844     
   2.47000000000000        24.7883607534166     
   2.47500000000000        24.7883544934075     
   2.48000000000000        24.7883483007357     
   2.48500000000000        24.7883421745910     
   2.49000000000000        24.7883361141745     
   2.49500000000000        24.7883301186984     
   2.50000000000000        24.7883241873856     
   2.52500000000000        24.7882957550286     
   2.55000000000000        24.7882687852981     
   2.57500000000000        24.7882431944015     
   2.60000000000000        24.7882189044367     
   2.62500000000000        24.7881958427022     
   2.65000000000000        24.7881739412193     
   2.67500000000000        24.7881531363445     
   2.70000000000000        24.7881333684325     
   2.72500000000000        24.7881145815369     
   2.75000000000000        24.7880967231399     
   2.77500000000000        24.7880797439066     
   2.80000000000000        24.7880635974600     
   2.82500000000000        24.7880482401749     
   2.85000000000000        24.7880336309889     
   2.87500000000000        24.7880197312270     
   2.90000000000000        24.7880065044414     
   2.92500000000000        24.7879939162629     
   2.95000000000000        24.7879819342636     
   2.97500000000000        24.7879705278308     
   3.00000000000000        24.7879596680492     
   3.02500000000000        24.7879493275933     
   3.05000000000000        24.7879394806265     
   3.07500000000000        24.7879301027083     
   3.10000000000000        24.7879211707079     
   3.12500000000000        24.7879126627246     
   3.15000000000000        24.7879045580129     
   3.17500000000000        24.7878968369140     
   3.20000000000000        24.7878894807911     
   3.22500000000000        24.7878824719700     
   3.25000000000000        24.7878757936829     
   3.27500000000000        24.7878694300170     
   3.30000000000000        24.7878633658657     
   3.32500000000000        24.7878575868834     
   3.35000000000000        24.7878520794434     
   3.37500000000000        24.7878468305980     
   3.40000000000000        24.7878418280416     
   3.42500000000000        24.7878370600762     
   3.45000000000000        24.7878325155787     
   3.47500000000000        24.7878281839701     
   3.50000000000000        24.7878240551874     
   3.52500000000000        24.7878201196561     
   3.55000000000000        24.7878163682653     
   3.57500000000000        24.7878127923435     
   3.60000000000000        24.7878093836363     
   3.62500000000000        24.7878061342852     
   3.65000000000000        24.7878030368074     
   3.67500000000000        24.7878000840775     
   3.70000000000000        24.7877972693090     
   3.72500000000000        24.7877945860379     
   3.75000000000000        24.7877920281068     
   3.77500000000000        24.7877895896496     
   3.80000000000000        24.7877872650773     
   3.82500000000000        24.7877850490648     
   3.85000000000000        24.7877829365377     
   3.87500000000000        24.7877809226604     
   3.90000000000000        24.7877790028246     
   3.92500000000000        24.7877771726384     
   3.95000000000000        24.7877754279158     
   3.97500000000000        24.7877737646670     
   4.00000000000000        24.7877721790890     
   4.02500000000000        24.7877706675570     
   4.05000000000000        24.7877692266152     
   4.07500000000000        24.7877678529699     
   4.10000000000000        24.7877665434810     
   4.12500000000000        24.7877652951548     
   4.15000000000000        24.7877641051379     
   4.17500000000000        24.7877629707095     
   4.20000000000000        24.7877618892761     
   4.22500000000000        24.7877608583649     
   4.25000000000000        24.7877598756187     
   4.27500000000000        24.7877589387899     
   4.30000000000000        24.7877580457358     
   4.32500000000000        24.7877571944137     
   4.35000000000000        24.7877563828759     
   4.37500000000000        24.7877556092657     
   4.40000000000000        24.7877548718126     
   4.42500000000000        24.7877541688290     
   4.45000000000000        24.7877534987057     
   4.47500000000000        24.7877528599086     
   4.50000000000000        24.7877522509750     
   4.52500000000000        24.7877516705106     
   4.55000000000000        24.7877511171858     
   4.57500000000000        24.7877505897332     
   4.60000000000000        24.7877500869444     
   4.62500000000000        24.7877496076674     
   4.65000000000000        24.7877491508038     
   4.67500000000000        24.7877487153066     
   4.70000000000000        24.7877483001775     
   4.72500000000000        24.7877479044647     
   4.75000000000000        24.7877475272611     
   4.77500000000000        24.7877471677015     
   4.80000000000000        24.7877468249615     
   4.82500000000000        24.7877464982549     
   4.85000000000000        24.7877461868321     
   4.87500000000000        24.7877458899788     
   4.90000000000000        24.7877456070139     
   4.92500000000000        24.7877453372880     
   4.95000000000000        24.7877450801821     
   4.97500000000000        24.7877448351062     
   5.00000000000000        24.7877446014977     
   5.02500000000000        24.7877443788203     
   5.05000000000000        24.7877441665629     
   5.07500000000000        24.7877439642381     
   5.10000000000000        24.7877437713813     
   5.12500000000000        24.7877435875497     
   5.15000000000000        24.7877434123211     
   5.17500000000000        24.7877432452932     
   5.20000000000000        24.7877430860822     
   5.22500000000000        24.7877429343224     
   5.25000000000000        24.7877427896654     
   5.27500000000000        24.7877426517787     
   5.30000000000000        24.7877425203456     
   5.32500000000000        24.7877423950641     
   5.35000000000000        24.7877422756465     
   5.37500000000000        24.7877421618183     
   5.40000000000000        24.7877420533179     
   5.42500000000000        24.7877419498961     
   5.45000000000000        24.7877418513152     
   5.47500000000000        24.7877417573487     
   5.50000000000000        24.7877416677806     
   5.52500000000000        24.7877415824050     
   5.55000000000000        24.7877415010258     
   5.57500000000000        24.7877414234560     
   5.60000000000000        24.7877413495171     
   5.62500000000000        24.7877412790394     
   5.65000000000000        24.7877412118607     
   5.67500000000000        24.7877411478268     
   5.70000000000000        24.7877410867903     
   5.72500000000000        24.7877410286111     
   5.75000000000000        24.7877409731553     
   5.77500000000000        24.7877409202954     
   5.80000000000000        24.7877408699101     
   5.82500000000000        24.7877408218834     
   5.85000000000000        24.7877407761049     
   5.87500000000000        24.7877407324695     
   5.90000000000000        24.7877406908767     
   5.92500000000000        24.7877406512310     
   5.95000000000000        24.7877406134412     
   5.97500000000000        24.7877405774205     
   6.00000000000000        24.7877405430861     
   6.02500000000000        24.7877405103589     
   6.05000000000000        24.7877404791638     
   6.07500000000000        24.7877404494290     
   6.10000000000000        24.7877404210862     
   6.12500000000000        24.7877403940703     
   6.15000000000000        24.7877403683190     
   6.17500000000000        24.7877403437733     
   6.20000000000000        24.7877403203766     
   6.22500000000000        24.7877402980753     
   6.25000000000000        24.7877402768179     
