  5.000000000000000E-003  4.999987501491524E+017
  1.000000000000000E-002  4.999989455470289E+017
  1.500000000000000E-002  4.999988790370388E+017
  2.000000000000000E-002  4.999989013017660E+017
  2.500000000000000E-002  4.999989113313026E+017
  3.000000000000000E-002  4.999989296191379E+017
  3.500000000000000E-002  4.999989476458684E+017
  4.000000000000000E-002  4.999989661262410E+017
  4.500000000000000E-002  4.999989839824348E+017
  5.000000000000000E-002  4.999990010550544E+017
  5.500000000000000E-002  4.999990171628110E+017
  6.000000000000000E-002  4.999990322648529E+017
  6.500000000000000E-002  4.999990463536352E+017
  7.000000000000001E-002  4.999990594491968E+017
  7.500000000000000E-002  4.999990715784181E+017
  8.000000000000000E-002  4.999990827673610E+017
  8.500000000000001E-002  4.999990930353766E+017
  9.000000000000000E-002  4.999991023924232E+017
  9.500000000000000E-002  4.999991108380184E+017
  0.100000000000000       4.999991183615658E+017
  0.105000000000000       4.999991249436390E+017
  0.110000000000000       4.999991305579665E+017
  0.115000000000000       4.999991351738879E+017
  0.120000000000000       4.999991387590775E+017
  0.125000000000000       4.999991412823491E+017
  0.130000000000000       4.999991427163802E+017
  0.135000000000000       4.999991430402091E+017
  0.140000000000000       4.999991422413940E+017
  0.145000000000000       4.999991403177411E+017
  0.150000000000000       4.999991372785540E+017
  0.155000000000000       4.999991331453700E+017
  0.160000000000000       4.999991279521826E+017
  0.165000000000000       4.999991217451766E+017
  0.170000000000000       4.999991145820124E+017
  0.175000000000000       4.999991065307212E+017
  0.180000000000000       4.999990976682799E+017
  0.185000000000000       4.999990880789265E+017
  0.190000000000000       4.999990778523235E+017
  0.195000000000000       4.999990670816179E+017
  0.200000000000000       4.999990558614931E+017
  0.205000000000000       4.999990442862730E+017
  0.210000000000000       4.999990324481469E+017
  0.215000000000000       4.999990204355637E+017
  0.220000000000000       4.999990083318387E+017
  0.225000000000000       4.999989962140039E+017
  0.230000000000000       4.999989841519218E+017
  0.235000000000000       4.999989722076674E+017
  0.240000000000000       4.999989604351786E+017
  0.245000000000000       4.999989488801526E+017
  0.250000000000000       4.999989375801810E+017
  0.255000000000000       4.999989265650735E+017
  0.260000000000000       4.999989158573575E+017
  0.265000000000000       4.999989054728989E+017
  0.270000000000000       4.999988954216083E+017
  0.275000000000000       4.999988857081978E+017
  0.280000000000000       4.999988763329485E+017
  0.285000000000000       4.999988672924506E+017
  0.290000000000000       4.999988585802942E+017
  0.295000000000000       4.999988501876872E+017
  0.300000000000000       4.999988421039709E+017
  0.305000000000000       4.999988343170462E+017
  0.310000000000000       4.999988268136879E+017
  0.315000000000000       4.999988195797526E+017
  0.320000000000000       4.999988126002967E+017
  0.325000000000000       4.999988058596085E+017
  0.330000000000000       4.999987993411716E+017
  0.335000000000000       4.999987930275855E+017
  0.340000000000000       4.999987869004448E+017
  0.345000000000000       4.999987809402184E+017
  0.350000000000000       4.999987751261283E+017
  0.355000000000000       4.999987694360499E+017
  0.360000000000000       4.999987638464514E+017
  0.365000000000000       4.999987583323720E+017
  0.370000000000000       4.999987528674517E+017
  0.375000000000000       4.999987474240139E+017
  0.380000000000000       4.999987419731934E+017
  0.385000000000000       4.999987364851123E+017
  0.390000000000000       4.999987309290902E+017
  0.395000000000000       4.999987252738845E+017
  0.400000000000000       4.999987194879397E+017
  0.405000000000000       4.999987135396514E+017
  0.410000000000000       4.999987073976131E+017
  0.415000000000000       4.999987010308503E+017
  0.420000000000000       4.999986944090252E+017
  0.425000000000000       4.999986875026076E+017
  0.430000000000000       4.999986802830067E+017
  0.435000000000000       4.999986727226595E+017
  0.440000000000000       4.999986647950780E+017
  0.445000000000000       4.999986564748543E+017
  0.450000000000000       4.999986477376342E+017
  0.455000000000000       4.999986385600556E+017
  0.460000000000000       4.999986289196687E+017
  0.465000000000000       4.999986187948412E+017
  0.470000000000000       4.999986081646517E+017
  0.475000000000000       4.999985970087946E+017
  0.480000000000000       4.999985853074842E+017
  0.485000000000000       4.999985730413799E+017
  0.490000000000000       4.999985601915300E+017
  0.495000000000000       4.999985467393360E+017
  0.500000000000000       4.999985326665431E+017
  0.505000000000000       4.999985179552518E+017
  0.510000000000000       4.999985025879560E+017
  0.515000000000000       4.999984865475920E+017
  0.520000000000000       4.999984698176102E+017
  0.525000000000000       4.999984523820490E+017
  0.530000000000000       4.999984342256134E+017
  0.535000000000000       4.999984153337541E+017
  0.540000000000000       4.999983956927365E+017
  0.545000000000000       4.999983752896990E+017
  0.550000000000000       4.999983541126963E+017
  0.555000000000000       4.999983321507229E+017
  0.560000000000000       4.999983093937216E+017
  0.565000000000000       4.999982858325663E+017
  0.570000000000000       4.999982614590334E+017
  0.575000000000000       4.999982362657528E+017
  0.580000000000000       4.999982102461480E+017
  0.585000000000000       4.999981833943654E+017
  0.590000000000000       4.999981557052008E+017
  0.595000000000000       4.999981271740223E+017
  0.600000000000000       4.999980977966995E+017
  0.605000000000000       4.999980675695346E+017
  0.610000000000000       4.999980364892096E+017
  0.615000000000000       4.999980045527386E+017
  0.620000000000000       4.999979717574402E+017
  0.625000000000000       4.999979381009190E+017
  0.630000000000000       4.999979035810634E+017
  0.635000000000000       4.999978681960524E+017
  0.640000000000000       4.999978319443770E+017
  0.645000000000000       4.999977948248667E+017
  0.650000000000000       4.999977568367215E+017
  0.655000000000000       4.999977179795434E+017
  0.660000000000000       4.999976782533712E+017
  0.665000000000000       4.999976376587077E+017
  0.670000000000000       4.999975961965407E+017
  0.675000000000000       4.999975538683548E+017
  0.680000000000000       4.999975106761376E+017
  0.685000000000000       4.999974666223696E+017
  0.690000000000000       4.999974217100068E+017
  0.695000000000000       4.999973759424566E+017
  0.700000000000000       4.999973293235374E+017
  0.705000000000000       4.999972818574424E+017
  0.710000000000000       4.999972335486881E+017
  0.715000000000000       4.999971844020719E+017
  0.720000000000000       4.999971344226212E+017
  0.725000000000000       4.999970836155518E+017
  0.730000000000000       4.999970319862250E+017
  0.735000000000000       4.999969795401191E+017
  0.740000000000000       4.999969262827994E+017
  0.745000000000000       4.999968722199042E+017
  0.750000000000000       4.999968173571348E+017
  0.755000000000000       4.999967617002549E+017
  0.760000000000000       4.999967052550975E+017
  0.765000000000000       4.999966480275775E+017
  0.770000000000000       4.999965900237075E+017
  0.775000000000000       4.999965312496173E+017
  0.780000000000000       4.999964717115737E+017
  0.785000000000000       4.999964114159976E+017
  0.790000000000000       4.999963503694827E+017
  0.795000000000000       4.999962885788031E+017
  0.800000000000000       4.999962260509208E+017
  0.805000000000000       4.999961627929868E+017
  0.810000000000000       4.999960988123345E+017
  0.815000000000000       4.999960341164660E+017
  0.820000000000000       4.999959687130355E+017
  0.825000000000000       4.999959026098287E+017
  0.830000000000000       4.999958358147340E+017
  0.835000000000000       4.999957683357180E+017
  0.840000000000000       4.999957001807951E+017
  0.845000000000000       4.999956313580011E+017
  0.850000000000000       4.999955618753688E+017
  0.855000000000000       4.999954917409055E+017
  0.860000000000000       4.999954209625750E+017
  0.865000000000000       4.999953495482868E+017
  0.870000000000000       4.999952775058878E+017
  0.875000000000000       4.999952048431606E+017
  0.880000000000000       4.999951315678265E+017
  0.885000000000000       4.999950576875524E+017
  0.890000000000000       4.999949832099607E+017
  0.895000000000000       4.999949081426420E+017
  0.900000000000000       4.999948324931697E+017
  0.905000000000000       4.999947562691146E+017
  0.910000000000000       4.999946794780550E+017
  0.915000000000000       4.999946021275878E+017
  0.920000000000000       4.999945242253391E+017
  0.925000000000000       4.999944457789652E+017
  0.930000000000000       4.999943667961539E+017
  0.935000000000000       4.999942872846216E+017
  0.940000000000000       4.999942072521046E+017
  0.945000000000000       4.999941267063503E+017
  0.950000000000000       4.999940456551028E+017
  0.955000000000000       4.999939641060877E+017
  0.960000000000000       4.999938820669961E+017
  0.965000000000000       4.999937995454699E+017
  0.970000000000000       4.999937165490852E+017
  0.975000000000000       4.999936330853376E+017
  0.980000000000000       4.999935491616346E+017
  0.985000000000000       4.999934647852829E+017
  0.990000000000000       4.999933799634856E+017
  0.995000000000000       4.999932947033421E+017
   1.00000000000000       4.999932090118438E+017
   1.00500000000000       4.999931228958855E+017
   1.01000000000000       4.999930363622668E+017
   1.01500000000000       4.999929494177028E+017
   1.02000000000000       4.999928620688360E+017
   1.02500000000000       4.999927743222431E+017
   1.03000000000000       4.999926861844467E+017
   1.03500000000000       4.999925976619254E+017
   1.04000000000000       4.999925087611196E+017
   1.04500000000000       4.999924194884387E+017
   1.05000000000000       4.999923298502617E+017
   1.05500000000000       4.999922398529418E+017
   1.06000000000000       4.999921495027992E+017
   1.06500000000000       4.999920588061222E+017
   1.07000000000000       4.999919677691569E+017
   1.07500000000000       4.999918763981020E+017
   1.08000000000000       4.999917846990977E+017
   1.08500000000000       4.999916926782187E+017
   1.09000000000000       4.999916003414623E+017
   1.09500000000000       4.999915076947417E+017
   1.10000000000000       4.999914147438799E+017
   1.10500000000000       4.999913214945996E+017
   1.11000000000000       4.999912279525267E+017
   1.11500000000000       4.999911341231811E+017
   1.12000000000000       4.999910400119823E+017
   1.12500000000000       4.999909456242499E+017
   1.13000000000000       4.999908509652086E+017
   1.13500000000000       4.999907560399953E+017
   1.14000000000000       4.999906608536634E+017
   1.14500000000000       4.999905654111912E+017
   1.15000000000000       4.999904697174918E+017
   1.15500000000000       4.999903737774180E+017
   1.16000000000000       4.999902775957679E+017
   1.16500000000000       4.999901811772937E+017
   1.17000000000000       4.999900845267020E+017
   1.17500000000000       4.999899876486579E+017
   1.18000000000000       4.999898905477843E+017
   1.18500000000000       4.999897932286627E+017
   1.19000000000000       4.999896956958286E+017
   1.19500000000000       4.999895979537685E+017
   1.20000000000000       4.999895000069155E+017
   1.20500000000000       4.999894018596429E+017
   1.21000000000000       4.999893035162593E+017
   1.21500000000000       4.999892049810036E+017
   1.22000000000000       4.999891062580387E+017
   1.22500000000000       4.999890073514521E+017
   1.23000000000000       4.999889082652463E+017
   1.23500000000000       4.999888090033428E+017
   1.24000000000000       4.999887095695811E+017
   1.24500000000000       4.999886099677185E+017
   1.25000000000000       4.999885102014346E+017
   1.25500000000000       4.999884102743324E+017
   1.26000000000000       4.999883101899472E+017
   1.26500000000000       4.999882099517478E+017
   1.27000000000000       4.999881095631442E+017
   1.27500000000000       4.999880090274919E+017
   1.28000000000000       4.999879083480984E+017
   1.28500000000000       4.999878075282248E+017
   1.29000000000000       4.999877065710936E+017
   1.29500000000000       4.999876054798869E+017
   1.30000000000000       4.999875042577507E+017
   1.30500000000000       4.999874029077937E+017
   1.31000000000000       4.999873014330872E+017
   1.31500000000000       4.999871998366638E+017
   1.32000000000000       4.999870981215133E+017
   1.32500000000000       4.999869962905821E+017
   1.33000000000000       4.999868943467668E+017
   1.33500000000000       4.999867922929146E+017
   1.34000000000000       4.999866901318159E+017
   1.34500000000000       4.999865878662058E+017
   1.35000000000000       4.999864854987589E+017
   1.35500000000000       4.999863830320907E+017
   1.36000000000000       4.999862804687547E+017
   1.36500000000000       4.999861778112442E+017
   1.37000000000000       4.999860750619956E+017
   1.37500000000000       4.999859722233869E+017
   1.38000000000000       4.999858692977431E+017
   1.38500000000000       4.999857662873411E+017
   1.39000000000000       4.999856631944095E+017
   1.39500000000000       4.999855600211364E+017
   1.40000000000000       4.999854567696696E+017
   1.40500000000000       4.999853534421226E+017
   1.41000000000000       4.999852500405770E+017
   1.41500000000000       4.999851465670849E+017
   1.42000000000000       4.999850430236684E+017
   1.42500000000000       4.999849394123239E+017
   1.43000000000000       4.999848357350192E+017
   1.43500000000000       4.999847319936943E+017
   1.44000000000000       4.999846281902609E+017
   1.44500000000000       4.999845243265983E+017
   1.45000000000000       4.999844204045544E+017
   1.45500000000000       4.999843164259414E+017
   1.46000000000000       4.999842123925329E+017
   1.46500000000000       4.999841083060674E+017
   1.47000000000000       4.999840041682388E+017
   1.47500000000000       4.999838999807025E+017
   1.48000000000000       4.999837957450698E+017
   1.48500000000000       4.999836914629121E+017
   1.49000000000000       4.999835871357589E+017
   1.49500000000000       4.999834827650991E+017
   1.50000000000000       4.999833783523843E+017
   1.50500000000000       4.999832738990308E+017
   1.51000000000000       4.999831694064208E+017
   1.51500000000000       4.999830648759059E+017
   1.52000000000000       4.999829603088108E+017
   1.52500000000000       4.999828557064335E+017
   1.53000000000000       4.999827510700491E+017
   1.53500000000000       4.999826464009116E+017
   1.54000000000000       4.999825417002557E+017
   1.54500000000000       4.999824369692957E+017
   1.55000000000000       4.999823322092281E+017
   1.55500000000000       4.999822274212310E+017
   1.56000000000000       4.999821226064631E+017
   1.56500000000000       4.999820177660635E+017
   1.57000000000000       4.999819129011494E+017
   1.57500000000000       4.999818080128158E+017
   1.58000000000000       4.999817031021340E+017
   1.58500000000000       4.999815981701505E+017
   1.59000000000000       4.999814932178842E+017
   1.59500000000000       4.999813882463281E+017
   1.60000000000000       4.999812832564469E+017
   1.60500000000000       4.999811782491772E+017
   1.61000000000000       4.999810732254285E+017
   1.61500000000000       4.999809681860841E+017
   1.62000000000000       4.999808631319995E+017
   1.62500000000000       4.999807580640080E+017
   1.63000000000000       4.999806529829183E+017
   1.63500000000000       4.999805478895188E+017
   1.64000000000000       4.999804427845774E+017
   1.64500000000000       4.999803376688470E+017
   1.65000000000000       4.999802325430621E+017
   1.65500000000000       4.999801274079443E+017
   1.66000000000000       4.999800222642011E+017
   1.66500000000000       4.999799171125278E+017
   1.67000000000000       4.999798119536086E+017
   1.67500000000000       4.999797067881142E+017
   1.68000000000000       4.999796016167056E+017
   1.68500000000000       4.999794964400301E+017
   1.69000000000000       4.999793912587220E+017
   1.69500000000000       4.999792860734034E+017
   1.70000000000000       4.999791808846800E+017
   1.70500000000000       4.999790756931418E+017
   1.71000000000000       4.999789704993644E+017
   1.71500000000000       4.999788653039047E+017
   1.72000000000000       4.999787601073017E+017
   1.72500000000000       4.999786549100776E+017
   1.73000000000000       4.999785497127368E+017
   1.73500000000000       4.999784445157651E+017
   1.74000000000000       4.999783393196323E+017
   1.74500000000000       4.999782341247910E+017
   1.75000000000000       4.999781289316798E+017
   1.75500000000000       4.999780237407237E+017
   1.76000000000000       4.999779185523322E+017
   1.76500000000000       4.999778133669064E+017
   1.77000000000000       4.999777081848349E+017
   1.77500000000000       4.999776030064974E+017
   1.78000000000000       4.999774978322654E+017
   1.78500000000000       4.999773926625027E+017
   1.79000000000000       4.999772874975660E+017
   1.79500000000000       4.999771823378041E+017
   1.80000000000000       4.999770771835594E+017
   1.80500000000000       4.999769720351679E+017
   1.81000000000000       4.999768668929574E+017
   1.81500000000000       4.999767617572475E+017
   1.82000000000000       4.999766566283493E+017
   1.82500000000000       4.999765515065652E+017
   1.83000000000000       4.999764463921876E+017
   1.83500000000000       4.999763412854985E+017
   1.84000000000000       4.999762361867698E+017
   1.84500000000000       4.999761310962605E+017
   1.85000000000000       4.999760260142200E+017
   1.85500000000000       4.999759209408865E+017
   1.86000000000000       4.999758158764881E+017
   1.86500000000000       4.999757108212407E+017
   1.87000000000000       4.999756057753518E+017
   1.87500000000000       4.999755007390202E+017
   1.88000000000000       4.999753957124353E+017
   1.88500000000000       4.999752906957795E+017
   1.89000000000000       4.999751856892285E+017
   1.89500000000000       4.999750806929526E+017
   1.90000000000000       4.999749757071168E+017
   1.90500000000000       4.999748707318814E+017
   1.91000000000000       4.999747657674029E+017
   1.91500000000000       4.999746608138323E+017
   1.92000000000000       4.999745558713190E+017
   1.92500000000000       4.999744509400068E+017
   1.93000000000000       4.999743460200369E+017
   1.93500000000000       4.999742411115444E+017
   1.94000000000000       4.999741362146625E+017
   1.94500000000000       4.999740313295162E+017
   1.95000000000000       4.999739264562272E+017
   1.95500000000000       4.999738215949097E+017
   1.96000000000000       4.999737167456722E+017
   1.96500000000000       4.999736119086181E+017
   1.97000000000000       4.999735070838419E+017
   1.97500000000000       4.999734022714333E+017
   1.98000000000000       4.999732974714735E+017
   1.98500000000000       4.999731926840390E+017
   1.99000000000000       4.999730879091994E+017
   1.99500000000000       4.999729831470185E+017
   2.00000000000000       4.999728783975562E+017
   2.00500000000000       4.999727736608658E+017
   2.01000000000000       4.999726689369993E+017
   2.01500000000000       4.999725642260027E+017
   2.02000000000000       4.999724595279202E+017
   2.02500000000000       4.999723548427932E+017
   2.03000000000000       4.999722501706607E+017
   2.03500000000000       4.999721455115598E+017
   2.04000000000000       4.999720408655260E+017
   2.04500000000000       4.999719362325928E+017
   2.05000000000000       4.999718316127918E+017
   2.05500000000000       4.999717270061519E+017
   2.06000000000000       4.999716224127012E+017
   2.06500000000000       4.999715178324643E+017
   2.07000000000000       4.999714132654615E+017
   2.07500000000000       4.999713087117126E+017
   2.08000000000000       4.999712041712331E+017
   2.08500000000000       4.999710996440338E+017
   2.09000000000000       4.999709951301222E+017
   2.09500000000000       4.999708906295024E+017
   2.10000000000000       4.999707861421754E+017
   2.10500000000000       4.999706816681373E+017
   2.11000000000000       4.999705772073798E+017
   2.11500000000000       4.999704727598920E+017
   2.12000000000000       4.999703683256619E+017
   2.12500000000000       4.999702639046719E+017
   2.13000000000000       4.999701594969041E+017
   2.13500000000000       4.999700551023373E+017
   2.14000000000000       4.999699507209494E+017
   2.14500000000000       4.999698463527175E+017
   2.15000000000000       4.999697419976160E+017
   2.15500000000000       4.999696376556202E+017
   2.16000000000000       4.999695333267034E+017
   2.16500000000000       4.999694290108395E+017
   2.17000000000000       4.999693247080006E+017
   2.17500000000000       4.999692204181583E+017
   2.18000000000000       4.999691161412838E+017
   2.18500000000000       4.999690118773465E+017
   2.19000000000000       4.999689076263156E+017
   2.19500000000000       4.999688033881576E+017
   2.20000000000000       4.999686991628383E+017
   2.20500000000000       4.999685949503210E+017
   2.21000000000000       4.999684907505679E+017
   2.21500000000000       4.999683865635375E+017
   2.22000000000000       4.999682823891882E+017
   2.22500000000000       4.999681782274748E+017
   2.23000000000000       4.999680740783515E+017
   2.23500000000000       4.999679699417690E+017
   2.24000000000000       4.999678658176774E+017
   2.24500000000000       4.999677617060259E+017
   2.25000000000000       4.999676576067602E+017
   2.25500000000000       4.999675535198274E+017
   2.26000000000000       4.999674494451725E+017
   2.26500000000000       4.999673453827409E+017
   2.27000000000000       4.999672413324764E+017
   2.27500000000000       4.999671372943247E+017
   2.28000000000000       4.999670332682285E+017
   2.28500000000000       4.999669292541329E+017
   2.29000000000000       4.999668252519821E+017
   2.29500000000000       4.999667212617207E+017
   2.30000000000000       4.999666172832927E+017
   2.30500000000000       4.999665133166415E+017
   2.31000000000000       4.999664093617116E+017
   2.31500000000000       4.999663054184453E+017
   2.32000000000000       4.999662014867857E+017
   2.32500000000000       4.999660975666744E+017
   2.33000000000000       4.999659936580521E+017
   2.33500000000000       4.999658897608587E+017
   2.34000000000000       4.999657858750333E+017
   2.34500000000000       4.999656820005142E+017
   2.35000000000000       4.999655781372372E+017
   2.35500000000000       4.999654742851393E+017
   2.36000000000000       4.999653704441555E+017
   2.36500000000000       4.999652666142193E+017
   2.37000000000000       4.999651627952656E+017
   2.37500000000000       4.999650589872277E+017
   2.38000000000000       4.999649551900387E+017
   2.38500000000000       4.999648514036321E+017
   2.39000000000000       4.999647476279408E+017
   2.39500000000000       4.999646438628980E+017
   2.40000000000000       4.999645401084377E+017
   2.40500000000000       4.999644363644934E+017
   2.41000000000000       4.999643326310002E+017
   2.41500000000000       4.999642289078926E+017
   2.42000000000000       4.999641251951051E+017
   2.42500000000000       4.999640214925731E+017
   2.43000000000000       4.999639178002324E+017
   2.43500000000000       4.999638141180182E+017
   2.44000000000000       4.999637104458655E+017
   2.44500000000000       4.999636067837095E+017
   2.45000000000000       4.999635031314857E+017
   2.45500000000000       4.999633994891288E+017
   2.46000000000000       4.999632958565728E+017
   2.46500000000000       4.999631922337517E+017
   2.47000000000000       4.999630886205988E+017
   2.47500000000000       4.999629850170481E+017
   2.48000000000000       4.999628814230317E+017
   2.48500000000000       4.999627778384826E+017
   2.49000000000000       4.999626742633337E+017
   2.49500000000000       4.999625706975160E+017
   2.50000000000000       4.999624671409629E+017
   2.52500000000000       4.999619495377043E+017
   2.55000000000000       4.999614321528291E+017
   2.57500000000000       4.999609149784057E+017
   2.60000000000000       4.999603980066200E+017
   2.62500000000000       4.999598812297586E+017
   2.65000000000000       4.999593646402484E+017
   2.67500000000000       4.999588482306935E+017
   2.70000000000000       4.999583319939098E+017
   2.72500000000000       4.999578159229193E+017
   2.75000000000000       4.999573000109430E+017
   2.77500000000000       4.999567842513954E+017
   2.80000000000000       4.999562686378968E+017
   2.82500000000000       4.999557531642769E+017
   2.85000000000000       4.999552378245792E+017
   2.87500000000000       4.999547226130565E+017
   2.90000000000000       4.999542075241656E+017
   2.92500000000000       4.999536925525675E+017
   2.95000000000000       4.999531776931198E+017
   2.97500000000000       4.999526629408848E+017
   3.00000000000000       4.999521482911066E+017
   3.02500000000000       4.999516337392275E+017
   3.05000000000000       4.999511192808688E+017
   3.07500000000000       4.999506049118310E+017
   3.10000000000000       4.999500906280863E+017
   3.12500000000000       4.999495764257769E+017
   3.15000000000000       4.999490623012108E+017
   3.17500000000000       4.999485482508485E+017
   3.20000000000000       4.999480342713058E+017
   3.22500000000000       4.999475203593441E+017
   3.25000000000000       4.999470065118694E+017
   3.27500000000000       4.999464927259203E+017
   3.30000000000000       4.999459789986676E+017
   3.32500000000000       4.999454653274068E+017
   3.35000000000000       4.999449517095601E+017
   3.37500000000000       4.999444381426589E+017
   3.40000000000000       4.999439246243522E+017
   3.42500000000000       4.999434111523942E+017
   3.45000000000000       4.999428977246391E+017
   3.47500000000000       4.999423843390408E+017
   3.50000000000000       4.999418709936461E+017
   3.52500000000000       4.999413576865969E+017
   3.55000000000000       4.999408444161155E+017
   3.57500000000000       4.999403311805064E+017
   3.60000000000000       4.999398179781602E+017
   3.62500000000000       4.999393048075336E+017
   3.65000000000000       4.999387916671614E+017
   3.67500000000000       4.999382785556431E+017
   3.70000000000000       4.999377654716438E+017
   3.72500000000000       4.999372524138932E+017
   3.75000000000000       4.999367393811807E+017
   3.77500000000000       4.999362263723496E+017
   3.80000000000000       4.999357133863003E+017
   3.82500000000000       4.999352004219839E+017
   3.85000000000000       4.999346874784031E+017
   3.87500000000000       4.999341745546036E+017
   3.90000000000000       4.999336616496782E+017
   3.92500000000000       4.999331487627624E+017
   3.95000000000000       4.999326358930314E+017
   3.97500000000000       4.999321230397020E+017
   4.00000000000000       4.999316102020271E+017
   4.02500000000000       4.999310973792926E+017
   4.05000000000000       4.999305845708189E+017
   4.07500000000000       4.999300717759589E+017
   4.10000000000000       4.999295589940993E+017
   4.12500000000000       4.999290462246490E+017
   4.15000000000000       4.999285334670506E+017
   4.17500000000000       4.999280207207696E+017
   4.20000000000000       4.999275079853015E+017
   4.22500000000000       4.999269952601571E+017
   4.25000000000000       4.999264825448808E+017
   4.27500000000000       4.999259698390298E+017
   4.30000000000000       4.999254571421865E+017
   4.32500000000000       4.999249444539533E+017
   4.35000000000000       4.999244317739469E+017
   4.37500000000000       4.999239191018090E+017
   4.40000000000000       4.999234064371926E+017
   4.42500000000000       4.999228937797689E+017
   4.45000000000000       4.999223811292246E+017
   4.47500000000000       4.999218684852605E+017
   4.50000000000000       4.999213558475946E+017
   4.52500000000000       4.999208432159540E+017
   4.55000000000000       4.999203305900801E+017
   4.57500000000000       4.999198179697301E+017
   4.60000000000000       4.999193053546660E+017
   4.62500000000000       4.999187927446650E+017
   4.65000000000000       4.999182801395132E+017
   4.67500000000000       4.999177675390095E+017
   4.70000000000000       4.999172549429598E+017
   4.72500000000000       4.999167423511802E+017
   4.75000000000000       4.999162297634944E+017
   4.77500000000000       4.999157171797373E+017
   4.80000000000000       4.999152045997454E+017
   4.82500000000000       4.999146920233704E+017
   4.85000000000000       4.999141794504650E+017
   4.87500000000000       4.999136668808925E+017
   4.90000000000000       4.999131543145192E+017
   4.92500000000000       4.999126417512202E+017
   4.95000000000000       4.999121291908781E+017
   4.97500000000000       4.999116166333795E+017
   5.00000000000000       4.999111040786136E+017
   5.02500000000000       4.999105915264785E+017
   5.05000000000000       4.999100789768756E+017
   5.07500000000000       4.999095664297087E+017
   5.10000000000000       4.999090538848897E+017
   5.12500000000000       4.999085413423336E+017
   5.15000000000000       4.999080288019585E+017
   5.17500000000000       4.999075162636862E+017
   5.20000000000000       4.999070037274443E+017
   5.22500000000000       4.999064911931603E+017
   5.25000000000000       4.999059786607688E+017
   5.27500000000000       4.999054661302042E+017
   5.30000000000000       4.999049536014058E+017
   5.32500000000000       4.999044410743167E+017
   5.35000000000000       4.999039285488833E+017
   5.37500000000000       4.999034160250487E+017
   5.40000000000000       4.999029035027628E+017
   5.42500000000000       4.999023909819793E+017
   5.45000000000000       4.999018784626535E+017
   5.47500000000000       4.999013659447402E+017
   5.50000000000000       4.999008534281971E+017
   5.52500000000000       4.999003409129880E+017
   5.55000000000000       4.998998283990708E+017
   5.57500000000000       4.998993158864113E+017
   5.60000000000000       4.998988033749756E+017
   5.62500000000000       4.998982908647318E+017
   5.65000000000000       4.998977783556471E+017
   5.67500000000000       4.998972658476941E+017
   5.70000000000000       4.998967533408436E+017
   5.72500000000000       4.998962408350655E+017
   5.75000000000000       4.998957283303368E+017
   5.77500000000000       4.998952158266342E+017
   5.80000000000000       4.998947033239321E+017
   5.82500000000000       4.998941908222088E+017
   5.85000000000000       4.998936783214407E+017
   5.87500000000000       4.998931658216114E+017
   5.90000000000000       4.998926533227001E+017
   5.92500000000000       4.998921408246895E+017
   5.95000000000000       4.998916283275599E+017
   5.97500000000000       4.998911158312975E+017
   6.00000000000000       4.998906033358834E+017
   6.02500000000000       4.998900908413043E+017
   6.05000000000000       4.998895783475455E+017
   6.07500000000000       4.998890658545923E+017
   6.10000000000000       4.998885533624301E+017
   6.12500000000000       4.998880408710507E+017
   6.15000000000000       4.998875283804408E+017
   6.17500000000000       4.998870158905868E+017
   6.20000000000000       4.998865034014776E+017
   6.22500000000000       4.998859909131068E+017
   6.25000000000000       4.998854784254616E+017
