  5.000000000000000E-003   166.073520046227        158.913162872771     
  1.000000000000000E-002   282.187267851673        272.149938842747     
  1.500000000000000E-002   372.891360685069        359.989978973689     
  2.000000000000000E-002   445.388219194459        429.789626765357     
  2.500000000000000E-002   504.605664352852        486.520010968440     
  3.000000000000000E-002   553.880141992617        533.512355599987     
  3.500000000000000E-002   595.529651116845        573.066772263393     
  4.000000000000000E-002   631.204397225882        606.812492572660     
  4.500000000000000E-002   662.108799384584        635.933979701832     
  5.000000000000000E-002   689.141478250095        661.312059547085     
  5.500000000000000E-002   712.986329904909        683.615214749392     
  6.000000000000000E-002   734.173058460173        703.359949867613     
  6.500000000000000E-002   753.118418715468        720.951758517116     
  7.000000000000001E-002   770.154919738389        736.713538328583     
  7.500000000000000E-002   785.551206899628        750.905710201751     
  8.000000000000000E-002   799.526797940627        763.740727825690     
  8.500000000000001E-002   812.262914039334        775.393718615280     
  9.000000000000000E-002   823.910560698596        786.010407014237     
  9.500000000000000E-002   834.596639754691        795.713096598156     
  0.100000000000000        844.428630390617        804.605244138730     
  0.105000000000000        853.498215588931        812.774997912880     
  0.110000000000000        861.884121453428        820.297964197617     
  0.115000000000000        869.654362052143        827.239391739647     
  0.120000000000000        876.868030362871        833.655912458613     
  0.125000000000000        883.576739137518        839.596940327763     
  0.130000000000000        889.825789206650        845.105804446874     
  0.135000000000000        895.655123712211        850.220673582960     
  0.140000000000000        901.100112823842        854.975315756917     
  0.145000000000000        906.192203188304        859.399726335814     
  0.150000000000000        910.959458663007        863.520650541522     
  0.155000000000000        915.427013080800        867.362020601854     
  0.160000000000000        919.617451379553        870.945323452323     
  0.165000000000000        923.551132046297        874.289911589450     
  0.170000000000000        927.246461211443        877.413267124023     
  0.175000000000000        930.720126694087        880.331227098107     
  0.180000000000000        933.987298705250        883.058176575788     
  0.185000000000000        937.061802658541        885.607214793297     
  0.190000000000000        939.956268539860        887.990298683105     
  0.195000000000000        942.682260491286        890.218367312208     
  0.200000000000000        945.250389624773        892.301450153474     
  0.205000000000000        947.670412565307        894.248761607933     
  0.210000000000000        949.951317804529        896.068783789706     
  0.215000000000000        952.101401604663        897.769339254487     
  0.220000000000000        954.128334913189        899.357655081700     
  0.225000000000000        956.039222518853        900.840419497909     
  0.230000000000000        957.840655489851        902.223832045336     
  0.235000000000000        959.538757777474        903.513648147023     
  0.240000000000000        961.139227737540        904.715218793453     
  0.245000000000000        962.647375212290        905.833525969587     
  0.250000000000000        964.068154723588        906.873214352513     
  0.255000000000000        965.406195250959        907.838619735307     
  0.260000000000000        966.665827002673        908.733794569664     
  0.265000000000000        967.851105532832        909.562530966574     
  0.270000000000000        968.965833510423        910.328381449016     
  0.275000000000000        970.013580406278        911.034677712090     
  0.280000000000000        970.997700329697        911.684547613071     
  0.285000000000000        971.921348217213        912.280930585681     
  0.290000000000000        972.787494550781        912.826591648651     
  0.295000000000000        973.598938761030        913.324134157800     
  0.300000000000000        974.358321452538        913.776011432917     
  0.305000000000000        975.068135571824        914.184537375087     
  0.310000000000000        975.730736624786        914.551896176695     
  0.315000000000000        976.348352038069        914.880151214574     
  0.320000000000000        976.923089748170        915.171253206513     
  0.325000000000000        977.456946092821        915.427047702458     
  0.330000000000000        977.951813071014        915.649281973896     
  0.335000000000000        978.409485030885        915.839611358017     
  0.340000000000000        978.831664838377        915.999605107284     
  0.345000000000000        979.219969574004        916.130751789620     
  0.350000000000000        979.575935800214        916.234464279800     
  0.355000000000000        979.901024437408        916.312084378428     
  0.360000000000000        980.196625282863        916.364887091170     
  0.365000000000000        980.464061203382        916.394084597684     
  0.370000000000000        980.704592029416        916.400829936717     
  0.375000000000000        980.919418175697        916.386220431248     
  0.380000000000000        981.109684011023        916.351300875280     
  0.385000000000000        981.276480997606        916.297066501741     
  0.390000000000000        981.420850618546        916.224465749160     
  0.395000000000000        981.543787110185        916.134402843120     
  0.400000000000000        981.646240014617        916.027740207005     
  0.405000000000000        981.729116566185        915.905300715227     
  0.410000000000000        981.793283924621        915.767869800972     
  0.415000000000000        981.839571266326        915.616197429419     
  0.420000000000000        981.868771744327        915.450999946420     
  0.425000000000000        981.881644326519        915.272961811845     
  0.430000000000000        981.878915521040        915.082737225932     
  0.435000000000000        981.861280996878        914.880951656389     
  0.440000000000000        981.829407107144        914.668203273304     
  0.445000000000000        981.783932321892        914.445064298388     
  0.450000000000000        981.725468576779        914.212082274555     
  0.455000000000000        981.654602543421        913.969781261379     
  0.460000000000000        981.571896826799        913.718662961526     
  0.465000000000000        981.477891094696        913.459207782892     
  0.470000000000000        981.373103143766        913.191875840815     
  0.475000000000000        981.258029906427        912.917107904338     
  0.480000000000000        981.133148402568        912.635326290312     
  0.485000000000000        980.998916639605        912.346935708703     
  0.490000000000000        980.855774464295        912.052324062319     
  0.495000000000000        980.704144369346        911.751863203861     
  0.500000000000000        980.544432257693        911.445909653004     
  0.505000000000000        980.377028167073        911.134805276009     
  0.510000000000000        980.202306957305        910.818877930147     
  0.515000000000000        980.020628962560        910.498442075098     
  0.520000000000000        979.832340610665        910.173799353265     
  0.525000000000000        979.637775011392        909.845239140840     
  0.530000000000000        979.437252515524        909.513039071328     
  0.535000000000000        979.231081246347        909.177465533084     
  0.540000000000000        979.019557605149        908.838774142347     
  0.545000000000000        978.802966752151        908.497210193149     
  0.550000000000000        978.581583064261        908.153009085375     
  0.555000000000000        978.355670570917        907.806396732198     
  0.560000000000000        978.125483369224        907.457589948009     
  0.565000000000000        977.891266019528        907.106796817945     
  0.570000000000000        977.653253922500        906.754217050002     
  0.575000000000000        977.411673678748        906.400042310710     
  0.580000000000000        977.166743431897        906.044456545262     
  0.585000000000000        976.918673196078        905.687636282978     
  0.590000000000000        976.667665168639        905.329750928869     
  0.595000000000000        976.413914028918        904.970963042111     
  0.600000000000000        976.157607223810        904.611428602105     
  0.605000000000000        975.898925240849        904.251297262818     
  0.610000000000000        975.638041869475        903.890712596014     
  0.615000000000000        975.375124451087        903.529812323987     
  0.620000000000000        975.110334118475        903.168728542306     
  0.625000000000000        974.843826025175        902.807587933121     
  0.630000000000000        974.575749565226        902.446511969470     
  0.635000000000000        974.306248583820        902.085617111039     
  0.640000000000000        974.035461579256        901.725014991788     
  0.645000000000000        973.763521896615        901.364812599811     
  0.650000000000000        973.490557913527        901.005112449796     
  0.655000000000000        973.216693218400        900.646012748412     
  0.660000000000000        972.942046781417        900.287607552940     
  0.665000000000000        972.666733118641        899.929986923440     
  0.670000000000000        972.390862449524        899.573237068750     
  0.675000000000000        972.114540848110        899.217440486573     
  0.680000000000000        971.837870388193        898.862676097913     
  0.685000000000000        971.560949282734        898.509019376138     
  0.690000000000000        971.283872017753        898.156542470867     
  0.695000000000000        971.006729480982        897.805314326963     
  0.700000000000000        970.729609085501        897.455400798829     
  0.705000000000000        970.452594888602        897.106864760239     
  0.710000000000000        970.175767706094        896.759766209922     
  0.715000000000000        969.899205222281        896.414162373080     
  0.720000000000000        969.622982095807        896.070107799070     
  0.725000000000000        969.347170061569        895.727654455397     
  0.730000000000000        969.071838028885        895.386851818221     
  0.735000000000000        968.797052176077        895.047746959522     
  0.740000000000000        968.522876041657        894.710384631095     
  0.745000000000000        968.249370612238        894.374807345496     
  0.750000000000000        967.976594407327        894.041055454077     
  0.755000000000000        967.704603561123        893.709167222246     
  0.760000000000000        967.433451901441        893.379178902042     
  0.765000000000000        967.163191025863        893.051124802133     
  0.770000000000000        966.893870375242        892.725037355343     
  0.775000000000000        966.625537304610        892.400947183790     
  0.780000000000000        966.358237151638        892.078883161707     
  0.785000000000000        966.092013302681        891.758872476055     
  0.790000000000000        965.826907256512        891.440940684961     
  0.795000000000000        965.562958685847        891.125111774110     
  0.800000000000000        965.300205496693        890.811408211111     
  0.805000000000000        965.038683885635        890.499850997947     
  0.810000000000000        964.778428395124        890.190459721559     
  0.815000000000000        964.519471966849        889.883252602652     
  0.820000000000000        964.261845993266        889.578246542793     
  0.825000000000000        964.005580367356        889.275457169844     
  0.830000000000000        963.750703530702        888.974898881856     
  0.835000000000000        963.497242519943        888.676584889435     
  0.840000000000000        963.245223011690        888.380527256688     
  0.845000000000000        962.994669365955        888.086736940792     
  0.850000000000000        962.745604668184        887.795223830263     
  0.855000000000000        962.498050769927        887.505996781963     
  0.860000000000000        962.252028328232        887.219063656925     
  0.865000000000000        962.007556843786        886.934431355019     
  0.870000000000000        961.764654697876        886.652105848526     
  0.875000000000000        961.523339188206        886.372092214649     
  0.880000000000000        961.283626563594        886.094394667005     
  0.885000000000000        961.045532057617        885.819016586120     
  0.890000000000000        960.809069921208        885.545960548978     
  0.895000000000000        960.574253454246        885.275228357621     
  0.900000000000000        960.341095036165        885.006821066864     
  0.905000000000000        960.109606155614        884.740739011104     
  0.910000000000000        959.879797439177        884.476981830287     
  0.915000000000000        959.651678679198        884.215548495033     
  0.920000000000000        959.425258860722        883.956437330938     
  0.925000000000000        959.200546187575        883.699646042097     
  0.930000000000000        958.977548107632        883.445171733852     
  0.935000000000000        958.756271337264        883.193010934799     
  0.940000000000000        958.536721885031        882.943159618087     
  0.945000000000000        958.318905074615        882.695613222015     
  0.950000000000000        958.102825567050        882.450366669979     
  0.955000000000000        957.888487382264        882.207414389776     
  0.960000000000000        957.675893919964        881.966750332312     
  0.965000000000000        957.465047979895        881.728367989724     
  0.970000000000000        957.255951781502        881.492260412946     
  0.975000000000000        957.048606983023        881.258420228759     
  0.980000000000000        956.843014700022        881.026839656323     
  0.985000000000000        956.639175523415        880.797510523233     
  0.990000000000000        956.437089536973        880.570424281104     
  0.995000000000000        956.236756334346        880.345572020711     
   1.00000000000000        956.038175035623        880.122944486699     
   1.00500000000000        955.841344303415        879.902532091861     
   1.01000000000000        955.646262358508        879.684324931014     
   1.01500000000000        955.452926995073        879.468312794475     
   1.02000000000000        955.261335595448        879.254485181129     
   1.02500000000000        955.071485144501        879.042831311133     
   1.03000000000000        954.883372243587        878.833340138223     
   1.03500000000000        954.696993124087        878.626000361651     
   1.04000000000000        954.512343660569        878.420800437767     
   1.04500000000000        954.329419383545        878.217728591226     
   1.05000000000000        954.148215491861        878.016772825864     
   1.05500000000000        953.968726864707        877.817920935211     
   1.06000000000000        953.790948073287        877.621160512700     
   1.06500000000000        953.614873392124        877.426478961533     
   1.07000000000000        953.440496810050        877.233863504251     
   1.07500000000000        953.267812040863        877.043301192009     
   1.08000000000000        953.096812533691        876.854778913564     
   1.08500000000000        952.927491483048        876.668283403996     
   1.09000000000000        952.759841838632        876.483801253172     
   1.09500000000000        952.593856314840        876.301318913962     
   1.10000000000000        952.429527400030        876.120822710221     
   1.10500000000000        952.266847365557        875.942298844551     
   1.11000000000000        952.105808274548        875.765733405844     
   1.11500000000000        951.946401990483        875.591112376622     
   1.12000000000000        951.788620185527        875.418421640174     
   1.12500000000000        951.632454348679        875.247646987496     
   1.13000000000000        951.477895793685        875.078774124048     
   1.13500000000000        951.324935666775        874.911788676317     
   1.14000000000000        951.173564954176        874.746676198198     
   1.14500000000000        951.023774489445        874.583422177194     
   1.15000000000000        950.875554960587        874.422012040429     
   1.15500000000000        950.728896916991        874.262431160483     
   1.16000000000000        950.583790776174        874.104664861068     
   1.16500000000000        950.440226830325        873.948698422487     
   1.17000000000000        950.298195252669        873.794517086964     
   1.17500000000000        950.157686103647        873.642106063779     
   1.18000000000000        950.018689336916        873.491450534242     
   1.18500000000000        949.881194805171        873.342535656507     
   1.19000000000000        949.745192265808        873.195346570232     
   1.19500000000000        949.610671386419        873.049868401089     
   1.20000000000000        949.477621750123        872.906086265122     
   1.20500000000000        949.346032860771        872.763985272979     
   1.21000000000000        949.215894147987        872.623550534009     
   1.21500000000000        949.087194972088        872.484767160228     
   1.22000000000000        948.959924628867        872.347620270181     
   1.22500000000000        948.834072354254        872.212094992669     
   1.23000000000000        948.709627328873        872.078176470398     
   1.23500000000000        948.586578682468        871.945849863496     
   1.24000000000000        948.464915498225        871.815100352944     
   1.24500000000000        948.344626816994        871.685913143911     
   1.25000000000000        948.225701641402        871.558273468989     
   1.25500000000000        948.108128939861        871.432166591331     
   1.26000000000000        947.991897650472        871.307577807702     
   1.26500000000000        947.876996684840        871.184492451436     
   1.27000000000000        947.763414931769        871.062895895293     
   1.27500000000000        947.651141260869        870.942773554232     
   1.28000000000000        947.540164526054        870.824110888084     
   1.28500000000000        947.430473568947        870.706893404139     
   1.29000000000000        947.322057222171        870.591106659632     
   1.29500000000000        947.214904312554        870.476736264143     
   1.30000000000000        947.109003664229        870.363767881910     
   1.30500000000000        947.004344101639        870.252187234043     
   1.31000000000000        946.900914452452        870.141980100667     
   1.31500000000000        946.798703550379        870.033132322966     
   1.32000000000000        946.697700237916        869.925629805165     
   1.32500000000000        946.597893368988        869.819458516419     
   1.33000000000000        946.499271811530        869.714604492639     
   1.33500000000000        946.401824449978        869.611053838249     
   1.34000000000000        946.305540187701        869.508792727877     
   1.34500000000000        946.210407949350        869.407807407974     
   1.35000000000000        946.116416683155        869.308084198398     
   1.35500000000000        946.023555363149        869.209609493905     
   1.36000000000000        945.931812991341        869.112369765626     
   1.36500000000000        945.841178599818        869.016351562458     
   1.37000000000000        945.751641252798        868.921541512425     
   1.37500000000000        945.663190048620        868.827926323975     
   1.38000000000000        945.575814121689        868.735492787232     
   1.38500000000000        945.489502644336        868.644227775190     
   1.39000000000000        945.404244828656        868.554118244874     
   1.39500000000000        945.320029928259        868.465151238422     
   1.40000000000000        945.236847239981        868.377313884142     
   1.40500000000000        945.154686105523        868.290593397498     
   1.41000000000000        945.073535913041        868.204977082048     
   1.41500000000000        944.993386098673        868.120452330334     
   1.42000000000000        944.914226148004        868.037006624720     
   1.42500000000000        944.836045597485        867.954627538171     
   1.43000000000000        944.758834035783        867.873302734989     
   1.43500000000000        944.682581105080        867.793019971500     
   1.44000000000000        944.607276502325        867.713767096688     
   1.44500000000000        944.532909980430        867.635532052795     
   1.45000000000000        944.459471349413        867.558302875864     
   1.45500000000000        944.386950477506        867.482067696256     
   1.46000000000000        944.315337292209        867.406814739118     
   1.46500000000000        944.244621781302        867.332532324815     
   1.47000000000000        944.174793993828        867.259208869342     
   1.47500000000000        944.105844041018        867.186832884678     
   1.48000000000000        944.037762097205        867.115392979136     
   1.48500000000000        943.970538400674        867.044877857661     
   1.49000000000000        943.904163254498        866.975276322114     
   1.49500000000000        943.838627027337        866.906577271520     
   1.50000000000000        943.773920154185        866.838769702285     
   1.50500000000000        943.710033137108        866.771842708392     
   1.51000000000000        943.646956545924        866.705785481567     
   1.51500000000000        943.584681018871        866.640587311406     
   1.52000000000000        943.523197263216        866.576237585484     
   1.52500000000000        943.462496055845        866.512725789433     
   1.53000000000000        943.402568243810        866.450041506983     
   1.53500000000000        943.343404744841        866.388174419978     
   1.54000000000000        943.284996547827        866.327114308363     
   1.54500000000000        943.227334713249        866.266851050136     
   1.55000000000000        943.170410373589        866.207374621279     
   1.55500000000000        943.114214733705        866.148675095650     
   1.56000000000000        943.058739071162        866.090742644858     
   1.56500000000000        943.003974736545        866.033567538105     
   1.57000000000000        942.949913153728        865.977140142009     
   1.57500000000000        942.896545820126        865.921450920394     
   1.58000000000000        942.843864306913        865.866490434071     
   1.58500000000000        942.791860259209        865.812249340586     
   1.59000000000000        942.740525396258        865.758718393960     
   1.59500000000000        942.689851511564        865.705888444404     
   1.60000000000000        942.639830473022        865.653750438016     
   1.60500000000000        942.590454223008        865.602295416474     
   1.61000000000000        942.541714778471        865.551514516697     
   1.61500000000000        942.493604230985        865.501398970503     
   1.62000000000000        942.446114746794        865.451940104250     
   1.62500000000000        942.399238566828        865.403129338461     
   1.63000000000000        942.352968006711        865.354958187439     
   1.63500000000000        942.307295456731        865.307418258857     
   1.64000000000000        942.262213381808        865.260501253351     
   1.64500000000000        942.217714321429        865.214198964076     
   1.65000000000000        942.173790889570        865.168503276269     
   1.65500000000000        942.130435774590        865.123406166777     
   1.66000000000000        942.087641739110        865.078899703587     
   1.66500000000000        942.045401619871        865.034976045328     
   1.67000000000000        942.003708327568        864.991627440760     
   1.67500000000000        941.962554846666        864.948846228262     
   1.68000000000000        941.921934235197        864.906624835285     
   1.68500000000000        941.881839624542        864.864955777808     
   1.69000000000000        941.842264219188        864.823831659778     
   1.69500000000000        941.803201296477        864.783245172528     
   1.70000000000000        941.764644206332        864.743189094211     
   1.70500000000000        941.726586370980        864.703656289194     
   1.71000000000000        941.689021284643        864.664639707459     
   1.71500000000000        941.651942513236        864.626132384003     
   1.72000000000000        941.615343694048        864.588127438224     
   1.72500000000000        941.579218535402        864.550618073289     
   1.73000000000000        941.543560816319        864.513597575523     
   1.73500000000000        941.508364386164        864.477059313775     
   1.74000000000000        941.473623164288        864.440996738782     
   1.74500000000000        941.439331139654        864.405403382533     
   1.75000000000000        941.405482370461        864.370272857624     
   1.75500000000000        941.372070983754        864.335598856613     
   1.76000000000000        941.339091175029        864.301375151370     
   1.76500000000000        941.306537207823        864.267595592414     
   1.77000000000000        941.274403413301        864.234254108261     
   1.77500000000000        941.242684189830        864.201344704752     
   1.78000000000000        941.211374002539        864.168861464382     
   1.78500000000000        941.180467382884        864.136798545631     
   1.79000000000000        941.149958928184        864.105150182271     
   1.79500000000000        941.119843301166        864.073910682694     
   1.80000000000000        941.090115229489        864.043074429215     
   1.80500000000000        941.060769505263        864.012635877377     
   1.81000000000000        941.031800984571        863.982589555264     
   1.81500000000000        941.003204586967        863.952930062790     
   1.82000000000000        940.974975294978        863.923652071006     
   1.82500000000000        940.947108153601        863.894750321396     
   1.83000000000000        940.919598269793        863.866219625170     
   1.83500000000000        940.892440811954        863.838054862564     
   1.84000000000000        940.865631009416        863.810250982137     
   1.84500000000000        940.839164151919        863.782803000069     
   1.85000000000000        940.813035589091        863.755705999460     
   1.85500000000000        940.787240729921        863.728955129631     
   1.86000000000000        940.761775042238        863.702545605428     
   1.86500000000000        940.736634052182        863.676472706528     
   1.87000000000000        940.711813343675        863.650731776745     
   1.87500000000000        940.687308557889        863.625318223341     
   1.88000000000000        940.663115392722        863.600227516336     
   1.88500000000000        940.639229602255        863.575455187821     
   1.89000000000000        940.615646996227        863.550996831279     
   1.89500000000000        940.592363439489        863.526848100891     
   1.90000000000000        940.569374851472        863.503004710861     
   1.90500000000000        940.546677205647        863.479462434736     
   1.91000000000000        940.524266528980        863.456217104724     
   1.91500000000000        940.502138901392        863.433264611019     
   1.92000000000000        940.480290455207        863.410600901119     
   1.92500000000000        940.458717374616        863.388221979159     
   1.93000000000000        940.437415895120        863.366123905235     
   1.93500000000000        940.416382302991        863.344302794738     
   1.94000000000000        940.395612934715        863.322754817677     
   1.94500000000000        940.375104176456        863.301476198028     
   1.95000000000000        940.354852463502        863.280463213065     
   1.95500000000000        940.334854279719        863.259712192712     
   1.96000000000000        940.315106157018        863.239219518879     
   1.96500000000000        940.295604674797        863.218981624823     
   1.97000000000000        940.276346459421        863.198994994508     
   1.97500000000000        940.257328183670        863.179256161960     
   1.98000000000000        940.238546566218        863.159761710641     
   1.98500000000000        940.219998371094        863.140508272817     
   1.99000000000000        940.201680407160        863.121492528945     
   1.99500000000000        940.183589527583        863.102711207045     
   2.00000000000000        940.165722629315        863.084161082099     
   2.00500000000000        940.148076652574        863.065838975441     
   2.01000000000000        940.130648580328        863.047741754152     
   2.01500000000000        940.113435437782        863.029866330474     
   2.02000000000000        940.096434291865        863.012209661204     
   2.02500000000000        940.079642250723        862.994768747119     
   2.03000000000000        940.063056463212        862.977540632385     
   2.03500000000000        940.046674118393        862.960522403981     
   2.04000000000000        940.030492445031        862.943711191122     
   2.04500000000000        940.014508711094        862.927104164695     
   2.05000000000000        939.998720223260        862.910698536684     
   2.05500000000000        939.983124326420        862.894491559616     
   2.06000000000000        939.967718403187        862.878480526002     
   2.06500000000000        939.952499873409        862.862662767784     
   2.07000000000000        939.937466193689        862.847035655795     
   2.07500000000000        939.922614856895        862.831596599209     
   2.08000000000000        939.907943391693        862.816343045012     
   2.08500000000000        939.893449362071        862.801272477471     
   2.09000000000000        939.879130366874        862.786382417613     
   2.09500000000000        939.864984039335        862.771670422701     
   2.10000000000000        939.851008046620        862.757134085728     
   2.10500000000000        939.837200089379        862.742771034909     
   2.11000000000000        939.823557901290        862.728578933188     
   2.11500000000000        939.810079248615        862.714555477732     
   2.12000000000000        939.796761929764        862.700698399458     
   2.12500000000000        939.783603774858        862.687005462540     
   2.13000000000000        939.770602645295        862.673474463938     
   2.13500000000000        939.757756433326        862.660103232930     
   2.14000000000000        939.745063061633        862.646889630640     
   2.14500000000000        939.732520482906        862.633831549583     
   2.15000000000000        939.720126679432        862.620926913209     
   2.15500000000000        939.707879662681        862.608173675451     
   2.16000000000000        939.695777472901        862.595569820282     
   2.16500000000000        939.683818178708        862.583113361269     
   2.17000000000000        939.671999876694        862.570802341148     
   2.17500000000000        939.660320691028        862.558634831383     
   2.18000000000000        939.648778773061        862.546608931745     
   2.18500000000000        939.637372300938        862.534722769888     
   2.19000000000000        939.626099479217        862.522974500938     
   2.19500000000000        939.614958538490        862.511362307078     
   2.20000000000000        939.603947735000        862.499884397144     
   2.20500000000000        939.593065350279        862.488539006226     
   2.21000000000000        939.582309690777        862.477324395273     
   2.21500000000000        939.571679087502        862.466238850704     
   2.22000000000000        939.561171895661        862.455280684023     
   2.22500000000000        939.550786494310        862.444448231445     
   2.23000000000000        939.540521286005        862.433739853516     
   2.23500000000000        939.530374696464        862.423153934757     
   2.24000000000000        939.520345174220        862.412688883290     
   2.24500000000000        939.510431190292        862.402343130491     
   2.25000000000000        939.500631237860        862.392115130633     
   2.25500000000000        939.490943831931        862.382003360538     
   2.26000000000000        939.481367509024        862.372006319242     
   2.26500000000000        939.471900826849        862.362122527650     
   2.27000000000000        939.462542363999        862.352350528208     
   2.27500000000000        939.453290719632        862.342688884569     
   2.28000000000000        939.444144513177        862.333136181279     
   2.28500000000000        939.435102384019        862.323691023443     
   2.29000000000000        939.426162991209        862.314352036422     
   2.29500000000000        939.417325013166        862.305117865512     
   2.30000000000000        939.408587147386        862.295987175642     
   2.30500000000000        939.399948110157        862.286958651070     
   2.31000000000000        939.391406636268        862.278030995080     
   2.31500000000000        939.382961478736        862.269202929692     
   2.32000000000000        939.374611408528        862.260473195368     
   2.32500000000000        939.366355214287        862.251840550729     
   2.33000000000000        939.358191702063        862.243303772268     
   2.33500000000000        939.350119695051        862.234861654077     
   2.34000000000000        939.342138033330        862.226513007574     
   2.34500000000000        939.334245573601        862.218256661228     
   2.35000000000000        939.326441188945        862.210091460302     
   2.35500000000000        939.318723768563        862.202016266589     
   2.36000000000000        939.311092217539        862.194029958155     
   2.36500000000000        939.303545456593        862.186131429091     
   2.37000000000000        939.296082421849        862.178319589260     
   2.37500000000000        939.288702064596        862.170593364054     
   2.38000000000000        939.281403351058        862.162951694156     
   2.38500000000000        939.274185262172        862.155393535302     
   2.39000000000000        939.267046793354        862.147917858048     
   2.39500000000000        939.259986954289        862.140523647537     
   2.40000000000000        939.253004768704        862.133209903277     
   2.40500000000000        939.246099274157        862.125975638916     
   2.41000000000000        939.239269521827        862.118819882017     
   2.41500000000000        939.232514576297        862.111741673853     
   2.42000000000000        939.225833515358        862.104740069180     
   2.42500000000000        939.219225429799        862.097814136037     
   2.43000000000000        939.212689423206        862.090962955528     
   2.43500000000000        939.206224611770        862.084185621631     
   2.44000000000000        939.199830124087        862.077481240984     
   2.44500000000000        939.193505100969        862.070848932696     
   2.45000000000000        939.187248695250        862.064287828146     
   2.45500000000000        939.181060071613        862.057797070794     
   2.46000000000000        939.174938406394        862.051375815997     
   2.46500000000000        939.168882887408        862.045023230816     
   2.47000000000000        939.162892713775        862.038738493840     
   2.47500000000000        939.156967095739        862.032520795001     
   2.48000000000000        939.151105254503        862.026369335406     
   2.48500000000000        939.145306422062        862.020283327159     
   2.49000000000000        939.139569841030        862.014261993188     
   2.49500000000000        939.133894764486        862.008304567088     
   2.50000000000000        939.128280455809        862.002410292944     
   2.52500000000000        939.101368153171        861.974143683524     
   2.55000000000000        939.075840989039        861.947318210026     
   2.57500000000000        939.051619543751        861.921852306125     
   2.60000000000000        939.028629986712        861.897670077377     
   2.62500000000000        939.006803421057        861.874700639959     
   2.65000000000000        938.986075430893        861.852877664777     
   2.67500000000000        938.966385712422        861.832139004945     
   2.70000000000000        938.947677754319        861.812426372624     
   2.72500000000000        938.929898553346        861.793685051360     
   2.75000000000000        938.912998357712        861.775863636462     
   2.77500000000000        938.896930433632        861.758913798906     
   2.80000000000000        938.881650851990        861.742790069597     
   2.82500000000000        938.867118292651        861.727449641561     
   2.85000000000000        938.853293864576        861.712852188130     
   2.87500000000000        938.840140940184        861.698959695564     
   2.90000000000000        938.827625002687        861.685736308790     
   2.92500000000000        938.815713505266        861.673148189106     
   2.95000000000000        938.804375741062        861.661163382797     
   2.97500000000000        938.793582723050        861.649751699712     
   3.00000000000000        938.783307072969        861.638884600967     
   3.02500000000000        938.773522918518        861.628535094957     
   3.05000000000000        938.764205798196        861.618677641070     
   3.07500000000000        938.755332573117        861.609288060392     
   3.10000000000000        938.746881345242        861.600343452867     
   3.12500000000000        938.738831381507        861.591822120370     
   3.15000000000000        938.731163043371        861.583703495222     
   3.17500000000000        938.723857721339        861.575968073695     
   3.20000000000000        938.716897774053        861.568597354102     
   3.22500000000000        938.710266471628        861.561573779137     
   3.25000000000000        938.703947942840        861.554880682093     
   3.27500000000000        938.697927125916        861.548502236677     
   3.30000000000000        938.692189722594        861.542423410127     
   3.32500000000000        938.686722155249        861.536629919391     
   3.35000000000000        938.681511526803        861.531108190108     
   3.37500000000000        938.676545583251        861.525845318226     
   3.40000000000000        938.671812678556        861.520829033997     
   3.42500000000000        938.667301741778        861.516047668218     
   3.45000000000000        938.663002246260        861.511490120549     
   3.47500000000000        938.658904180691        861.507145829726     
   3.50000000000000        938.654998021947        861.503004745566     
   3.52500000000000        938.651274709562        861.499057302620     
   3.55000000000000        938.647725621729        861.495294395374     
   3.57500000000000        938.644342552695        861.491707354866     
   3.60000000000000        938.641117691471        861.488287926625     
   3.62500000000000        938.638043601789        861.485028249899     
   3.65000000000000        938.635113203161        861.481920837978     
   3.67500000000000        938.632319753040        861.478958559660     
   3.70000000000000        938.629656829942        861.476134621683     
   3.72500000000000        938.627118317511        861.473442552134     
   3.75000000000000        938.624698389458        861.470876184733     
   3.77500000000000        938.622391495300        861.468429643958     
   3.80000000000000        938.620192346867        861.466097330945     
   3.82500000000000        938.618095905525        861.463873910123     
   3.85000000000000        938.616097370069        861.461754296544     
   3.87500000000000        938.614192165242        861.459733643857     
   3.90000000000000        938.612375930854        861.457807332897     
   3.92500000000000        938.610644511452        861.455970960849     
   3.95000000000000        938.608993946522        861.454220330955     
   3.97500000000000        938.607420461177        861.452551442736     
   4.00000000000000        938.605920457324        861.450960482697     
   4.02500000000000        938.604490505263        861.449443815493     
   4.05000000000000        938.603127335707        861.447997975523     
   4.07500000000000        938.601827832190        861.446619658938     
   4.10000000000000        938.600589023852        861.445305716032     
   4.12500000000000        938.599408078582        861.444053144011     
   4.15000000000000        938.598282296481        861.442859080099     
   4.17500000000000        938.597209103649        861.441720794981     
   4.20000000000000        938.596186046273        861.440635686557     
   4.22500000000000        938.595210785002        861.439601274001     
   4.25000000000000        938.594281089568        861.438615192082     
   4.27500000000000        938.593394833706        861.437675185783     
   4.30000000000000        938.592549990272        861.436779105149     
   4.32500000000000        938.591744626621        861.435924900397     
   4.35000000000000        938.590976900200        861.435110617242     
   4.37500000000000        938.590245054326        861.434334392448     
   4.40000000000000        938.589547414201        861.433594449590     
   4.42500000000000        938.588882383086        861.432889095019     
   4.45000000000000        938.588248438661        861.432216713994     
   4.47500000000000        938.587644129564        861.431575767028     
   4.50000000000000        938.587068072078        861.430964786372     
   4.52500000000000        938.586518946992        861.430382372686     
   4.55000000000000        938.585995496590        861.429827191856     
   4.57500000000000        938.585496521787        861.429297971953     
   4.60000000000000        938.585020879412        861.428793500355     
   4.62500000000000        938.584567479592        861.428312620974     
   4.65000000000000        938.584135283279        861.427854231631     
   4.67500000000000        938.583723299876        861.427417281547     
   4.70000000000000        938.583330584996        861.427000768959     
   4.72500000000000        938.582956238302        861.426603738827     
   4.75000000000000        938.582599401456        861.426225280673     
   4.77500000000000        938.582259256170        861.425864526494     
   4.80000000000000        938.581935022339        861.425520648800     
   4.82500000000000        938.581625956258        861.425192858712     
   4.85000000000000        938.581331348934        861.424880404175     
   4.87500000000000        938.581050524468        861.424582568244     
   4.90000000000000        938.580782838517        861.424298667443     
   4.92500000000000        938.580527676815        861.424028050207     
   4.95000000000000        938.580284453774        861.423770095399     
   4.97500000000000        938.580052611160        861.423524210887     
   5.00000000000000        938.579831616806        861.423289832204     
   5.02500000000000        938.579620963399        861.423066421243     
   5.05000000000000        938.579420167326        861.422853465037     
   5.07500000000000        938.579228767566        861.422650474588     
   5.10000000000000        938.579046324633        861.422456983744     
   5.12500000000000        938.578872419581        861.422272548137     
   5.15000000000000        938.578706653041        861.422096744168     
   5.17500000000000        938.578548644303        861.421929168034     
   5.20000000000000        938.578398030452        861.421769434806     
   5.22500000000000        938.578254465540        861.421617177554     
   5.25000000000000        938.578117619786        861.421472046495     
   5.27500000000000        938.577987178829        861.421333708207     
   5.30000000000000        938.577862843000        861.421201844849     
   5.32500000000000        938.577744326643        861.421076153448     
   5.35000000000000        938.577631357462        861.420956345197     
   5.37500000000000        938.577523675892        861.420842144799     
   5.40000000000000        938.577421034505        861.420733289825     
   5.42500000000000        938.577323197444        861.420629530126     
   5.45000000000000        938.577229939886        861.420530627251     
   5.47500000000000        938.577141047522        861.420436353904     
   5.50000000000000        938.577056316067        861.420346493421     
   5.52500000000000        938.576975550790        861.420260839272     
   5.55000000000000        938.576898566074        861.420179194593     
   5.57500000000000        938.576825184982        861.420101371727     
   5.60000000000000        938.576755238856        861.420027191798     
   5.62500000000000        938.576688566926        861.419956484298     
   5.65000000000000        938.576625015949        861.419889086700     
   5.67500000000000        938.576564439846        861.419824844078     
   5.70000000000000        938.576506699379        861.419763608760     
   5.72500000000000        938.576451661825        861.419705239984     
   5.75000000000000        938.576399200668        861.419649603570     
   5.77500000000000        938.576349195311        861.419596571621     
   5.80000000000000        938.576301530805        861.419546022226     
   5.82500000000000        938.576256097580        861.419497839178     
   5.85000000000000        938.576212791194        861.419451911711     
   5.87500000000000        938.576171512085        861.419408134237     
   5.90000000000000        938.576132165361        861.419366406116     
   5.92500000000000        938.576094660565        861.419326631414     
   5.95000000000000        938.576058911479        861.419288718694     
   5.97500000000000        938.576024835913        861.419252580789     
   6.00000000000000        938.575992355530        861.419218134620     
   6.02500000000000        938.575961395657        861.419185300993     
   6.05000000000000        938.575931885116        861.419154004421     
   6.07500000000000        938.575903756062        861.419124172952     
   6.10000000000000        938.575876943827        861.419095738002     
   6.12500000000000        938.575851386764        861.419068634193     
   6.15000000000000        938.575827026115        861.419042799210     
   6.17500000000000        938.575803805877        861.419018173661     
   6.20000000000000        938.575781672662        861.418994700925     
   6.22500000000000        938.575760575580        861.418972327034     
   6.25000000000000        938.575740466132        861.418951000550     
