  5.000000000000000E-003   2.29287102370982     
  1.000000000000000E-002   1.78250324147642     
  1.500000000000000E-002   1.42164945214158     
  2.000000000000000E-002   1.16358701467435     
  2.500000000000000E-002  0.974538434381682     
  3.000000000000000E-002  0.832424039182475     
  3.500000000000000E-002  0.723077851926694     
  4.000000000000000E-002  0.637195528259533     
  4.500000000000000E-002  0.568519887849067     
  5.000000000000000E-002  0.512733525965209     
  5.500000000000000E-002  0.466787342543348     
  6.000000000000000E-002  0.428481331539932     
  6.500000000000000E-002  0.396197291268270     
  7.000000000000001E-002  0.368724120873606     
  7.500000000000000E-002  0.345141114674038     
  8.000000000000000E-002  0.324738361188254     
  8.500000000000001E-002  0.306961414676392     
  9.000000000000000E-002  0.291372162445099     
  9.500000000000000E-002  0.277620702773967     
  0.100000000000000       0.265424837586645     
  0.105000000000000       0.254554915483459     
  0.110000000000000       0.244822489450426     
  0.115000000000000       0.236071731371474     
  0.120000000000000       0.228172863950113     
  0.125000000000000       0.221017086228748     
  0.130000000000000       0.214512616929541     
  0.135000000000000       0.208581582865151     
  0.140000000000000       0.203157552270101     
  0.145000000000000       0.198183564669259     
  0.150000000000000       0.193610546217480     
  0.155000000000000       0.189396026624116     
  0.160000000000000       0.185503093765357     
  0.165000000000000       0.181899536923436     
  0.170000000000000       0.178557140697666     
  0.175000000000000       0.175451100014234     
  0.180000000000000       0.172559533036992     
  0.185000000000000       0.169863073665066     
  0.190000000000000       0.167344529071240     
  0.195000000000000       0.164988590660558     
  0.200000000000000       0.162781589114631     
  0.205000000000000       0.160711285984586     
  0.210000000000000       0.158766695715772     
  0.215000000000000       0.156937933116840     
  0.220000000000000       0.155216082187704     
  0.225000000000000       0.153593082945461     
  0.230000000000000       0.152061633471336     
  0.235000000000000       0.150615104875857     
  0.240000000000000       0.149247467263999     
  0.245000000000000       0.147953225098094     
  0.250000000000000       0.146727360613970     
  0.255000000000000       0.145565284159084     
  0.260000000000000       0.144462790497735     
  0.265000000000000       0.143416020273935     
  0.270000000000000       0.142421425944858     
  0.275000000000000       0.141475741598987     
  0.280000000000000       0.140575956158354     
  0.285000000000000       0.139719289536115     
  0.290000000000000       0.138903171380696     
  0.295000000000000       0.138125222089184     
  0.300000000000000       0.137383235815764     
  0.305000000000000       0.136675165237808     
  0.310000000000000       0.135999107873756     
  0.315000000000000       0.135353293773578     
  0.320000000000000       0.134736074425877     
  0.325000000000000       0.134145912745058     
  0.330000000000000       0.133581374019437     
  0.335000000000000       0.133041117715528     
  0.340000000000000       0.132523890046437     
  0.345000000000000       0.132028517223658     
  0.350000000000000       0.131553899320594     
  0.355000000000000       0.131099004684818     
  0.360000000000000       0.130662864843329     
  0.365000000000000       0.130244569851110     
  0.370000000000000       0.129843264039234     
  0.375000000000000       0.129458142123282     
  0.380000000000000       0.129088445637403     
  0.385000000000000       0.128733459662800     
  0.390000000000000       0.128392509823095     
  0.395000000000000       0.128064959521664     
  0.400000000000000       0.127750207398660     
  0.405000000000000       0.127447684987989     
  0.410000000000000       0.127156854556085     
  0.415000000000000       0.126877207106669     
  0.420000000000000       0.126608260536614     
  0.425000000000000       0.126349557930268     
  0.430000000000000       0.126100665980080     
  0.435000000000000       0.125861173522998     
  0.440000000000000       0.125630690182953     
  0.445000000000000       0.125408845110652     
  0.450000000000000       0.125195285812731     
  0.455000000000000       0.124989677063026     
  0.460000000000000       0.124791699889374     
  0.465000000000000       0.124601050630027     
  0.470000000000000       0.124417440054058     
  0.475000000000000       0.124240592541023     
  0.480000000000000       0.124070245315046     
  0.485000000000000       0.123906147729396     
  0.490000000000000       0.123748060597621     
  0.495000000000000       0.123595755567809     
  0.500000000000000       0.123449014536759     
  0.505000000000000       0.123307629101190     
  0.510000000000000       0.123171400043187     
  0.515000000000000       0.123040136847564     
  0.520000000000000       0.122913657248808     
  0.525000000000000       0.122791786805497     
  0.530000000000000       0.122674358500353     
  0.535000000000000       0.122561212364129     
  0.540000000000000       0.122452195121644     
  0.545000000000000       0.122347159858669     
  0.550000000000000       0.122245965707999     
  0.555000000000000       0.122148477553730     
  0.560000000000000       0.122054565752244     
  0.565000000000000       0.121964105869176     
  0.570000000000000       0.121876978430973     
  0.575000000000000       0.121793068690364     
  0.580000000000000       0.121712266404790     
  0.585000000000000       0.121634465626896     
  0.590000000000000       0.121559564506482     
  0.595000000000000       0.121487465103058     
  0.600000000000000       0.121418073208435     
  0.605000000000000       0.121351298178700     
  0.610000000000000       0.121287052775029     
  0.615000000000000       0.121225253012736     
  0.620000000000000       0.121165818018207     
  0.625000000000000       0.121108669893035     
  0.630000000000000       0.121053733585143     
  0.635000000000000       0.121000936766324     
  0.640000000000000       0.120950209715974     
  0.645000000000000       0.120901485210460     
  0.650000000000000       0.120854698418058     
  0.655000000000000       0.120809786798895     
  0.660000000000000       0.120766690009836     
  0.665000000000000       0.120725349813857     
  0.670000000000000       0.120685709993792     
  0.675000000000000       0.120647716270221     
  0.680000000000000       0.120611316223092     
  0.685000000000000       0.120576459217188     
  0.690000000000000       0.120543096330942     
  0.695000000000000       0.120511180288617     
  0.700000000000000       0.120480665395563     
  0.705000000000000       0.120451507476540     
  0.710000000000000       0.120423663816670     
  0.715000000000000       0.120397093105266     
  0.720000000000000       0.120371755381988     
  0.725000000000000       0.120347611985599     
  0.730000000000000       0.120324625504805     
  0.735000000000000       0.120302759731353     
  0.740000000000000       0.120281979615187     
  0.745000000000000       0.120262251221500     
  0.750000000000000       0.120243541689644     
  0.755000000000000       0.120225819193802     
  0.760000000000000       0.120209052905301     
  0.765000000000000       0.120193212956559     
  0.770000000000000       0.120178270406465     
  0.775000000000000       0.120164197207255     
  0.780000000000000       0.120150966172712     
  0.785000000000000       0.120138550947696     
  0.790000000000000       0.120126925978927     
  0.795000000000000       0.120116066486884     
  0.800000000000000       0.120105948438951     
  0.805000000000000       0.120096548523549     
  0.810000000000000       0.120087844125369     
  0.815000000000000       0.120079813301543     
  0.820000000000000       0.120072434758837     
  0.825000000000000       0.120065687831664     
  0.830000000000000       0.120059552461053     
  0.835000000000000       0.120054009174356     
  0.840000000000000       0.120049039065866     
  0.845000000000000       0.120044623778042     
  0.850000000000000       0.120040745483590     
  0.855000000000000       0.120037386868214     
  0.860000000000000       0.120034531113908     
  0.865000000000000       0.120032161883048     
  0.870000000000000       0.120030263302972     
  0.875000000000000       0.120028819951161     
  0.880000000000000       0.120027816840987     
  0.885000000000000       0.120027239407978     
  0.890000000000000       0.120027073496557     
  0.895000000000000       0.120027305347292     
  0.900000000000000       0.120027921584620     
  0.905000000000000       0.120028909204946     
  0.910000000000000       0.120030255565263     
  0.915000000000000       0.120031948372071     
  0.920000000000000       0.120033975670813     
  0.925000000000000       0.120036325835555     
  0.930000000000000       0.120038987559154     
  0.935000000000000       0.120041949843665     
  0.940000000000000       0.120045201991203     
  0.945000000000000       0.120048733595007     
  0.950000000000000       0.120052534530937     
  0.955000000000000       0.120056594949166     
  0.960000000000000       0.120060905266231     
  0.965000000000000       0.120065456157353     
  0.970000000000000       0.120070238549022     
  0.975000000000000       0.120075243611778     
  0.980000000000000       0.120080462753353     
  0.985000000000000       0.120085887611940     
  0.990000000000000       0.120091510049768     
  0.995000000000000       0.120097322146827     
   1.00000000000000       0.120103316194862     
   1.00500000000000       0.120109484691500     
   1.01000000000000       0.120115820334621     
   1.01500000000000       0.120122316016890     
   1.02000000000000       0.120128964820468     
   1.02500000000000       0.120135760011884     
   1.03000000000000       0.120142695037056     
   1.03500000000000       0.120149763516541     
   1.04000000000000       0.120156959240831     
   1.04500000000000       0.120164276165893     
   1.05000000000000       0.120171708408787     
   1.05500000000000       0.120179250243439     
   1.06000000000000       0.120186896096580     
   1.06500000000000       0.120194640543780     
   1.07000000000000       0.120202478305600     
   1.07500000000000       0.120210404243917     
   1.08000000000000       0.120218413358291     
   1.08500000000000       0.120226500782540     
   1.09000000000000       0.120234661781322     
   1.09500000000000       0.120242891746909     
   1.10000000000000       0.120251186195993     
   1.10500000000000       0.120259540766661     
   1.11000000000000       0.120267951215385     
   1.11500000000000       0.120276413414156     
   1.12000000000000       0.120284923347692     
   1.12500000000000       0.120293477110698     
   1.13000000000000       0.120302070905259     
   1.13500000000000       0.120310701038239     
   1.14000000000000       0.120319363918834     
   1.14500000000000       0.120328056056109     
   1.15000000000000       0.120336774056651     
   1.15500000000000       0.120345514622317     
   1.16000000000000       0.120354274547948     
   1.16500000000000       0.120363050719251     
   1.17000000000000       0.120371840110669     
   1.17500000000000       0.120380639783333     
   1.18000000000000       0.120389446883094     
   1.18500000000000       0.120398258638553     
   1.19000000000000       0.120407072359202     
   1.19500000000000       0.120415885433594     
   1.20000000000000       0.120424695327551     
   1.20500000000000       0.120433499582431     
   1.21000000000000       0.120442295813467     
   1.21500000000000       0.120451081708099     
   1.22000000000000       0.120459855024399     
   1.22500000000000       0.120468613589513     
   1.23000000000000       0.120477355298157     
   1.23500000000000       0.120486078111119     
   1.24000000000000       0.120494780053839     
   1.24500000000000       0.120503459215021     
   1.25000000000000       0.120512113745217     
   1.25500000000000       0.120520741855536     
   1.26000000000000       0.120529341816312     
   1.26500000000000       0.120537911955838     
   1.27000000000000       0.120546450659104     
   1.27500000000000       0.120554956366587     
   1.28000000000000       0.120563427573060     
   1.28500000000000       0.120571862826382     
   1.29000000000000       0.120580260726428     
   1.29500000000000       0.120588619923908     
   1.30000000000000       0.120596939119291     
   1.30500000000000       0.120605217061741     
   1.31000000000000       0.120613452548075     
   1.31500000000000       0.120621644421718     
   1.32000000000000       0.120629791571715     
   1.32500000000000       0.120637892931770     
   1.33000000000000       0.120645947479244     
   1.33500000000000       0.120653954234251     
   1.34000000000000       0.120661912258740     
   1.34500000000000       0.120669820655549     
   1.35000000000000       0.120677678567614     
   1.35500000000000       0.120685485177009     
   1.36000000000000       0.120693239704162     
   1.36500000000000       0.120700941406975     
   1.37000000000000       0.120708589580065     
   1.37500000000000       0.120716183553905     
   1.38000000000000       0.120723722694071     
   1.38500000000000       0.120731206400439     
   1.39000000000000       0.120738634106446     
   1.39500000000000       0.120746005278349     
   1.40000000000000       0.120753319414413     
   1.40500000000000       0.120760576044279     
   1.41000000000000       0.120767774728184     
   1.41500000000000       0.120774915056301     
   1.42000000000000       0.120781996648001     
   1.42500000000000       0.120789019151200     
   1.43000000000000       0.120795982241685     
   1.43500000000000       0.120802885622452     
   1.44000000000000       0.120809729023071     
   1.44500000000000       0.120816512199034     
   1.45000000000000       0.120823234931118     
   1.45500000000000       0.120829897024817     
   1.46000000000000       0.120836498309671     
   1.46500000000000       0.120843038638739     
   1.47000000000000       0.120849517887962     
   1.47500000000000       0.120855935955614     
   1.48000000000000       0.120862292761724     
   1.48500000000000       0.120868588247530     
   1.49000000000000       0.120874822374906     
   1.49500000000000       0.120880995125845     
   1.50000000000000       0.120887106501904     
   1.50500000000000       0.120893156523709     
   1.51000000000000       0.120899145230385     
   1.51500000000000       0.120905072679086     
   1.52000000000000       0.120910938944475     
   1.52500000000000       0.120916744118221     
   1.53000000000000       0.120922488308516     
   1.53500000000000       0.120928171639592     
   1.54000000000000       0.120933794251227     
   1.54500000000000       0.120939356298282     
   1.55000000000000       0.120944857950282     
   1.55500000000000       0.120950299390878     
   1.56000000000000       0.120955680817462     
   1.56500000000000       0.120961002440716     
   1.57000000000000       0.120966264484160     
   1.57500000000000       0.120971467183746     
   1.58000000000000       0.120976610787421     
   1.58500000000000       0.120981695554745     
   1.59000000000000       0.120986721756449     
   1.59500000000000       0.120991689674079     
   1.60000000000000       0.120996599599565     
   1.60500000000000       0.121001451834865     
   1.61000000000000       0.121006246691583     
   1.61500000000000       0.121010984490583     
   1.62000000000000       0.121015665561650     
   1.62500000000000       0.121020290243119     
   1.63000000000000       0.121024858881504     
   1.63500000000000       0.121029371831167     
   1.64000000000000       0.121033829453986     
   1.64500000000000       0.121038232119008     
   1.65000000000000       0.121042580202105     
   1.65500000000000       0.121046874085690     
   1.66000000000000       0.121051114158349     
   1.66500000000000       0.121055300814589     
   1.67000000000000       0.121059434454441     
   1.67500000000000       0.121063515483278     
   1.68000000000000       0.121067544311408     
   1.68500000000000       0.121071521353874     
   1.69000000000000       0.121075447030110     
   1.69500000000000       0.121079321763724     
   1.70000000000000       0.121083145982162     
   1.70500000000000       0.121086920116494     
   1.71000000000000       0.121090644601157     
   1.71500000000000       0.121094319873667     
   1.72000000000000       0.121097946374420     
   1.72500000000000       0.121101524546419     
   1.73000000000000       0.121105054835038     
   1.73500000000000       0.121108537687836     
   1.74000000000000       0.121111973554279     
   1.74500000000000       0.121115362885563     
   1.75000000000000       0.121118706134381     
   1.75500000000000       0.121122003754712     
   1.76000000000000       0.121125256201645     
   1.76500000000000       0.121128463931145     
   1.77000000000000       0.121131627399882     
   1.77500000000000       0.121134747065044     
   1.78000000000000       0.121137823384141     
   1.78500000000000       0.121140856814852     
   1.79000000000000       0.121143847814806     
   1.79500000000000       0.121146796841467     
   1.80000000000000       0.121149704351927     
   1.80500000000000       0.121152570802789     
   1.81000000000000       0.121155396649972     
   1.81500000000000       0.121158182348579     
   1.82000000000000       0.121160928352777     
   1.82500000000000       0.121163635115624     
   1.83000000000000       0.121166303088947     
   1.83500000000000       0.121168932723211     
   1.84000000000000       0.121171524467424     
   1.84500000000000       0.121174078768945     
   1.85000000000000       0.121176596073455     
   1.85500000000000       0.121179076824788     
   1.86000000000000       0.121181521464821     
   1.86500000000000       0.121183930433415     
   1.87000000000000       0.121186304168264     
   1.87500000000000       0.121188643104840     
   1.88000000000000       0.121190947676263     
   1.88500000000000       0.121193218313259     
   1.89000000000000       0.121195455444015     
   1.89500000000000       0.121197659494151     
   1.90000000000000       0.121199830886601     
   1.90500000000000       0.121201970041582     
   1.91000000000000       0.121204077376467     
   1.91500000000000       0.121206153305762     
   1.92000000000000       0.121208198241013     
   1.92500000000000       0.121210212590773     
   1.93000000000000       0.121212196760525     
   1.93500000000000       0.121214151152606     
   1.94000000000000       0.121216076166205     
   1.94500000000000       0.121217972197273     
   1.95000000000000       0.121219839638498     
   1.95500000000000       0.121221678879255     
   1.96000000000000       0.121223490305554     
   1.96500000000000       0.121225274300052     
   1.97000000000000       0.121227031241938     
   1.97500000000000       0.121228761506991     
   1.98000000000000       0.121230465467474     
   1.98500000000000       0.121232143492162     
   1.99000000000000       0.121233795946279     
   1.99500000000000       0.121235423191512     
   2.00000000000000       0.121237025585954     
   2.00500000000000       0.121238603484127     
   2.01000000000000       0.121240157236916     
   2.01500000000000       0.121241687191594     
   2.02000000000000       0.121243193691821     
   2.02500000000000       0.121244677077571     
   2.03000000000000       0.121246137685194     
   2.03500000000000       0.121247575847372     
   2.04000000000000       0.121248991893123     
   2.04500000000000       0.121250386147799     
   2.05000000000000       0.121251758933073     
   2.05500000000000       0.121253110566963     
   2.06000000000000       0.121254441363819     
   2.06500000000000       0.121255751634329     
   2.07000000000000       0.121257041685519     
   2.07500000000000       0.121258311820779     
   2.08000000000000       0.121259562339851     
   2.08500000000000       0.121260793538834     
   2.09000000000000       0.121262005710237     
   2.09500000000000       0.121263199142939     
   2.10000000000000       0.121264374122238     
   2.10500000000000       0.121265530929847     
   2.11000000000000       0.121266669843914     
   2.11500000000000       0.121267791139052     
   2.12000000000000       0.121268895086332     
   2.12500000000000       0.121269981953333     
   2.13000000000000       0.121271052004121     
   2.13500000000000       0.121272105499315     
   2.14000000000000       0.121273142696070     
   2.14500000000000       0.121274163848111     
   2.15000000000000       0.121275169205770     
   2.15500000000000       0.121276159015978     
   2.16000000000000       0.121277133522319     
   2.16500000000000       0.121278092965048     
   2.17000000000000       0.121279037581082     
   2.17500000000000       0.121279967604094     
   2.18000000000000       0.121280883264453     
   2.18500000000000       0.121281784789334     
   2.19000000000000       0.121282672402678     
   2.19500000000000       0.121283546325271     
   2.20000000000000       0.121284406774734     
   2.20500000000000       0.121285253965566     
   2.21000000000000       0.121286088109195     
   2.21500000000000       0.121286909413952     
   2.22000000000000       0.121287718085172     
   2.22500000000000       0.121288514325156     
   2.23000000000000       0.121289298333256     
   2.23500000000000       0.121290070305851     
   2.24000000000000       0.121290830436449     
   2.24500000000000       0.121291578915643     
   2.25000000000000       0.121292315931176     
   2.25500000000000       0.121293041668001     
   2.26000000000000       0.121293756308236     
   2.26500000000000       0.121294460031291     
   2.27000000000000       0.121295153013793     
   2.27500000000000       0.121295835429724     
   2.28000000000000       0.121296507450356     
   2.28500000000000       0.121297169244361     
   2.29000000000000       0.121297820977776     
   2.29500000000000       0.121298462814090     
   2.30000000000000       0.121299094914240     
   2.30500000000000       0.121299717436637     
   2.31000000000000       0.121300330537242     
   2.31500000000000       0.121300934369533     
   2.32000000000000       0.121301529084590     
   2.32500000000000       0.121302114831105     
   2.33000000000000       0.121302691755402     
   2.33500000000000       0.121303260001484     
   2.34000000000000       0.121303819711063     
   2.34500000000000       0.121304371023580     
   2.35000000000000       0.121304914076239     
   2.35500000000000       0.121305449004044     
   2.36000000000000       0.121305975939825     
   2.36500000000000       0.121306495014258     
   2.37000000000000       0.121307006355918     
   2.37500000000000       0.121307510091275     
   2.38000000000000       0.121308006344761     
   2.38500000000000       0.121308495238765     
   2.39000000000000       0.121308976893669     
   2.39500000000000       0.121309451427912     
   2.40000000000000       0.121309918957961     
   2.40500000000000       0.121310379598376     
   2.41000000000000       0.121310833461826     
   2.41500000000000       0.121311280659131     
   2.42000000000000       0.121311721299260     
   2.42500000000000       0.121312155489391     
   2.43000000000000       0.121312583334906     
   2.43500000000000       0.121313004939440     
   2.44000000000000       0.121313420404903     
   2.44500000000000       0.121313829831500     
   2.45000000000000       0.121314233317764     
   2.45500000000000       0.121314630960570     
   2.46000000000000       0.121315022855182     
   2.46500000000000       0.121315409095235     
   2.47000000000000       0.121315789772829     
   2.47500000000000       0.121316164978490     
   2.48000000000000       0.121316534801211     
   2.48500000000000       0.121316899328501     
   2.49000000000000       0.121317258646372     
   2.49500000000000       0.121317612839405     
   2.50000000000000       0.121317961990716     
   2.52500000000000       0.121319622855552     
   2.55000000000000       0.121321167287427     
   2.57500000000000       0.121322606711451     
   2.60000000000000       0.121323950128201     
   2.62500000000000       0.121325205292710     
   2.65000000000000       0.121326379114609     
   2.67500000000000       0.121327477825747     
   2.70000000000000       0.121328507086812     
   2.72500000000000       0.121329472060130     
   2.75000000000000       0.121330377465453     
   2.77500000000000       0.121331227625206     
   2.80000000000000       0.121332026502856     
   2.82500000000000       0.121332777736228     
   2.85000000000000       0.121333484667029     
   2.87500000000000       0.121334150367184     
   2.90000000000000       0.121334777662663     
   2.92500000000000       0.121335369154911     
   2.95000000000000       0.121335927240389     
   2.97500000000000       0.121336454128315     
   3.00000000000000       0.121336951856703     
   3.02500000000000       0.121337422307147     
   3.05000000000000       0.121337867218116     
   3.07500000000000       0.121338288197155     
   3.10000000000000       0.121338686731990     
   3.12500000000000       0.121339064200634     
   3.15000000000000       0.121339421880598     
   3.17500000000000       0.121339760957240     
   3.20000000000000       0.121340082531492     
   3.22500000000000       0.121340387626774     
   3.25000000000000       0.121340677195356     
   3.27500000000000       0.121340952124118     
   3.30000000000000       0.121341213239871     
   3.32500000000000       0.121341461314110     
   3.35000000000000       0.121341697067467     
   3.37500000000000       0.121341921173604     
   3.40000000000000       0.121342134262978     
   3.42500000000000       0.121342336926067     
   3.45000000000000       0.121342529716454     
   3.47500000000000       0.121342713153594     
   3.50000000000000       0.121342887725337     
   3.52500000000000       0.121343053890292     
   3.55000000000000       0.121343212079860     
   3.57500000000000       0.121343362700229     
   3.60000000000000       0.121343506134181     
   3.62500000000000       0.121343642742624     
   3.65000000000000       0.121343772866200     
   3.67500000000000       0.121343896826542     
   3.70000000000000       0.121344014927642     
   3.72500000000000       0.121344127456930     
   3.75000000000000       0.121344234686373     
   3.77500000000000       0.121344336873479     
   3.80000000000000       0.121344434262144     
   3.82500000000000       0.121344527083559     
   3.85000000000000       0.121344615556931     
   3.87500000000000       0.121344699890236     
   3.90000000000000       0.121344780280860     
   3.92500000000000       0.121344856916218     
   3.95000000000000       0.121344929974357     
   3.97500000000000       0.121344999624425     
   4.00000000000000       0.121345066027241     
   4.02500000000000       0.121345129335699     
   4.05000000000000       0.121345189695223     
   4.07500000000000       0.121345247244180     
   4.10000000000000       0.121345302114224     
   4.12500000000000       0.121345354430694     
   4.15000000000000       0.121345404312901     
   4.17500000000000       0.121345451874456     
   4.20000000000000       0.121345497223582     
   4.22500000000000       0.121345540463333     
   4.25000000000000       0.121345581691938     
   4.27500000000000       0.121345621002944     
   4.30000000000000       0.121345658485534     
   4.32500000000000       0.121345694224682     
   4.35000000000000       0.121345728301381     
   4.37500000000000       0.121345760792867     
   4.40000000000000       0.121345791772710     
   4.42500000000000       0.121345821311119     
   4.45000000000000       0.121345849474988     
   4.47500000000000       0.121345876328101     
   4.50000000000000       0.121345901931318     
   4.52500000000000       0.121345926342625     
   4.55000000000000       0.121345949617344     
   4.57500000000000       0.121345971808233     
   4.60000000000000       0.121345992965587     
   4.62500000000000       0.121346013137398     
   4.65000000000000       0.121346032369407     
   4.67500000000000       0.121346050705270     
   4.70000000000000       0.121346068186585     
   4.72500000000000       0.121346084853058     
   4.75000000000000       0.121346100742547     
   4.77500000000000       0.121346115891144     
   4.80000000000000       0.121346130333286     
   4.82500000000000       0.121346144101819     
   4.85000000000000       0.121346157228060     
   4.87500000000000       0.121346169741873     
   4.90000000000000       0.121346181671747     
   4.92500000000000       0.121346193044852     
   4.95000000000000       0.121346203887104     
   4.97500000000000       0.121346214223209     
   5.00000000000000       0.121346224076713     
   5.02500000000000       0.121346233470119     
   5.05000000000000       0.121346242424837     
   5.07500000000000       0.121346250961304     
   5.10000000000000       0.121346259099011     
   5.12500000000000       0.121346266856551     
   5.15000000000000       0.121346274251635     
   5.17500000000000       0.121346281301161     
   5.20000000000000       0.121346288021248     
   5.22500000000000       0.121346294427261     
   5.25000000000000       0.121346300533849     
   5.27500000000000       0.121346306354980     
   5.30000000000000       0.121346311903976     
   5.32500000000000       0.121346317193547     
   5.35000000000000       0.121346322235789     
   5.37500000000000       0.121346327042260     
   5.40000000000000       0.121346331623959     
   5.42500000000000       0.121346335991391     
   5.45000000000000       0.121346340154560     
   5.47500000000000       0.121346344123012     
   5.50000000000000       0.121346347905828     
   5.52500000000000       0.121346351511711     
   5.55000000000000       0.121346354948889     
   5.57500000000000       0.121346358225280     
   5.60000000000000       0.121346361348381     
   5.62500000000000       0.121346364325371     
   5.65000000000000       0.121346367163066     
   5.67500000000000       0.121346369867993     
   5.70000000000000       0.121346372446341     
   5.72500000000000       0.121346374904040     
   5.75000000000000       0.121346377246735     
   5.77500000000000       0.121346379479796     
   5.80000000000000       0.121346381608356     
   5.82500000000000       0.121346383637305     
   5.85000000000000       0.121346385571284     
   5.87500000000000       0.121346387414755     
   5.90000000000000       0.121346389171953     
   5.92500000000000       0.121346390846909     
   5.95000000000000       0.121346392443461     
   5.97500000000000       0.121346393965296     
   6.00000000000000       0.121346395415892     
   6.02500000000000       0.121346396798596     
   6.05000000000000       0.121346398116571     
   6.07500000000000       0.121346399372862     
   6.10000000000000       0.121346400570337     
   6.12500000000000       0.121346401711774     
   6.15000000000000       0.121346402799771     
   6.17500000000000       0.121346403836842     
   6.20000000000000       0.121346404825363     
   6.22500000000000       0.121346405767616     
   6.25000000000000       0.121346406665763     
