  5.000000000000000E-003 -3.137726497774354E-002
  1.000000000000000E-002 -1.884710235217988E-002
  1.500000000000000E-002 -1.906098466231466E-002
  2.000000000000000E-002 -1.716698581446145E-002
  2.500000000000000E-002 -1.639609072656483E-002
  3.000000000000000E-002 -1.567518854751037E-002
  3.500000000000000E-002 -1.516363794351039E-002
  4.000000000000000E-002 -1.474693245541180E-002
  4.500000000000000E-002 -1.441221136162015E-002
  5.000000000000000E-002 -1.413439344300733E-002
  5.500000000000000E-002 -1.390106800037836E-002
  6.000000000000000E-002 -1.370211468865282E-002
  6.500000000000000E-002 -1.353057155192379E-002
  7.000000000000001E-002 -1.338114997289271E-002
  7.500000000000000E-002 -1.324986904633383E-002
  8.000000000000000E-002 -1.313364446674959E-002
  8.500000000000001E-002 -1.303005912134764E-002
  9.000000000000000E-002 -1.293718935689502E-002
  9.500000000000000E-002 -1.285348602083945E-002
  0.100000000000000      -1.277768729485352E-002
  0.105000000000000      -1.270875504293889E-002
  0.110000000000000      -1.264582725045651E-002
  0.115000000000000      -1.258818211376561E-002
  0.120000000000000      -1.253521055509126E-002
  0.125000000000000      -1.248639495642533E-002
  0.130000000000000      -1.244129253013514E-002
  0.135000000000000      -1.239952219084259E-002
  0.140000000000000      -1.236075409861478E-002
  0.145000000000000      -1.232470126103128E-002
  0.150000000000000      -1.229111273667221E-002
  0.155000000000000      -1.225976809506568E-002
  0.160000000000000      -1.223047287033633E-002
  0.165000000000000      -1.220305480671189E-002
  0.170000000000000      -1.217736073948420E-002
  0.175000000000000      -1.215325398932546E-002
  0.180000000000000      -1.213061217391797E-002
  0.185000000000000      -1.210932536081971E-002
  0.190000000000000      -1.208929450096531E-002
  0.195000000000000      -1.207043009413088E-002
  0.200000000000000      -1.205265104719108E-002
  0.205000000000000      -1.203588369328260E-002
  0.210000000000000      -1.202006094599612E-002
  0.215000000000000      -1.200512156728070E-002
  0.220000000000000      -1.199100953159101E-002
  0.225000000000000      -1.197767347177078E-002
  0.230000000000000      -1.196506619466038E-002
  0.235000000000000      -1.195314425636808E-002
  0.240000000000000      -1.194186758881184E-002
  0.245000000000000      -1.193119917043767E-002
  0.250000000000000      -1.192110473513660E-002
  0.255000000000000      -1.191155251430926E-002
  0.260000000000000      -1.190251300773225E-002
  0.265000000000000      -1.189395877956712E-002
  0.270000000000000      -1.188586427633086E-002
  0.275000000000000      -1.187820566413768E-002
  0.280000000000000      -1.187096068282665E-002
  0.285000000000000      -1.186410851499831E-002
  0.290000000000000      -1.185762966815504E-002
  0.295000000000000      -1.185150586845089E-002
  0.300000000000000      -1.184571996469466E-002
  0.305000000000000      -1.184025584146475E-002
  0.310000000000000      -1.183509834030989E-002
  0.315000000000000      -1.183023318814625E-002
  0.320000000000000      -1.182564693209016E-002
  0.325000000000000      -1.182132688002364E-002
  0.330000000000000      -1.181726104631517E-002
  0.335000000000000      -1.181343810216172E-002
  0.340000000000000      -1.180984733009437E-002
  0.345000000000000      -1.180647858223859E-002
  0.350000000000000      -1.180332224198055E-002
  0.355000000000000      -1.180036918870836E-002
  0.360000000000000      -1.179761076536548E-002
  0.365000000000000      -1.179503874854848E-002
  0.370000000000000      -1.179264532093461E-002
  0.375000000000000      -1.179042304583420E-002
  0.380000000000000      -1.178836484369670E-002
  0.385000000000000      -1.178646397037821E-002
  0.390000000000000      -1.178471399705731E-002
  0.395000000000000      -1.178310879161913E-002
  0.400000000000000      -1.178164250142618E-002
  0.405000000000000      -1.178030953731511E-002
  0.410000000000000      -1.177910455875133E-002
  0.415000000000000      -1.177802246000624E-002
  0.420000000000000      -1.177705835730671E-002
  0.425000000000000      -1.177620757683606E-002
  0.430000000000000      -1.177546564353977E-002
  0.435000000000000      -1.177482827065060E-002
  0.440000000000000      -1.177429134988497E-002
  0.445000000000000      -1.177385094224428E-002
  0.450000000000000      -1.177350326938310E-002
  0.455000000000000      -1.177324470549123E-002
  0.460000000000000      -1.177307176966122E-002
  0.465000000000000      -1.177298111869916E-002
  0.470000000000000      -1.177296954035839E-002
  0.475000000000000      -1.177303394696119E-002
  0.480000000000000      -1.177317136938917E-002
  0.485000000000000      -1.177337895142684E-002
  0.490000000000000      -1.177365394442629E-002
  0.495000000000000      -1.177399370228881E-002
  0.500000000000000      -1.177439567673685E-002
  0.505000000000000      -1.177485741286130E-002
  0.510000000000000      -1.177537654493837E-002
  0.515000000000000      -1.177595079247522E-002
  0.520000000000000      -1.177657795650529E-002
  0.525000000000000      -1.177725591608025E-002
  0.530000000000000      -1.177798262496474E-002
  0.535000000000000      -1.177875610852335E-002
  0.540000000000000      -1.177957446076231E-002
  0.545000000000000      -1.178043584153412E-002
  0.550000000000000      -1.178133847388557E-002
  0.555000000000000      -1.178228064153248E-002
  0.560000000000000      -1.178326068645276E-002
  0.565000000000000      -1.178427700659554E-002
  0.570000000000000      -1.178532805368769E-002
  0.575000000000000      -1.178641233113719E-002
  0.580000000000000      -1.178752839202600E-002
  0.585000000000000      -1.178867483718992E-002
  0.590000000000000      -1.178985031337532E-002
  0.595000000000000      -1.179105351148389E-002
  0.600000000000000      -1.179228316487895E-002
  0.605000000000000      -1.179353804778870E-002
  0.610000000000000      -1.179481697375869E-002
  0.615000000000000      -1.179611879419840E-002
  0.620000000000000      -1.179744239697937E-002
  0.625000000000000      -1.179878670511775E-002
  0.630000000000000      -1.180015067551298E-002
  0.635000000000000      -1.180153329775042E-002
  0.640000000000000      -1.180293359297153E-002
  0.645000000000000      -1.180435061279218E-002
  0.650000000000000      -1.180578343827973E-002
  0.655000000000000      -1.180723117897852E-002
  0.660000000000000      -1.180869297197522E-002
  0.665000000000000      -1.181016798101436E-002
  0.670000000000000      -1.181165539563997E-002
  0.675000000000000      -1.181315443038011E-002
  0.680000000000000      -1.181466432395300E-002
  0.685000000000000      -1.181618433850751E-002
  0.690000000000000      -1.181771375887936E-002
  0.695000000000000      -1.181925189188107E-002
  0.700000000000000      -1.182079806560270E-002
  0.705000000000000      -1.182235162873985E-002
  0.710000000000000      -1.182391194993853E-002
  0.715000000000000      -1.182547841716695E-002
  0.720000000000000      -1.182705043709495E-002
  0.725000000000000      -1.182862743450764E-002
  0.730000000000000      -1.183020885173577E-002
  0.735000000000000      -1.183179414810823E-002
  0.740000000000000      -1.183338279942415E-002
  0.745000000000000      -1.183497429745441E-002
  0.750000000000000      -1.183656814946215E-002
  0.755000000000000      -1.183816387774503E-002
  0.760000000000000      -1.183976101919830E-002
  0.765000000000000      -1.184135912490496E-002
  0.770000000000000      -1.184295775973385E-002
  0.775000000000000      -1.184455650196875E-002
  0.780000000000000      -1.184615494293943E-002
  0.785000000000000      -1.184775268668138E-002
  0.790000000000000      -1.184934934959381E-002
  0.795000000000000      -1.185094456012261E-002
  0.800000000000000      -1.185253795843730E-002
  0.805000000000000      -1.185412919613061E-002
  0.810000000000000      -1.185571793591594E-002
  0.815000000000000      -1.185730385133092E-002
  0.820000000000000      -1.185888662645100E-002
  0.825000000000000      -1.186046595560723E-002
  0.830000000000000      -1.186204154310225E-002
  0.835000000000000      -1.186361310294872E-002
  0.840000000000000      -1.186518035858821E-002
  0.845000000000000      -1.186674304264786E-002
  0.850000000000000      -1.186830089667860E-002
  0.855000000000000      -1.186985367091096E-002
  0.860000000000000      -1.187140112402960E-002
  0.865000000000000      -1.187294302293432E-002
  0.870000000000000      -1.187447914253533E-002
  0.875000000000000      -1.187600926553930E-002
  0.880000000000000      -1.187753318225600E-002
  0.885000000000000      -1.187905069040564E-002
  0.890000000000000      -1.188056159494480E-002
  0.895000000000000      -1.188206570789057E-002
  0.900000000000000      -1.188356284815633E-002
  0.905000000000000      -1.188505284139640E-002
  0.910000000000000      -1.188653551984608E-002
  0.915000000000000      -1.188801072218174E-002
  0.920000000000000      -1.188947829336599E-002
  0.925000000000000      -1.189093808451104E-002
  0.930000000000000      -1.189238995273317E-002
  0.935000000000000      -1.189383376101904E-002
  0.940000000000000      -1.189526937807922E-002
  0.945000000000000      -1.189669667821876E-002
  0.950000000000000      -1.189811554119353E-002
  0.955000000000000      -1.189952585208367E-002
  0.960000000000000      -1.190092750115395E-002
  0.965000000000000      -1.190232038372477E-002
  0.970000000000000      -1.190370440004674E-002
  0.975000000000000      -1.190507945517163E-002
  0.980000000000000      -1.190644545883416E-002
  0.985000000000000      -1.190780232533169E-002
  0.990000000000000      -1.190914997341496E-002
  0.995000000000000      -1.191048832617740E-002
   1.00000000000000      -1.191181731095077E-002
   1.00500000000000      -1.191313685920836E-002
   1.01000000000000      -1.191444690646941E-002
   1.01500000000000      -1.191574739220689E-002
   1.02000000000000      -1.191703825976427E-002
   1.02500000000000      -1.191831945626652E-002
   1.03000000000000      -1.191959093254391E-002
   1.03500000000000      -1.192085264304904E-002
   1.04000000000000      -1.192210454578187E-002
   1.04500000000000      -1.192334660220966E-002
   1.05000000000000      -1.192457877719356E-002
   1.05500000000000      -1.192580103891243E-002
   1.06000000000000      -1.192701335878300E-002
   1.06500000000000      -1.192821571138993E-002
   1.07000000000000      -1.192940807440483E-002
   1.07500000000000      -1.193059042851187E-002
   1.08000000000000      -1.193176275733091E-002
   1.08500000000000      -1.193292504734438E-002
   1.09000000000000      -1.193407728781993E-002
   1.09500000000000      -1.193521947073747E-002
   1.10000000000000      -1.193635159072215E-002
   1.10500000000000      -1.193747364496795E-002
   1.11000000000000      -1.193858563317361E-002
   1.11500000000000      -1.193968755747748E-002
   1.12000000000000      -1.194077942239313E-002
   1.12500000000000      -1.194186123475254E-002
   1.13000000000000      -1.194293300364179E-002
   1.13500000000000      -1.194399474035478E-002
   1.14000000000000      -1.194504645833260E-002
   1.14500000000000      -1.194608817311333E-002
   1.15000000000000      -1.194711990228568E-002
   1.15500000000000      -1.194814166543731E-002
   1.16000000000000      -1.194915348410483E-002
   1.16500000000000      -1.195015538173249E-002
   1.17000000000000      -1.195114738361763E-002
   1.17500000000000      -1.195212951686985E-002
   1.18000000000000      -1.195310181035695E-002
   1.18500000000000      -1.195406429466314E-002
   1.19000000000000      -1.195501700203725E-002
   1.19500000000000      -1.195595996634529E-002
   1.20000000000000      -1.195689322302022E-002
   1.20500000000000      -1.195781680901747E-002
   1.21000000000000      -1.195873076276124E-002
   1.21500000000000      -1.195963512410063E-002
   1.22000000000000      -1.196052993426020E-002
   1.22500000000000      -1.196141523579604E-002
   1.23000000000000      -1.196229107254771E-002
   1.23500000000000      -1.196315748959557E-002
   1.24000000000000      -1.196401453322189E-002
   1.24500000000000      -1.196486225086496E-002
   1.25000000000000      -1.196570069108268E-002
   1.25500000000000      -1.196652990351518E-002
   1.26000000000000      -1.196734993884663E-002
   1.26500000000000      -1.196816084877360E-002
   1.27000000000000      -1.196896268596567E-002
   1.27500000000000      -1.196975550403934E-002
   1.28000000000000      -1.197053935751885E-002
   1.28500000000000      -1.197131430180718E-002
   1.29000000000000      -1.197208039315469E-002
   1.29500000000000      -1.197283768862534E-002
   1.30000000000000      -1.197358624606573E-002
   1.30500000000000      -1.197432612407264E-002
   1.31000000000000      -1.197505738196135E-002
   1.31500000000000      -1.197578007972906E-002
   1.32000000000000      -1.197649427802961E-002
   1.32500000000000      -1.197720003813275E-002
   1.33000000000000      -1.197789742189671E-002
   1.33500000000000      -1.197858649173181E-002
   1.34000000000000      -1.197926731057233E-002
   1.34500000000000      -1.197993994184162E-002
   1.35000000000000      -1.198060444942120E-002
   1.35500000000000      -1.198126089762425E-002
   1.36000000000000      -1.198190935116319E-002
   1.36500000000000      -1.198254987512260E-002
   1.37000000000000      -1.198318253493359E-002
   1.37500000000000      -1.198380739634527E-002
   1.38000000000000      -1.198442452540389E-002
   1.38500000000000      -1.198503398842475E-002
   1.39000000000000      -1.198563585197382E-002
   1.39500000000000      -1.198623018283830E-002
   1.40000000000000      -1.198681704801546E-002
   1.40500000000000      -1.198739651468034E-002
   1.41000000000000      -1.198796865017394E-002
   1.41500000000000      -1.198853352197345E-002
   1.42000000000000      -1.198909119768124E-002
   1.42500000000000      -1.198964174499590E-002
   1.43000000000000      -1.199018523169570E-002
   1.43500000000000      -1.199072172561626E-002
   1.44000000000000      -1.199125129463049E-002
   1.44500000000000      -1.199177400662547E-002
   1.45000000000000      -1.199228992948655E-002
   1.45500000000000      -1.199279913106878E-002
   1.46000000000000      -1.199330167918579E-002
   1.46500000000000      -1.199379764158233E-002
   1.47000000000000      -1.199428708591866E-002
   1.47500000000000      -1.199477007975121E-002
   1.48000000000000      -1.199524669051289E-002
   1.48500000000000      -1.199571698549785E-002
   1.49000000000000      -1.199618103184464E-002
   1.49500000000000      -1.199663889651880E-002
   1.50000000000000      -1.199709064629926E-002
   1.50500000000000      -1.199753634776483E-002
   1.51000000000000      -1.199797606727909E-002
   1.51500000000000      -1.199840987097859E-002
   1.52000000000000      -1.199883782476125E-002
   1.52500000000000      -1.199925999427206E-002
   1.53000000000000      -1.199967644489416E-002
   1.53500000000000      -1.200008724173594E-002
   1.54000000000000      -1.200049244961956E-002
   1.54500000000000      -1.200089213307440E-002
   1.55000000000000      -1.200128635631754E-002
   1.55500000000000      -1.200167518324980E-002
   1.56000000000000      -1.200205867744416E-002
   1.56500000000000      -1.200243690213177E-002
   1.57000000000000      -1.200280992019324E-002
   1.57500000000000      -1.200317779414891E-002
   1.58000000000000      -1.200354058614504E-002
   1.58500000000000      -1.200389835794923E-002
   1.59000000000000      -1.200425117093388E-002
   1.59500000000000      -1.200459908607402E-002
   1.60000000000000      -1.200494216393215E-002
   1.60500000000000      -1.200528046465592E-002
   1.61000000000000      -1.200561404796368E-002
   1.61500000000000      -1.200594297314550E-002
   1.62000000000000      -1.200626729904905E-002
   1.62500000000000      -1.200658708407983E-002
   1.63000000000000      -1.200690238618918E-002
   1.63500000000000      -1.200721326287808E-002
   1.64000000000000      -1.200751977118487E-002
   1.64500000000000      -1.200782196768567E-002
   1.65000000000000      -1.200811990848808E-002
   1.65500000000000      -1.200841364922874E-002
   1.66000000000000      -1.200870324507171E-002
   1.66500000000000      -1.200898875070163E-002
   1.67000000000000      -1.200927022032270E-002
   1.67500000000000      -1.200954770765629E-002
   1.68000000000000      -1.200982126593452E-002
   1.68500000000000      -1.201009094790113E-002
   1.69000000000000      -1.201035680580668E-002
   1.69500000000000      -1.201061889140472E-002
   1.70000000000000      -1.201087725595010E-002
   1.70500000000000      -1.201113195019733E-002
   1.71000000000000      -1.201138302439546E-002
   1.71500000000000      -1.201163052828831E-002
   1.72000000000000      -1.201187451111163E-002
   1.72500000000000      -1.201211502159181E-002
   1.73000000000000      -1.201235210794547E-002
   1.73500000000000      -1.201258581787609E-002
   1.74000000000000      -1.201281619857703E-002
   1.74500000000000      -1.201304329672908E-002
   1.75000000000000      -1.201326715850301E-002
   1.75500000000000      -1.201348782955776E-002
   1.76000000000000      -1.201370535504196E-002
   1.76500000000000      -1.201391977959828E-002
   1.77000000000000      -1.201413114736116E-002
   1.77500000000000      -1.201433950195921E-002
   1.78000000000000      -1.201454488651855E-002
   1.78500000000000      -1.201474734366200E-002
   1.79000000000000      -1.201494691551306E-002
   1.79500000000000      -1.201514364369803E-002
   1.80000000000000      -1.201533756934492E-002
   1.80500000000000      -1.201552873308738E-002
   1.81000000000000      -1.201571717506685E-002
   1.81500000000000      -1.201590293493330E-002
   1.82000000000000      -1.201608605184737E-002
   1.82500000000000      -1.201626656448290E-002
   1.83000000000000      -1.201644451102577E-002
   1.83500000000000      -1.201661992918155E-002
   1.84000000000000      -1.201679285617246E-002
   1.84500000000000      -1.201696332874254E-002
   1.85000000000000      -1.201713138315983E-002
   1.85500000000000      -1.201729705521773E-002
   1.86000000000000      -1.201746038023918E-002
   1.86500000000000      -1.201762139308174E-002
   1.87000000000000      -1.201778012813558E-002
   1.87500000000000      -1.201793661933438E-002
   1.88000000000000      -1.201809090015048E-002
   1.88500000000000      -1.201824300360821E-002
   1.89000000000000      -1.201839296227858E-002
   1.89500000000000      -1.201854080829081E-002
   1.90000000000000      -1.201868657333243E-002
   1.90500000000000      -1.201883028865424E-002
   1.91000000000000      -1.201897198507410E-002
   1.91500000000000      -1.201911169298235E-002
   1.92000000000000      -1.201924944234311E-002
   1.92500000000000      -1.201938526270170E-002
   1.93000000000000      -1.201951918318470E-002
   1.93500000000000      -1.201965123250819E-002
   1.94000000000000      -1.201978143897579E-002
   1.94500000000000      -1.201990983048866E-002
   1.95000000000000      -1.202003643454389E-002
   1.95500000000000      -1.202016127824197E-002
   1.96000000000000      -1.202028438828926E-002
   1.96500000000000      -1.202040579099966E-002
   1.97000000000000      -1.202052551230319E-002
   1.97500000000000      -1.202064357774420E-002
   1.98000000000000      -1.202076001249238E-002
   1.98500000000000      -1.202087484134013E-002
   1.99000000000000      -1.202098808870914E-002
   1.99500000000000      -1.202109977865941E-002
   2.00000000000000      -1.202120993488402E-002
   2.00500000000000      -1.202131858072399E-002
   2.01000000000000      -1.202142573916535E-002
   2.01500000000000      -1.202153143284569E-002
   2.02000000000000      -1.202163568406160E-002
   2.02500000000000      -1.202173851476802E-002
   2.03000000000000      -1.202183994658705E-002
   2.03500000000000      -1.202194000080974E-002
   2.04000000000000      -1.202203869840221E-002
   2.04500000000000      -1.202213606000741E-002
   2.05000000000000      -1.202223210595183E-002
   2.05500000000000      -1.202232685624732E-002
   2.06000000000000      -1.202242033059733E-002
   2.06500000000000      -1.202251254839938E-002
   2.07000000000000      -1.202260352874836E-002
   2.07500000000000      -1.202269329044140E-002
   2.08000000000000      -1.202278185198146E-002
   2.08500000000000      -1.202286923158089E-002
   2.09000000000000      -1.202295544716620E-002
   2.09500000000000      -1.202304051637845E-002
   2.10000000000000      -1.202312445658186E-002
   2.10500000000000      -1.202320728486423E-002
   2.11000000000000      -1.202328901804251E-002
   2.11500000000000      -1.202336967266565E-002
   2.12000000000000      -1.202344926501809E-002
   2.12500000000000      -1.202352781112549E-002
   2.13000000000000      -1.202360532675827E-002
   2.13500000000000      -1.202368182743320E-002
   2.14000000000000      -1.202375732841878E-002
   2.14500000000000      -1.202383184474276E-002
   2.15000000000000      -1.202390539118764E-002
   2.15500000000000      -1.202397798230209E-002
   2.16000000000000      -1.202404963240221E-002
   2.16500000000000      -1.202412035557056E-002
   2.17000000000000      -1.202419016566920E-002
   2.17500000000000      -1.202425907633249E-002
   2.18000000000000      -1.202432710097939E-002
   2.18500000000000      -1.202439425280932E-002
   2.19000000000000      -1.202446054481240E-002
   2.19500000000000      -1.202452598976620E-002
   2.20000000000000      -1.202459060024287E-002
   2.20500000000000      -1.202465438860974E-002
   2.21000000000000      -1.202471736703529E-002
   2.21500000000000      -1.202477954749000E-002
   2.22000000000000      -1.202484094174671E-002
   2.22500000000000      -1.202490156139292E-002
   2.23000000000000      -1.202496141782044E-002
   2.23500000000000      -1.202502052224172E-002
   2.24000000000000      -1.202507888568126E-002
   2.24500000000000      -1.202513651898920E-002
   2.25000000000000      -1.202519343283430E-002
   2.25500000000000      -1.202524963771462E-002
   2.26000000000000      -1.202530514395696E-002
   2.26500000000000      -1.202535996172000E-002
   2.27000000000000      -1.202541410099673E-002
   2.27500000000000      -1.202546757162013E-002
   2.28000000000000      -1.202552038326108E-002
   2.28500000000000      -1.202557254543729E-002
   2.29000000000000      -1.202562406750815E-002
   2.29500000000000      -1.202567495868457E-002
   2.30000000000000      -1.202572522802678E-002
   2.30500000000000      -1.202577488445050E-002
   2.31000000000000      -1.202582393672386E-002
   2.31500000000000      -1.202587239347587E-002
   2.32000000000000      -1.202592026319463E-002
   2.32500000000000      -1.202596755422954E-002
   2.33000000000000      -1.202601427479745E-002
   2.33500000000000      -1.202606043298034E-002
   2.34000000000000      -1.202610603672805E-002
   2.34500000000000      -1.202615109386470E-002
   2.35000000000000      -1.202619561208484E-002
   2.35500000000000      -1.202623959895946E-002
   2.36000000000000      -1.202628306193646E-002
   2.36500000000000      -1.202632600834613E-002
   2.37000000000000      -1.202636844539499E-002
   2.37500000000000      -1.202641038018002E-002
   2.38000000000000      -1.202645181967796E-002
   2.38500000000000      -1.202649277075793E-002
   2.39000000000000      -1.202653324017681E-002
   2.39500000000000      -1.202657323458221E-002
   2.40000000000000      -1.202661276051975E-002
   2.40500000000000      -1.202665182442535E-002
   2.41000000000000      -1.202669043263730E-002
   2.41500000000000      -1.202672859138942E-002
   2.42000000000000      -1.202676630681828E-002
   2.42500000000000      -1.202680358496321E-002
   2.43000000000000      -1.202684043176657E-002
   2.43500000000000      -1.202687685307822E-002
   2.44000000000000      -1.202691285465428E-002
   2.44500000000000      -1.202694844215936E-002
   2.45000000000000      -1.202698362117059E-002
   2.45500000000000      -1.202701839717468E-002
   2.46000000000000      -1.202705277557351E-002
   2.46500000000000      -1.202708676168216E-002
   2.47000000000000      -1.202712036073255E-002
   2.47500000000000      -1.202715357787466E-002
   2.48000000000000      -1.202718641817765E-002
   2.48500000000000      -1.202721888663072E-002
   2.49000000000000      -1.202725098814512E-002
   2.49500000000000      -1.202728272755360E-002
   2.50000000000000      -1.202731410961762E-002
   2.52500000000000      -1.202746424462154E-002
   2.55000000000000      -1.202760629380852E-002
   2.57500000000000      -1.202774076622776E-002
   2.60000000000000      -1.202786812954382E-002
   2.62500000000000      -1.202798881290910E-002
   2.65000000000000      -1.202810321496092E-002
   2.67500000000000      -1.202821170560087E-002
   2.70000000000000      -1.202831462893571E-002
   2.72500000000000      -1.202841230533014E-002
   2.75000000000000      -1.202850503339612E-002
   2.77500000000000      -1.202859309172404E-002
   2.80000000000000      -1.202867674048244E-002
   2.82500000000000      -1.202875622286055E-002
   2.85000000000000      -1.202883176638708E-002
   2.87500000000000      -1.202890358412784E-002
   2.90000000000000      -1.202897187577748E-002
   2.92500000000000      -1.202903682865905E-002
   2.95000000000000      -1.202909861863472E-002
   2.97500000000000      -1.202915741094923E-002
   3.00000000000000      -1.202921336098900E-002
   3.02500000000000      -1.202926661498714E-002
   3.05000000000000      -1.202931731066615E-002
   3.07500000000000      -1.202936557782495E-002
   3.10000000000000      -1.202941153888745E-002
   3.12500000000000      -1.202945530939240E-002
   3.15000000000000      -1.202949699845977E-002
   3.17500000000000      -1.202953670920551E-002
   3.20000000000000      -1.202957453913510E-002
   3.22500000000000      -1.202961058050181E-002
   3.25000000000000      -1.202964492063355E-002
   3.27500000000000      -1.202967764224423E-002
   3.30000000000000      -1.202970882371098E-002
   3.32500000000000      -1.202973853934452E-002
   3.35000000000000      -1.202976685962009E-002
   3.37500000000000      -1.202979385141551E-002
   3.40000000000000      -1.202981957821022E-002
   3.42500000000000      -1.202984410028838E-002
   3.45000000000000      -1.202986747491224E-002
   3.47500000000000      -1.202988975649896E-002
   3.50000000000000      -1.202991099677005E-002
   3.52500000000000      -1.202993124490649E-002
   3.55000000000000      -1.202995054768062E-002
   3.57500000000000      -1.202996894958723E-002
   3.60000000000000      -1.202998649296502E-002
   3.62500000000000      -1.203000321810823E-002
   3.65000000000000      -1.203001916337094E-002
   3.67500000000000      -1.203003436527493E-002
   3.70000000000000      -1.203004885859156E-002
   3.72500000000000      -1.203006267644120E-002
   3.75000000000000      -1.203007585037016E-002
   3.77500000000000      -1.203008841043050E-002
   3.80000000000000      -1.203010038525660E-002
   3.82500000000000      -1.203011180212943E-002
   3.85000000000000      -1.203012268705033E-002
   3.87500000000000      -1.203013306479613E-002
   3.90000000000000      -1.203014295898485E-002
   3.92500000000000      -1.203015239212725E-002
   3.95000000000000      -1.203016138568125E-002
   3.97500000000000      -1.203016996010363E-002
   4.00000000000000      -1.203017813489379E-002
   4.02500000000000      -1.203018592864668E-002
   4.05000000000000      -1.203019335908732E-002
   4.07500000000000      -1.203020044311673E-002
   4.10000000000000      -1.203020719685068E-002
   4.12500000000000      -1.203021363565446E-002
   4.15000000000000      -1.203021977417835E-002
   4.17500000000000      -1.203022562639488E-002
   4.20000000000000      -1.203023120562457E-002
   4.22500000000000      -1.203023652457117E-002
   4.25000000000000      -1.203024159534703E-002
   4.27500000000000      -1.203024642950365E-002
   4.30000000000000      -1.203025103805594E-002
   4.32500000000000      -1.203025543150652E-002
   4.35000000000000      -1.203025961987218E-002
   4.37500000000000      -1.203026361270263E-002
   4.40000000000000      -1.203026741910542E-002
   4.42500000000000      -1.203027104776625E-002
   4.45000000000000      -1.203027450696592E-002
   4.47500000000000      -1.203027780460027E-002
   4.50000000000000      -1.203028094819984E-002
   4.52500000000000      -1.203028394494506E-002
   4.55000000000000      -1.203028680168245E-002
   4.57500000000000      -1.203028952494003E-002
   4.60000000000000      -1.203029212094272E-002
   4.62500000000000      -1.203029459562626E-002
   4.65000000000000      -1.203029695464993E-002
   4.67500000000000      -1.203029920341061E-002
   4.70000000000000      -1.203030134705289E-002
   4.72500000000000      -1.203030339048310E-002
   4.75000000000000      -1.203030533837891E-002
   4.77500000000000      -1.203030719519963E-002
   4.80000000000000      -1.203030896519895E-002
   4.82500000000000      -1.203031065242873E-002
   4.85000000000000      -1.203031226075589E-002
   4.87500000000000      -1.203031379386617E-002
   4.90000000000000      -1.203031525527186E-002
   4.92500000000000      -1.203031664832328E-002
   4.95000000000000      -1.203031797621450E-002
   4.97500000000000      -1.203031924198946E-002
   5.00000000000000      -1.203032044855214E-002
   5.02500000000000      -1.203032159866846E-002
   5.05000000000000      -1.203032269497797E-002
   5.07500000000000      -1.203032373999606E-002
   5.10000000000000      -1.203032473611883E-002
   5.12500000000000      -1.203032568563375E-002
   5.15000000000000      -1.203032659071965E-002
   5.17500000000000      -1.203032745345420E-002
   5.20000000000000      -1.203032827581764E-002
   5.22500000000000      -1.203032905969742E-002
   5.25000000000000      -1.203032980689447E-002
   5.27500000000000      -1.203033051912431E-002
   5.30000000000000      -1.203033119802103E-002
   5.32500000000000      -1.203033184514606E-002
   5.35000000000000      -1.203033246198527E-002
   5.37500000000000      -1.203033304995314E-002
   5.40000000000000      -1.203033361040378E-002
   5.42500000000000      -1.203033414462186E-002
   5.45000000000000      -1.203033465383594E-002
   5.47500000000000      -1.203033513921652E-002
   5.50000000000000      -1.203033560187759E-002
   5.52500000000000      -1.203033604288309E-002
   5.55000000000000      -1.203033646324614E-002
   5.57500000000000      -1.203033686393265E-002
   5.60000000000000      -1.203033724586355E-002
   5.62500000000000      -1.203033760991682E-002
   5.65000000000000      -1.203033795692804E-002
   5.67500000000000      -1.203033828769618E-002
   5.70000000000000      -1.203033860298092E-002
   5.72500000000000      -1.203033890350706E-002
   5.75000000000000      -1.203033918996486E-002
   5.77500000000000      -1.203033946301315E-002
   5.80000000000000      -1.203033972327987E-002
   5.82500000000000      -1.203033997136225E-002
   5.85000000000000      -1.203034020783197E-002
   5.87500000000000      -1.203034043323215E-002
   5.90000000000000      -1.203034064808070E-002
   5.92500000000000      -1.203034085287064E-002
   5.95000000000000      -1.203034104807458E-002
   5.97500000000000      -1.203034123413997E-002
   6.00000000000000      -1.203034141149545E-002
   6.02500000000000      -1.203034158054848E-002
   6.05000000000000      -1.203034174168688E-002
   6.07500000000000      -1.203034189528218E-002
   6.10000000000000      -1.203034204168732E-002
   6.12500000000000      -1.203034218123795E-002
   6.15000000000000      -1.203034231425667E-002
   6.17500000000000      -1.203034244104770E-002
   6.20000000000000      -1.203034256190302E-002
   6.22500000000000      -1.203034267710124E-002
   6.25000000000000      -1.203034278690529E-002
