  5.000000000000000E-003 -4.890072461045223E-002
  1.000000000000000E-002 -5.043246276751404E-002
  1.500000000000000E-002 -6.156765658117921E-002
  2.000000000000000E-002 -6.836488595945506E-002
  2.500000000000000E-002 -7.466889017758510E-002
  3.000000000000000E-002 -7.981840058744916E-002
  3.500000000000000E-002 -8.425708598481634E-002
  4.000000000000000E-002 -8.807185804181483E-002
  4.500000000000000E-002 -9.139628777361042E-002
  5.000000000000000E-002 -9.431419096443433E-002
  5.500000000000000E-002 -9.689580244571795E-002
  6.000000000000000E-002 -9.919485897938739E-002
  6.500000000000000E-002 -0.101254531877199     
  7.000000000000001E-002 -0.103109454942758     
  7.500000000000000E-002 -0.104787846188203     
  8.000000000000000E-002 -0.106312890513604     
  8.500000000000001E-002 -0.107703825784716     
  9.000000000000000E-002 -0.108976748580048     
  9.500000000000000E-002 -0.110145234705788     
  0.100000000000000      -0.111220817420455     
  0.105000000000000      -0.112213361124936     
  0.110000000000000      -0.113131355732384     
  0.115000000000000      -0.113982150747048     
  0.120000000000000      -0.114772142923696     
  0.125000000000000      -0.115506927907096     
  0.130000000000000      -0.116191423667531     
  0.135000000000000      -0.116829971676970     
  0.140000000000000      -0.117426420381317     
  0.145000000000000      -0.117984194489892     
  0.150000000000000      -0.118506352824414     
  0.155000000000000      -0.118995636879287     
  0.160000000000000      -0.119454511793358     
  0.165000000000000      -0.119885201085635     
  0.170000000000000      -0.120289716237687     
  0.175000000000000      -0.120669881994889     
  0.180000000000000      -0.121027358093196     
  0.185000000000000      -0.121363657987264     
  0.190000000000000      -0.121680165051749     
  0.195000000000000      -0.121978146644332     
  0.200000000000000      -0.122258766352224     
  0.205000000000000      -0.122523094689678     
  0.210000000000000      -0.122772118470243     
  0.215000000000000      -0.123006749041446     
  0.220000000000000      -0.123227829540253     
  0.225000000000000      -0.123436141303220     
  0.230000000000000      -0.123632409545166     
  0.235000000000000      -0.123817308403293     
  0.240000000000000      -0.123991465429634     
  0.245000000000000      -0.124155465602811     
  0.250000000000000      -0.124309854919998     
  0.255000000000000      -0.124455143621505     
  0.260000000000000      -0.124591809093026     
  0.265000000000000      -0.124720298484385     
  0.270000000000000      -0.124841031078254     
  0.275000000000000      -0.124954400437707     
  0.280000000000000      -0.125060776357457     
  0.285000000000000      -0.125160506640345     
  0.290000000000000      -0.125253918717568     
  0.295000000000000      -0.125341321128799     
  0.300000000000000      -0.125423004876102     
  0.305000000000000      -0.125499244663846     
  0.310000000000000      -0.125570300035244     
  0.315000000000000      -0.125636416414908     
  0.320000000000000      -0.125697826065762     
  0.325000000000000      -0.125754748967751     
  0.330000000000000      -0.125807393625083     
  0.335000000000000      -0.125855957808149     
  0.340000000000000      -0.125900629235715     
  0.345000000000000      -0.125941586202602     
  0.350000000000000      -0.125978998157675     
  0.355000000000000      -0.126013026236607     
  0.360000000000000      -0.126043823753617     
  0.365000000000000      -0.126071536656037     
  0.370000000000000      -0.126096303945314     
  0.375000000000000      -0.126118258067731     
  0.380000000000000      -0.126137525277873     
  0.385000000000000      -0.126154225977533     
  0.390000000000000      -0.126168475032507     
  0.395000000000000      -0.126180382069395     
  0.400000000000000      -0.126190051754307     
  0.405000000000000      -0.126197584055018     
  0.410000000000000      -0.126203074487984     
  0.415000000000000      -0.126206614351290     
  0.420000000000000      -0.126208290944510     
  0.425000000000000      -0.126208187776205     
  0.430000000000000      -0.126206384759711     
  0.435000000000000      -0.126202958397742     
  0.440000000000000      -0.126197981956245     
  0.445000000000000      -0.126191525627941     
  0.450000000000000      -0.126183656685924     
  0.455000000000000      -0.126174439627730     
  0.460000000000000      -0.126163936310280     
  0.465000000000000      -0.126152206076146     
  0.470000000000000      -0.126139305871633     
  0.475000000000000      -0.126125290357172     
  0.480000000000000      -0.126110212010598     
  0.485000000000000      -0.126094121223879     
  0.490000000000000      -0.126077066393870     
  0.495000000000000      -0.126059094007702     
  0.500000000000000      -0.126040248723354     
  0.505000000000000      -0.126020573445955     
  0.510000000000000      -0.126000109400327     
  0.515000000000000      -0.125978896200183     
  0.520000000000000      -0.125956971914396     
  0.525000000000000      -0.125934373130621     
  0.530000000000000      -0.125911135016523     
  0.535000000000000      -0.125887291378807     
  0.540000000000000      -0.125862874720115     
  0.545000000000000      -0.125837916293882     
  0.550000000000000      -0.125812446157149     
  0.555000000000000      -0.125786493221294     
  0.560000000000000      -0.125760085300647     
  0.565000000000000      -0.125733249158927     
  0.570000000000000      -0.125706010553434     
  0.575000000000000      -0.125678394276982     
  0.580000000000000      -0.125650424197517     
  0.585000000000000      -0.125622123295472     
  0.590000000000000      -0.125593513698862     
  0.595000000000000      -0.125564616716243     
  0.600000000000000      -0.125535452867601     
  0.605000000000000      -0.125506041913367     
  0.610000000000000      -0.125476402881675     
  0.615000000000000      -0.125446554094096     
  0.620000000000000      -0.125416513190013     
  0.625000000000000      -0.125386297149850     
  0.630000000000000      -0.125355922317342     
  0.635000000000000      -0.125325404421005     
  0.640000000000000      -0.125294758594987     
  0.645000000000000      -0.125263999399390     
  0.650000000000000      -0.125233140840170     
  0.655000000000000      -0.125202196388679     
  0.660000000000000      -0.125171179000853     
  0.665000000000000      -0.125140101136069     
  0.670000000000000      -0.125108974775611     
  0.675000000000000      -0.125077811440717     
  0.680000000000000      -0.125046622210126     
  0.685000000000000      -0.125015417737051     
  0.690000000000000      -0.124984208265513     
  0.695000000000000      -0.124953003645956     
  0.700000000000000      -0.124921813350087     
  0.705000000000000      -0.124890646484907     
  0.710000000000000      -0.124859511805903     
  0.715000000000000      -0.124828417729408     
  0.720000000000000      -0.124797372344145     
  0.725000000000000      -0.124766383422009     
  0.730000000000000      -0.124735458428146     
  0.735000000000000      -0.124704604530407     
  0.740000000000000      -0.124673828608263     
  0.745000000000000      -0.124643137261293     
  0.750000000000000      -0.124612536817317     
  0.755000000000000      -0.124582033340293     
  0.760000000000000      -0.124551632638029     
  0.765000000000000      -0.124521340269819     
  0.770000000000000      -0.124491161554009     
  0.775000000000000      -0.124461101575579     
  0.780000000000000      -0.124431165193705     
  0.785000000000000      -0.124401357049346     
  0.790000000000000      -0.124371681572802     
  0.795000000000000      -0.124342142991227     
  0.800000000000000      -0.124312745336047     
  0.805000000000000      -0.124283492450230     
  0.810000000000000      -0.124254387995361     
  0.815000000000000      -0.124225435458454     
  0.820000000000000      -0.124196638158465     
  0.825000000000000      -0.124167999252463     
  0.830000000000000      -0.124139521741423     
  0.835000000000000      -0.124111208475642     
  0.840000000000000      -0.124083062159743     
  0.845000000000000      -0.124055085357328     
  0.850000000000000      -0.124027280495260     
  0.855000000000000      -0.123999649867628     
  0.860000000000000      -0.123972195639457     
  0.865000000000000      -0.123944919850182     
  0.870000000000000      -0.123917824416970     
  0.875000000000000      -0.123890911137932     
  0.880000000000000      -0.123864181695272     
  0.885000000000000      -0.123837637658428     
  0.890000000000000      -0.123811280487241     
  0.895000000000000      -0.123785111535164     
  0.900000000000000      -0.123759132052545     
  0.905000000000000      -0.123733343189974     
  0.910000000000000      -0.123707746001686     
  0.915000000000000      -0.123682341449020     
  0.920000000000000      -0.123657130403870     
  0.925000000000000      -0.123632113652144     
  0.930000000000000      -0.123607291897151     
  0.935000000000000      -0.123582665762910     
  0.940000000000000      -0.123558235797325     
  0.945000000000000      -0.123534002475213     
  0.950000000000000      -0.123509966201139     
  0.955000000000000      -0.123486127312064     
  0.960000000000000      -0.123462486079771     
  0.965000000000000      -0.123439042713091     
  0.970000000000000      -0.123415797359932     
  0.975000000000000      -0.123392750109112     
  0.980000000000000      -0.123369900992044     
  0.985000000000000      -0.123347249984289     
  0.990000000000000      -0.123324797007012     
  0.995000000000000      -0.123302541928368     
   1.00000000000000      -0.123280484564869     
   1.00500000000000      -0.123258624682740     
   1.01000000000000      -0.123236961999312     
   1.01500000000000      -0.123215496184449     
   1.02000000000000      -0.123194226862050     
   1.02500000000000      -0.123173153611598     
   1.03000000000000      -0.123152275969792     
   1.03500000000000      -0.123131593432217     
   1.04000000000000      -0.123111105455072     
   1.04500000000000      -0.123090811456904     
   1.05000000000000      -0.123070710820356     
   1.05500000000000      -0.123050802893879     
   1.06000000000000      -0.123031086993401     
   1.06500000000000      -0.123011562403923     
   1.07000000000000      -0.122992228381020     
   1.07500000000000      -0.122973084152238     
   1.08000000000000      -0.122954128918373     
   1.08500000000000      -0.122935361854625     
   1.09000000000000      -0.122916782111637     
   1.09500000000000      -0.122898388816411     
   1.10000000000000      -0.122880181073139     
   1.10500000000000      -0.122862157963924     
   1.11000000000000      -0.122844318549459     
   1.11500000000000      -0.122826661869651     
   1.12000000000000      -0.122809186944217     
   1.12500000000000      -0.122791892773288     
   1.13000000000000      -0.122774778338020     
   1.13500000000000      -0.122757842601247     
   1.14000000000000      -0.122741084508163     
   1.14500000000000      -0.122724502987065     
   1.15000000000000      -0.122708096950141     
   1.15500000000000      -0.122691865294313     
   1.16000000000000      -0.122675806902108     
   1.16500000000000      -0.122659920642576     
   1.17000000000000      -0.122644205372211     
   1.17500000000000      -0.122628659935884     
   1.18000000000000      -0.122613283167747     
   1.18500000000000      -0.122598073892118     
   1.19000000000000      -0.122583030924316     
   1.19500000000000      -0.122568153071435     
   1.20000000000000      -0.122553439133051     
   1.20500000000000      -0.122538887901858     
   1.21000000000000      -0.122524498164229     
   1.21500000000000      -0.122510268700700     
   1.22000000000000      -0.122496198286389     
   1.22500000000000      -0.122482285691359     
   1.23000000000000      -0.122468529680927     
   1.23500000000000      -0.122454929015945     
   1.24000000000000      -0.122441482453061     
   1.24500000000000      -0.122428188744965     
   1.25000000000000      -0.122415046640653     
   1.25500000000000      -0.122402054885702     
   1.26000000000000      -0.122389212222576     
   1.26500000000000      -0.122376517390964     
   1.27000000000000      -0.122363969128151     
   1.27500000000000      -0.122351566169435     
   1.28000000000000      -0.122339307248569     
   1.28500000000000      -0.122327191098234     
   1.29000000000000      -0.122315216450531     
   1.29500000000000      -0.122303382037485     
   1.30000000000000      -0.122291686591546     
   1.30500000000000      -0.122280128846077     
   1.31000000000000      -0.122268707535825     
   1.31500000000000      -0.122257421397354     
   1.32000000000000      -0.122246269169447     
   1.32500000000000      -0.122235249593452     
   1.33000000000000      -0.122224361413596     
   1.33500000000000      -0.122213603377231     
   1.34000000000000      -0.122202974235058     
   1.34500000000000      -0.122192472741292     
   1.35000000000000      -0.122182097653795     
   1.35500000000000      -0.122171847734190     
   1.36000000000000      -0.122161721747954     
   1.36500000000000      -0.122151718464494     
   1.37000000000000      -0.122141836657236     
   1.37500000000000      -0.122132075103714     
   1.38000000000000      -0.122122432585682     
   1.38500000000000      -0.122112907889238     
   1.39000000000000      -0.122103499804984     
   1.39500000000000      -0.122094207128197     
   1.40000000000000      -0.122085028659044     
   1.40500000000000      -0.122075963202802     
   1.41000000000000      -0.122067009570104     
   1.41500000000000      -0.122058166577194     
   1.42000000000000      -0.122049433046195     
   1.42500000000000      -0.122040807805360     
   1.43000000000000      -0.122032289689325     
   1.43500000000000      -0.122023877539345     
   1.44000000000000      -0.122015570203500     
   1.44500000000000      -0.122007366536882     
   1.45000000000000      -0.121999265401749     
   1.45500000000000      -0.121991265667648     
   1.46000000000000      -0.121983366211507     
   1.46500000000000      -0.121975565917699     
   1.47000000000000      -0.121967863678076     
   1.47500000000000      -0.121960258391993     
   1.48000000000000      -0.121952748966303     
   1.48500000000000      -0.121945334315352     
   1.49000000000000      -0.121938013360972     
   1.49500000000000      -0.121930785032470     
   1.50000000000000      -0.121923648266632     
   1.50500000000000      -0.121916602007735     
   1.51000000000000      -0.121909645207577     
   1.51500000000000      -0.121902776825526     
   1.52000000000000      -0.121895995828583     
   1.52500000000000      -0.121889301191464     
   1.53000000000000      -0.121882691896693     
   1.53500000000000      -0.121876166934716     
   1.54000000000000      -0.121869725304006     
   1.54500000000000      -0.121863366011188     
   1.55000000000000      -0.121857088071141     
   1.55500000000000      -0.121850890507110     
   1.56000000000000      -0.121844772350800     
   1.56500000000000      -0.121838732642446     
   1.57000000000000      -0.121832770430877     
   1.57500000000000      -0.121826884773555     
   1.58000000000000      -0.121821074736588     
   1.58500000000000      -0.121815339394731     
   1.59000000000000      -0.121809677831366     
   1.59500000000000      -0.121804089138464     
   1.60000000000000      -0.121798572416538     
   1.60500000000000      -0.121793126774589     
   1.61000000000000      -0.121787751330036     
   1.61500000000000      -0.121782445208671     
   1.62000000000000      -0.121777207544586     
   1.62500000000000      -0.121772037480136     
   1.63000000000000      -0.121766934165891     
   1.63500000000000      -0.121761896760614     
   1.64000000000000      -0.121756924431240     
   1.64500000000000      -0.121752016352877     
   1.65000000000000      -0.121747171708810     
   1.65500000000000      -0.121742389690518     
   1.66000000000000      -0.121737669497701     
   1.66500000000000      -0.121733010338304     
   1.67000000000000      -0.121728411428546     
   1.67500000000000      -0.121723871992947     
   1.68000000000000      -0.121719391264344     
   1.68500000000000      -0.121714968483903     
   1.69000000000000      -0.121710602901121     
   1.69500000000000      -0.121706293773808     
   1.70000000000000      -0.121702040368067     
   1.70500000000000      -0.121697841958248     
   1.71000000000000      -0.121693697826900     
   1.71500000000000      -0.121689607264708     
   1.72000000000000      -0.121685569570418     
   1.72500000000000      -0.121681584050758     
   1.73000000000000      -0.121677650020357     
   1.73500000000000      -0.121673766801657     
   1.74000000000000      -0.121669933724832     
   1.74500000000000      -0.121666150127710     
   1.75000000000000      -0.121662415355698     
   1.75500000000000      -0.121658728761717     
   1.76000000000000      -0.121655089706145     
   1.76500000000000      -0.121651497556773     
   1.77000000000000      -0.121647951688759     
   1.77500000000000      -0.121644451484602     
   1.78000000000000      -0.121640996334112     
   1.78500000000000      -0.121637585634393     
   1.79000000000000      -0.121634218789821     
   1.79500000000000      -0.121630895212028     
   1.80000000000000      -0.121627614319877     
   1.80500000000000      -0.121624375539437     
   1.81000000000000      -0.121621178303959     
   1.81500000000000      -0.121618022053826     
   1.82000000000000      -0.121614906236516     
   1.82500000000000      -0.121611830306541     
   1.83000000000000      -0.121608793725382     
   1.83500000000000      -0.121605795961424     
   1.84000000000000      -0.121602836489872     
   1.84500000000000      -0.121599914792671     
   1.85000000000000      -0.121597030358419     
   1.85500000000000      -0.121594182682277     
   1.86000000000000      -0.121591371265883     
   1.86500000000000      -0.121588595617270     
   1.87000000000000      -0.121585855250776     
   1.87500000000000      -0.121583149686979     
   1.88000000000000      -0.121580478452615     
   1.88500000000000      -0.121577841080524     
   1.89000000000000      -0.121575237109583     
   1.89500000000000      -0.121572666084664     
   1.90000000000000      -0.121570127556580     
   1.90500000000000      -0.121567621082047     
   1.91000000000000      -0.121565146223644     
   1.91500000000000      -0.121562702549777     
   1.92000000000000      -0.121560289634637     
   1.92500000000000      -0.121557907058167     
   1.93000000000000      -0.121555554406012     
   1.93500000000000      -0.121553231269481     
   1.94000000000000      -0.121550937245489     
   1.94500000000000      -0.121548671936508     
   1.95000000000000      -0.121546434950499     
   1.95500000000000      -0.121544225900849     
   1.96000000000000      -0.121542044406300     
   1.96500000000000      -0.121539890090874     
   1.97000000000000      -0.121537762583795     
   1.97500000000000      -0.121535661519410     
   1.98000000000000      -0.121533586537115     
   1.98500000000000      -0.121531537281273     
   1.99000000000000      -0.121529513401137     
   1.99500000000000      -0.121527514550788     
   2.00000000000000      -0.121525540389055     
   2.00500000000000      -0.121523590579465     
   2.01000000000000      -0.121521664790171     
   2.01500000000000      -0.121519762693911     
   2.02000000000000      -0.121517883967951     
   2.02500000000000      -0.121516028294044     
   2.03000000000000      -0.121514195358385     
   2.03500000000000      -0.121512384851571     
   2.04000000000000      -0.121510596468562     
   2.04500000000000      -0.121508829908641     
   2.05000000000000      -0.121507084875374     
   2.05500000000000      -0.121505361076565     
   2.06000000000000      -0.121503658224214     
   2.06500000000000      -0.121501976034467     
   2.07000000000000      -0.121500314227564     
   2.07500000000000      -0.121498672527784     
   2.08000000000000      -0.121497050663390     
   2.08500000000000      -0.121495448366566     
   2.09000000000000      -0.121493865373358     
   2.09500000000000      -0.121492301423603     
   2.10000000000000      -0.121490756260876     
   2.10500000000000      -0.121489229632421     
   2.11000000000000      -0.121487721289090     
   2.11500000000000      -0.121486230985284     
   2.12000000000000      -0.121484758478898     
   2.12500000000000      -0.121483303531264     
   2.13000000000000      -0.121481865907107     
   2.13500000000000      -0.121480445374492     
   2.14000000000000      -0.121479041704782     
   2.14500000000000      -0.121477654672607     
   2.15000000000000      -0.121476284055811     
   2.15500000000000      -0.121474929635430     
   2.16000000000000      -0.121473591195653     
   2.16500000000000      -0.121472268523783     
   2.17000000000000      -0.121470961410214     
   2.17500000000000      -0.121469669648387     
   2.18000000000000      -0.121468393034759     
   2.18500000000000      -0.121467131368765     
   2.19000000000000      -0.121465884452777     
   2.19500000000000      -0.121464652092066     
   2.20000000000000      -0.121463434094752     
   2.20500000000000      -0.121462230271767     
   2.21000000000000      -0.121461040436803     
   2.21500000000000      -0.121459864406268     
   2.22000000000000      -0.121458701999232     
   2.22500000000000      -0.121457553037391     
   2.23000000000000      -0.121456417345007     
   2.23500000000000      -0.121455294748873     
   2.24000000000000      -0.121454185078263     
   2.24500000000000      -0.121453088164896     
   2.25000000000000      -0.121452003842888     
   2.25500000000000      -0.121450931948727     
   2.26000000000000      -0.121449872321231     
   2.26500000000000      -0.121448824801518     
   2.27000000000000      -0.121447789232976     
   2.27500000000000      -0.121446765461239     
   2.28000000000000      -0.121445753334153     
   2.28500000000000      -0.121444752701758     
   2.29000000000000      -0.121443763416255     
   2.29500000000000      -0.121442785331988     
   2.30000000000000      -0.121441818305409     
   2.30500000000000      -0.121440862195062     
   2.31000000000000      -0.121439916861542     
   2.31500000000000      -0.121438982167476     
   2.32000000000000      -0.121438057977486     
   2.32500000000000      -0.121437144158159     
   2.33000000000000      -0.121436240578016     
   2.33500000000000      -0.121435347107477     
   2.34000000000000      -0.121434463618822     
   2.34500000000000      -0.121433589986167     
   2.35000000000000      -0.121432726085422     
   2.35500000000000      -0.121431871794260     
   2.36000000000000      -0.121431026992087     
   2.36500000000000      -0.121430191560013     
   2.37000000000000      -0.121429365380814     
   2.37500000000000      -0.121428548338920     
   2.38000000000000      -0.121427740320374     
   2.38500000000000      -0.121426941212820     
   2.39000000000000      -0.121426150905476     
   2.39500000000000      -0.121425369289111     
   2.40000000000000      -0.121424596256033     
   2.40500000000000      -0.121423831700062     
   2.41000000000000      -0.121423075516517     
   2.41500000000000      -0.121422327602196     
   2.42000000000000      -0.121421587855356     
   2.42500000000000      -0.121420856175699     
   2.43000000000000      -0.121420132464347     
   2.43500000000000      -0.121419416623826     
   2.44000000000000      -0.121418708558044     
   2.44500000000000      -0.121418008172267     
   2.45000000000000      -0.121417315373099     
   2.45500000000000      -0.121416630068459     
   2.46000000000000      -0.121415952167556     
   2.46500000000000      -0.121415281580866     
   2.47000000000000      -0.121414618220109     
   2.47500000000000      -0.121413961998226     
   2.48000000000000      -0.121413312829357     
   2.48500000000000      -0.121412670628816     
   2.49000000000000      -0.121412035313076     
   2.49500000000000      -0.121411406799744     
   2.50000000000000      -0.121410785007550     
   2.52500000000000      -0.121407804282877     
   2.55000000000000      -0.121404976778506     
   2.57500000000000      -0.121402293729918     
   2.60000000000000      -0.121399746989951     
   2.62500000000000      -0.121397328951657     
   2.65000000000000      -0.121395032501350     
   2.67500000000000      -0.121392850976825     
   2.70000000000000      -0.121390778133518     
   2.72500000000000      -0.121388808113809     
   2.75000000000000      -0.121386935418886     
   2.77500000000000      -0.121385154882709     
   2.80000000000000      -0.121383461648294     
   2.82500000000000      -0.121381851146227     
   2.85000000000000      -0.121380319075047     
   2.87500000000000      -0.121378861383144     
   2.90000000000000      -0.121377474251935     
   2.92500000000000      -0.121376154080301     
   2.95000000000000      -0.121374897470227     
   2.97500000000000      -0.121373701213598     
   3.00000000000000      -0.121372562279996     
   3.02500000000000      -0.121371477805399     
   3.05000000000000      -0.121370445081684     
   3.07500000000000      -0.121369461546898     
   3.10000000000000      -0.121368524776243     
   3.12500000000000      -0.121367632473705     
   3.15000000000000      -0.121366782464305     
   3.17500000000000      -0.121365972686867     
   3.20000000000000      -0.121365201187305     
   3.22500000000000      -0.121364466112365     
   3.25000000000000      -0.121363765703794     
   3.27500000000000      -0.121363098292911     
   3.30000000000000      -0.121362462295531     
   3.32500000000000      -0.121361856207240     
   3.35000000000000      -0.121361278598950     
   3.37500000000000      -0.121360728112776     
   3.40000000000000      -0.121360203458144     
   3.42500000000000      -0.121359703408165     
   3.45000000000000      -0.121359226796223     
   3.47500000000000      -0.121358772512783     
   3.50000000000000      -0.121358339502377     
   3.52500000000000      -0.121357926760793     
   3.55000000000000      -0.121357533332408     
   3.57500000000000      -0.121357158307697     
   3.60000000000000      -0.121356800820870     
   3.62500000000000      -0.121356460047658     
   3.65000000000000      -0.121356135203211     
   3.67500000000000      -0.121355825540135     
   3.70000000000000      -0.121355530346608     
   3.72500000000000      -0.121355248944628     
   3.75000000000000      -0.121354980688337     
   3.77500000000000      -0.121354724962447     
   3.80000000000000      -0.121354481180744     
   3.82500000000000      -0.121354248784669     
   3.85000000000000      -0.121354027241983     
   3.87500000000000      -0.121353816045490     
   3.90000000000000      -0.121353614711835     
   3.92500000000000      -0.121353422780358     
   3.95000000000000      -0.121353239812006     
   3.97500000000000      -0.121353065388306     
   4.00000000000000      -0.121352899110378     
   4.02500000000000      -0.121352740598017     
   4.05000000000000      -0.121352589488794     
   4.07500000000000      -0.121352445437225     
   4.10000000000000      -0.121352308113968     
   4.12500000000000      -0.121352177205059     
   4.15000000000000      -0.121352052411194     
   4.17500000000000      -0.121351933447038     
   4.20000000000000      -0.121351820040566     
   4.22500000000000      -0.121351711932445     
   4.25000000000000      -0.121351608875432     
   4.27500000000000      -0.121351510633817     
   4.30000000000000      -0.121351416982878     
   4.32500000000000      -0.121351327708367     
   4.35000000000000      -0.121351242606027     
   4.37500000000000      -0.121351161481118     
   4.40000000000000      -0.121351084147980     
   4.42500000000000      -0.121351010429605     
   4.45000000000000      -0.121350940157237     
   4.47500000000000      -0.121350873169984     
   4.50000000000000      -0.121350809314454     
   4.52500000000000      -0.121350748444408     
   4.55000000000000      -0.121350690420422     
   4.57500000000000      -0.121350635109573     
   4.60000000000000      -0.121350582385135     
   4.62500000000000      -0.121350532126294     
   4.65000000000000      -0.121350484217867     
   4.67500000000000      -0.121350438550043     
   4.70000000000000      -0.121350395018134     
   4.72500000000000      -0.121350353522337     
   4.75000000000000      -0.121350313967502     
   4.77500000000000      -0.121350276262919     
   4.80000000000000      -0.121350240322115     
   4.82500000000000      -0.121350206062645     
   4.85000000000000      -0.121350173405919     
   4.87500000000000      -0.121350142277013     
   4.90000000000000      -0.121350112604499     
   4.92500000000000      -0.121350084320286     
   4.95000000000000      -0.121350057359461     
   4.97500000000000      -0.121350031660143     
   5.00000000000000      -0.121350007163343     
   5.02500000000000      -0.121349983812822     
   5.05000000000000      -0.121349961554974     
   5.07500000000000      -0.121349940338695     
   5.10000000000000      -0.121349920115265     
   5.12500000000000      -0.121349900838247     
   5.15000000000000      -0.121349882463370     
   5.17500000000000      -0.121349864948433     
   5.20000000000000      -0.121349848253207     
   5.22500000000000      -0.121349832339342     
   5.25000000000000      -0.121349817170285     
   5.27500000000000      -0.121349802711189     
   5.30000000000000      -0.121349788928833     
   5.32500000000000      -0.121349775791555     
   5.35000000000000      -0.121349763269172     
   5.37500000000000      -0.121349751332909     
   5.40000000000000      -0.121349739955341     
   5.42500000000000      -0.121349729110322     
   5.45000000000000      -0.121349718772932     
   5.47500000000000      -0.121349708919415     
   5.50000000000000      -0.121349699527126     
   5.52500000000000      -0.121349690574479     
   5.55000000000000      -0.121349682040899     
   5.57500000000000      -0.121349673906774     
   5.60000000000000      -0.121349666153406     
   5.62500000000000      -0.121349658762977     
   5.65000000000000      -0.121349651718497     
   5.67500000000000      -0.121349645003776     
   5.70000000000000      -0.121349638603380     
   5.72500000000000      -0.121349632502595     
   5.75000000000000      -0.121349626687397     
   5.77500000000000      -0.121349621144420     
   5.80000000000000      -0.121349615860921     
   5.82500000000000      -0.121349610824753     
   5.85000000000000      -0.121349606024341     
   5.87500000000000      -0.121349601448649     
   5.90000000000000      -0.121349597087157     
   5.92500000000000      -0.121349592929837     
   5.95000000000000      -0.121349588967135     
   5.97500000000000      -0.121349585189938     
   6.00000000000000      -0.121349581589564     
   6.02500000000000      -0.121349578157735     
   6.05000000000000      -0.121349574886560     
   6.07500000000000      -0.121349571768520     
   6.10000000000000      -0.121349568796447     
   6.12500000000000      -0.121349565963506     
   6.15000000000000      -0.121349563263186     
   6.17500000000000      -0.121349560689277     
   6.20000000000000      -0.121349558235861     
   6.22500000000000      -0.121349555897300     
   6.25000000000000      -0.121349553668214     
