  5.000000000000000E-003 -1.752345963270868E-002
  1.000000000000000E-002 -3.158536041533416E-002
  1.500000000000000E-002 -4.250667191886455E-002
  2.000000000000000E-002 -5.119790014499360E-002
  2.500000000000000E-002 -5.827279945102027E-002
  3.000000000000000E-002 -6.414321203993878E-002
  3.500000000000000E-002 -6.909344804130595E-002
  4.000000000000000E-002 -7.332492558640302E-002
  4.500000000000000E-002 -7.698407641199027E-002
  5.000000000000000E-002 -8.017979752142700E-002
  5.500000000000000E-002 -8.299473444533960E-002
  6.000000000000000E-002 -8.549274429073456E-002
  6.500000000000000E-002 -8.772396032527552E-002
  7.000000000000001E-002 -8.972830496986489E-002
  7.500000000000000E-002 -9.153797714186929E-002
  8.000000000000000E-002 -9.317924604685404E-002
  8.500000000000001E-002 -9.467376666336792E-002
  9.000000000000000E-002 -9.603955922315328E-002
  9.500000000000000E-002 -9.729174868494823E-002
  0.100000000000000      -9.844313012560169E-002
  0.105000000000000      -9.950460608199703E-002
  0.110000000000000      -0.100485528481927     
  0.115000000000000      -0.101393968633282     
  0.120000000000000      -0.102236932368605     
  0.125000000000000      -0.103020532950671     
  0.130000000000000      -0.103750131137396     
  0.135000000000000      -0.104430449486127     
  0.140000000000000      -0.105065666282702     
  0.145000000000000      -0.105659493228861     
  0.150000000000000      -0.106215240087742     
  0.155000000000000      -0.106735868784221     
  0.160000000000000      -0.107224038923022     
  0.165000000000000      -0.107682146278923     
  0.170000000000000      -0.108112355498203     
  0.175000000000000      -0.108516628005563     
  0.180000000000000      -0.108896745919278     
  0.185000000000000      -0.109254332626445     
  0.190000000000000      -0.109590870550784     
  0.195000000000000      -0.109907716550201     
  0.200000000000000      -0.110206115305033     
  0.205000000000000      -0.110487210996396     
  0.210000000000000      -0.110752057524247     
  0.215000000000000      -0.111001627474166     
  0.220000000000000      -0.111236820008662     
  0.225000000000000      -0.111458467831449     
  0.230000000000000      -0.111667343350506     
  0.235000000000000      -0.111864164146925     
  0.240000000000000      -0.112049597840823     
  0.245000000000000      -0.112224266432374     
  0.250000000000000      -0.112388750184861     
  0.255000000000000      -0.112543591107196     
  0.260000000000000      -0.112689296085294     
  0.265000000000000      -0.112826339704818     
  0.270000000000000      -0.112955166801924     
  0.275000000000000      -0.113076194773569     
  0.280000000000000      -0.113189815674631     
  0.285000000000000      -0.113296398125346     
  0.290000000000000      -0.113396289049413     
  0.295000000000000      -0.113489815260348     
  0.300000000000000      -0.113577284911407     
  0.305000000000000      -0.113658988822381     
  0.310000000000000      -0.113735201694934     
  0.315000000000000      -0.113806183226761     
  0.320000000000000      -0.113872179133672     
  0.325000000000000      -0.113933422087727     
  0.330000000000000      -0.113990132578768     
  0.335000000000000      -0.114042519705987     
  0.340000000000000      -0.114090781905620     
  0.345000000000000      -0.114135107620363     
  0.350000000000000      -0.114175675915694     
  0.355000000000000      -0.114212657047899     
  0.360000000000000      -0.114246212988251     
  0.365000000000000      -0.114276497907488     
  0.370000000000000      -0.114303658624379     
  0.375000000000000      -0.114327835021896     
  0.380000000000000      -0.114349160434177     
  0.385000000000000      -0.114367762007155     
  0.390000000000000      -0.114383761035450     
  0.395000000000000      -0.114397273277776     
  0.400000000000000      -0.114408409252881     
  0.405000000000000      -0.114417274517702     
  0.410000000000000      -0.114423969929233     
  0.415000000000000      -0.114428591891284     
  0.420000000000000      -0.114431232587204     
  0.425000000000000      -0.114431980199369     
  0.430000000000000      -0.114430919116172     
  0.435000000000000      -0.114428130127091     
  0.440000000000000      -0.114423690606360     
  0.445000000000000      -0.114417674685696     
  0.450000000000000      -0.114410153416541     
  0.455000000000000      -0.114401194922239     
  0.460000000000000      -0.114390864540619     
  0.465000000000000      -0.114379224957447     
  0.470000000000000      -0.114366336331275     
  0.475000000000000      -0.114352256410211     
  0.480000000000000      -0.114337040641209     
  0.485000000000000      -0.114320742272452     
  0.490000000000000      -0.114303412449444     
  0.495000000000000      -0.114285100305414     
  0.500000000000000      -0.114265853046617     
  0.505000000000000      -0.114245716033094     
  0.510000000000000      -0.114224732855389     
  0.515000000000000      -0.114202945407708     
  0.520000000000000      -0.114180393957891     
  0.525000000000000      -0.114157117214540     
  0.530000000000000      -0.114133152391558     
  0.535000000000000      -0.114108535270284     
  0.540000000000000      -0.114083300259353     
  0.545000000000000      -0.114057480452348     
  0.550000000000000      -0.114031107683263     
  0.555000000000000      -0.114004212579761     
  0.560000000000000      -0.113976824614195     
  0.565000000000000      -0.113948972152331     
  0.570000000000000      -0.113920682499747     
  0.575000000000000      -0.113891981945845     
  0.580000000000000      -0.113862895805491     
  0.585000000000000      -0.113833448458282     
  0.590000000000000      -0.113803663385486     
  0.595000000000000      -0.113773563204759     
  0.600000000000000      -0.113743169702722     
  0.605000000000000      -0.113712503865579     
  0.610000000000000      -0.113681585907916     
  0.615000000000000      -0.113650435299898     
  0.620000000000000      -0.113619070793033     
  0.625000000000000      -0.113587510444732     
  0.630000000000000      -0.113555771641829     
  0.635000000000000      -0.113523871123254     
  0.640000000000000      -0.113491825002016     
  0.645000000000000      -0.113459648786598     
  0.650000000000000      -0.113427357401890     
  0.655000000000000      -0.113394965209700     
  0.660000000000000      -0.113362486028878     
  0.665000000000000      -0.113329933155054     
  0.670000000000000      -0.113297319379971     
  0.675000000000000      -0.113264657010337     
  0.680000000000000      -0.113231957886173     
  0.685000000000000      -0.113199233398544     
  0.690000000000000      -0.113166494506634     
  0.695000000000000      -0.113133751754075     
  0.700000000000000      -0.113101015284484     
  0.705000000000000      -0.113068294856167     
  0.710000000000000      -0.113035599855964     
  0.715000000000000      -0.113002939312241     
  0.720000000000000      -0.112970321907050     
  0.725000000000000      -0.112937755987501     
  0.730000000000000      -0.112905249576410     
  0.735000000000000      -0.112872810382299     
  0.740000000000000      -0.112840445808839     
  0.745000000000000      -0.112808162963838     
  0.750000000000000      -0.112775968667855     
  0.755000000000000      -0.112743869462548     
  0.760000000000000      -0.112711871618831     
  0.765000000000000      -0.112679981144914     
  0.770000000000000      -0.112648203794275     
  0.775000000000000      -0.112616545073610     
  0.780000000000000      -0.112585010250765     
  0.785000000000000      -0.112553604362665     
  0.790000000000000      -0.112522332223208     
  0.795000000000000      -0.112491198431105     
  0.800000000000000      -0.112460207377609     
  0.805000000000000      -0.112429363254099     
  0.810000000000000      -0.112398670059445     
  0.815000000000000      -0.112368131607123     
  0.820000000000000      -0.112337751532014     
  0.825000000000000      -0.112307533296856     
  0.830000000000000      -0.112277480198321     
  0.835000000000000      -0.112247595372694     
  0.840000000000000      -0.112217881801155     
  0.845000000000000      -0.112188342314681     
  0.850000000000000      -0.112158979598582     
  0.855000000000000      -0.112129796196717     
  0.860000000000000      -0.112100794515428     
  0.865000000000000      -0.112071976827247     
  0.870000000000000      -0.112043345274435     
  0.875000000000000      -0.112014901872393     
  0.880000000000000      -0.111986648513016     
  0.885000000000000      -0.111958586968023     
  0.890000000000000      -0.111930718892296     
  0.895000000000000      -0.111903045827274     
  0.900000000000000      -0.111875569204389     
  0.905000000000000      -0.111848290348577     
  0.910000000000000      -0.111821210481840     
  0.915000000000000      -0.111794330726838     
  0.920000000000000      -0.111767652110504     
  0.925000000000000      -0.111741175567633     
  0.930000000000000      -0.111714901944417     
  0.935000000000000      -0.111688832001891     
  0.940000000000000      -0.111662966419245     
  0.945000000000000      -0.111637305796994     
  0.950000000000000      -0.111611850659946     
  0.955000000000000      -0.111586601459980     
  0.960000000000000      -0.111561558578617     
  0.965000000000000      -0.111536722329367     
  0.970000000000000      -0.111512092959886     
  0.975000000000000      -0.111487670653940     
  0.980000000000000      -0.111463455533210     
  0.985000000000000      -0.111439447658957     
  0.990000000000000      -0.111415647033597     
  0.995000000000000      -0.111392053602191     
   1.00000000000000      -0.111368667253918     
   1.00500000000000      -0.111345487823532     
   1.01000000000000      -0.111322515092842     
   1.01500000000000      -0.111299748792242     
   1.02000000000000      -0.111277188602286     
   1.02500000000000      -0.111254834155332     
   1.03000000000000      -0.111232685037248     
   1.03500000000000      -0.111210740789168     
   1.04000000000000      -0.111189000909290     
   1.04500000000000      -0.111167464854695     
   1.05000000000000      -0.111146132043162     
   1.05500000000000      -0.111125001854967     
   1.06000000000000      -0.111104073634618     
   1.06500000000000      -0.111083346692533     
   1.07000000000000      -0.111062820306615     
   1.07500000000000      -0.111042493723727     
   1.08000000000000      -0.111022366161042     
   1.08500000000000      -0.111002436807281     
   1.09000000000000      -0.110982704823817     
   1.09500000000000      -0.110963169345674     
   1.10000000000000      -0.110943829482416     
   1.10500000000000      -0.110924684318956     
   1.11000000000000      -0.110905732916286     
   1.11500000000000      -0.110886974312174     
   1.12000000000000      -0.110868407521824     
   1.12500000000000      -0.110850031538536     
   1.13000000000000      -0.110831845334379     
   1.13500000000000      -0.110813847860892     
   1.14000000000000      -0.110796038049831     
   1.14500000000000      -0.110778414813951     
   1.15000000000000      -0.110760977047856     
   1.15500000000000      -0.110743723628876     
   1.16000000000000      -0.110726653418003     
   1.16500000000000      -0.110709765260843     
   1.17000000000000      -0.110693057988594     
   1.17500000000000      -0.110676530419014     
   1.18000000000000      -0.110660181357390     
   1.18500000000000      -0.110644009597455     
   1.19000000000000      -0.110628013922279     
   1.19500000000000      -0.110612193105090     
   1.20000000000000      -0.110596545910030     
   1.20500000000000      -0.110581071092841     
   1.21000000000000      -0.110565767401468     
   1.21500000000000      -0.110550633576599     
   1.22000000000000      -0.110535668352129     
   1.22500000000000      -0.110520870455563     
   1.23000000000000      -0.110506238608379     
   1.23500000000000      -0.110491771526350     
   1.24000000000000      -0.110477467919839     
   1.24500000000000      -0.110463326494100     
   1.25000000000000      -0.110449345949570     
   1.25500000000000      -0.110435524982187     
   1.26000000000000      -0.110421862283730     
   1.26500000000000      -0.110408356542191     
   1.27000000000000      -0.110395006442185     
   1.27500000000000      -0.110381810665396     
   1.28000000000000      -0.110368767891050     
   1.28500000000000      -0.110355876796427     
   1.29000000000000      -0.110343136057377     
   1.29500000000000      -0.110330544348860     
   1.30000000000000      -0.110318100345480     
   1.30500000000000      -0.110305802722004     
   1.31000000000000      -0.110293650153864     
   1.31500000000000      -0.110281641317625     
   1.32000000000000      -0.110269774891417     
   1.32500000000000      -0.110258049555320     
   1.33000000000000      -0.110246463991699     
   1.33500000000000      -0.110235016885499     
   1.34000000000000      -0.110223706924486     
   1.34500000000000      -0.110212532799450     
   1.35000000000000      -0.110201493204373     
   1.35500000000000      -0.110190586836566     
   1.36000000000000      -0.110179812396791     
   1.36500000000000      -0.110169168589371     
   1.37000000000000      -0.110158654122302     
   1.37500000000000      -0.110148267707368     
   1.38000000000000      -0.110138008060278     
   1.38500000000000      -0.110127873900813     
   1.39000000000000      -0.110117863953010     
   1.39500000000000      -0.110107976945358     
   1.40000000000000      -0.110098211611029     
   1.40500000000000      -0.110088566688121     
   1.41000000000000      -0.110079040919930     
   1.41500000000000      -0.110069633055221     
   1.42000000000000      -0.110060341848514     
   1.42500000000000      -0.110051166060364     
   1.43000000000000      -0.110042104457630     
   1.43500000000000      -0.110033155813729     
   1.44000000000000      -0.110024318908870     
   1.44500000000000      -0.110015592530256     
   1.45000000000000      -0.110006975472263     
   1.45500000000000      -0.109998466536579     
   1.46000000000000      -0.109990064532322     
   1.46500000000000      -0.109981768276116     
   1.47000000000000      -0.109973576592158     
   1.47500000000000      -0.109965488312242     
   1.48000000000000      -0.109957502275790     
   1.48500000000000      -0.109949617329854     
   1.49000000000000      -0.109941832329127     
   1.49500000000000      -0.109934146135951     
   1.50000000000000      -0.109926557620332     
   1.50500000000000      -0.109919065659970     
   1.51000000000000      -0.109911669140298     
   1.51500000000000      -0.109904366954548     
   1.52000000000000      -0.109897158003822     
   1.52500000000000      -0.109890041197191     
   1.53000000000000      -0.109883015451799     
   1.53500000000000      -0.109876079692980     
   1.54000000000000      -0.109869232854387     
   1.54500000000000      -0.109862473878114     
   1.55000000000000      -0.109855801714824     
   1.55500000000000      -0.109849215323861     
   1.56000000000000      -0.109842713673356     
   1.56500000000000      -0.109836295740314     
   1.57000000000000      -0.109829960510684     
   1.57500000000000      -0.109823706979407     
   1.58000000000000      -0.109817534150443     
   1.58500000000000      -0.109811441036782     
   1.59000000000000      -0.109805426660432     
   1.59500000000000      -0.109799490052390     
   1.60000000000000      -0.109793630252606     
   1.60500000000000      -0.109787846309933     
   1.61000000000000      -0.109782137282073     
   1.61500000000000      -0.109776502235525     
   1.62000000000000      -0.109770940245537     
   1.62500000000000      -0.109765450396057     
   1.63000000000000      -0.109760031779702     
   1.63500000000000      -0.109754683497736     
   1.64000000000000      -0.109749404660055     
   1.64500000000000      -0.109744194385192     
   1.65000000000000      -0.109739051800322     
   1.65500000000000      -0.109733976041289     
   1.66000000000000      -0.109728966252629     
   1.66500000000000      -0.109724021587602     
   1.67000000000000      -0.109719141208223     
   1.67500000000000      -0.109714324285291     
   1.68000000000000      -0.109709569998409     
   1.68500000000000      -0.109704877536002     
   1.69000000000000      -0.109700246095314     
   1.69500000000000      -0.109695674882404     
   1.70000000000000      -0.109691163112116     
   1.70500000000000      -0.109686710008050     
   1.71000000000000      -0.109682314802505     
   1.71500000000000      -0.109677976736420     
   1.72000000000000      -0.109673695059307     
   1.72500000000000      -0.109669469029167     
   1.73000000000000      -0.109665297912412     
   1.73500000000000      -0.109661180983781     
   1.74000000000000      -0.109657117526255     
   1.74500000000000      -0.109653106830981     
   1.75000000000000      -0.109649148197195     
   1.75500000000000      -0.109645240932159     
   1.76000000000000      -0.109641384351103     
   1.76500000000000      -0.109637577777175     
   1.77000000000000      -0.109633820541398     
   1.77500000000000      -0.109630111982642     
   1.78000000000000      -0.109626451447594     
   1.78500000000000      -0.109622838290731     
   1.79000000000000      -0.109619271874308     
   1.79500000000000      -0.109615751568330     
   1.80000000000000      -0.109612276750532     
   1.80500000000000      -0.109608846806350     
   1.81000000000000      -0.109605461128892     
   1.81500000000000      -0.109602119118893     
   1.82000000000000      -0.109598820184669     
   1.82500000000000      -0.109595563742058     
   1.83000000000000      -0.109592349214356     
   1.83500000000000      -0.109589176032242     
   1.84000000000000      -0.109586043633700     
   1.84500000000000      -0.109582951463929     
   1.85000000000000      -0.109579898975260     
   1.85500000000000      -0.109576885627060     
   1.86000000000000      -0.109573910885644     
   1.86500000000000      -0.109570974224188     
   1.87000000000000      -0.109568075122640     
   1.87500000000000      -0.109565213067645     
   1.88000000000000      -0.109562387552464     
   1.88500000000000      -0.109559598076916     
   1.89000000000000      -0.109556844147305     
   1.89500000000000      -0.109554125276373     
   1.90000000000000      -0.109551440983247     
   1.90500000000000      -0.109548790793392     
   1.91000000000000      -0.109546174238570     
   1.91500000000000      -0.109543590856795     
   1.92000000000000      -0.109541040192294     
   1.92500000000000      -0.109538521795465     
   1.93000000000000      -0.109536035222827     
   1.93500000000000      -0.109533580036973     
   1.94000000000000      -0.109531155806513     
   1.94500000000000      -0.109528762106019     
   1.95000000000000      -0.109526398515955     
   1.95500000000000      -0.109524064622607     
   1.96000000000000      -0.109521760018011     
   1.96500000000000      -0.109519484299874     
   1.97000000000000      -0.109517237071492     
   1.97500000000000      -0.109515017941665     
   1.98000000000000      -0.109512826524623     
   1.98500000000000      -0.109510662439932     
   1.99000000000000      -0.109508525312428     
   1.99500000000000      -0.109506414772129     
   2.00000000000000      -0.109504330454171     
   2.00500000000000      -0.109502271998741     
   2.01000000000000      -0.109500239051006     
   2.01500000000000      -0.109498231261065     
   2.02000000000000      -0.109496248283890     
   2.02500000000000      -0.109494289779276     
   2.03000000000000      -0.109492355411798     
   2.03500000000000      -0.109490444850761     
   2.04000000000000      -0.109488557770160     
   2.04500000000000      -0.109486693848634     
   2.05000000000000      -0.109484852769422     
   2.05500000000000      -0.109483034220318     
   2.06000000000000      -0.109481237893617     
   2.06500000000000      -0.109479463486067     
   2.07000000000000      -0.109477710698815     
   2.07500000000000      -0.109475979237342     
   2.08000000000000      -0.109474268811409     
   2.08500000000000      -0.109472579134985     
   2.09000000000000      -0.109470909926191     
   2.09500000000000      -0.109469260907224     
   2.10000000000000      -0.109467631804294     
   2.10500000000000      -0.109466022347556     
   2.11000000000000      -0.109464432271047     
   2.11500000000000      -0.109462861312618     
   2.12000000000000      -0.109461309213880     
   2.12500000000000      -0.109459775720139     
   2.13000000000000      -0.109458260580349     
   2.13500000000000      -0.109456763547058     
   2.14000000000000      -0.109455284376363     
   2.14500000000000      -0.109453822827864     
   2.15000000000000      -0.109452378664623     
   2.15500000000000      -0.109450951653128     
   2.16000000000000      -0.109449541563251     
   2.16500000000000      -0.109448148168212     
   2.17000000000000      -0.109446771244545     
   2.17500000000000      -0.109445410572054     
   2.18000000000000      -0.109444065933780     
   2.18500000000000      -0.109442737115955     
   2.19000000000000      -0.109441423907965     
   2.19500000000000      -0.109440126102299     
   2.20000000000000      -0.109438843494510     
   2.20500000000000      -0.109437575883157     
   2.21000000000000      -0.109436323069768     
   2.21500000000000      -0.109435084858778     
   2.22000000000000      -0.109433861057485     
   2.22500000000000      -0.109432651475998     
   2.23000000000000      -0.109431455927186     
   2.23500000000000      -0.109430274226632     
   2.24000000000000      -0.109429106192582     
   2.24500000000000      -0.109427951645906     
   2.25000000000000      -0.109426810410054     
   2.25500000000000      -0.109425682311013     
   2.26000000000000      -0.109424567177274     
   2.26500000000000      -0.109423464839798     
   2.27000000000000      -0.109422375131980     
   2.27500000000000      -0.109421297889619     
   2.28000000000000      -0.109420232950891     
   2.28500000000000      -0.109419180156320     
   2.29000000000000      -0.109418139348747     
   2.29500000000000      -0.109417110373303     
   2.30000000000000      -0.109416093077383     
   2.30500000000000      -0.109415087310612     
   2.31000000000000      -0.109414092924819     
   2.31500000000000      -0.109413109774000     
   2.32000000000000      -0.109412137714291     
   2.32500000000000      -0.109411176603929     
   2.33000000000000      -0.109410226303219     
   2.33500000000000      -0.109409286674497     
   2.34000000000000      -0.109408357582094     
   2.34500000000000      -0.109407438892303     
   2.35000000000000      -0.109406530473337     
   2.35500000000000      -0.109405632195301     
   2.36000000000000      -0.109404743930151     
   2.36500000000000      -0.109403865551667     
   2.37000000000000      -0.109402996935419     
   2.37500000000000      -0.109402137958740     
   2.38000000000000      -0.109401288500696     
   2.38500000000000      -0.109400448442062     
   2.39000000000000      -0.109399617665299     
   2.39500000000000      -0.109398796054528     
   2.40000000000000      -0.109397983495513     
   2.40500000000000      -0.109397179875636     
   2.41000000000000      -0.109396385083880     
   2.41500000000000      -0.109395599010806     
   2.42000000000000      -0.109394821548538     
   2.42500000000000      -0.109394052590736     
   2.43000000000000      -0.109393292032580     
   2.43500000000000      -0.109392539770748     
   2.44000000000000      -0.109391795703390     
   2.44500000000000      -0.109391059730107     
   2.45000000000000      -0.109390331751929     
   2.45500000000000      -0.109389611671284     
   2.46000000000000      -0.109388899391983     
   2.46500000000000      -0.109388194819184     
   2.47000000000000      -0.109387497859377     
   2.47500000000000      -0.109386808420352     
   2.48000000000000      -0.109386126411179     
   2.48500000000000      -0.109385451742185     
   2.49000000000000      -0.109384784324931     
   2.49500000000000      -0.109384124072190     
   2.50000000000000      -0.109383470897932     
   2.52500000000000      -0.109380340038255     
   2.55000000000000      -0.109377370484697     
   2.57500000000000      -0.109374552963690     
   2.60000000000000      -0.109371878860407     
   2.62500000000000      -0.109369340138748     
   2.65000000000000      -0.109366929286389     
   2.67500000000000      -0.109364639271224     
   2.70000000000000      -0.109362463504582     
   2.72500000000000      -0.109360395808479     
   2.75000000000000      -0.109358430385490     
   2.77500000000000      -0.109356561790984     
   2.80000000000000      -0.109354784907811     
   2.82500000000000      -0.109353094923366     
   2.85000000000000      -0.109351487308660     
   2.87500000000000      -0.109349957799016     
   2.90000000000000      -0.109348502376158     
   2.92500000000000      -0.109347117251642     
   2.95000000000000      -0.109345798851592     
   2.97500000000000      -0.109344543802648     
   3.00000000000000      -0.109343348919007     
   3.02500000000000      -0.109342211190412     
   3.05000000000000      -0.109341127771018     
   3.07500000000000      -0.109340095969073     
   3.10000000000000      -0.109339113237355     
   3.12500000000000      -0.109338177164313     
   3.15000000000000      -0.109337285465845     
   3.17500000000000      -0.109336435977661     
   3.20000000000000      -0.109335626648170     
   3.22500000000000      -0.109334855531863     
   3.25000000000000      -0.109334120783161     
   3.27500000000000      -0.109333420650667     
   3.30000000000000      -0.109332753471820     
   3.32500000000000      -0.109332117667895     
   3.35000000000000      -0.109331511739330     
   3.37500000000000      -0.109330934261361     
   3.40000000000000      -0.109330383879934     
   3.42500000000000      -0.109329859307877     
   3.45000000000000      -0.109329359321311     
   3.47500000000000      -0.109328882756284     
   3.50000000000000      -0.109328428505607     
   3.52500000000000      -0.109327995515886     
   3.55000000000000      -0.109327582784728     
   3.57500000000000      -0.109327189358110     
   3.60000000000000      -0.109326814327905     
   3.62500000000000      -0.109326456829549     
   3.65000000000000      -0.109326116039840     
   3.67500000000000      -0.109325791174860     
   3.70000000000000      -0.109325481488017     
   3.72500000000000      -0.109325186268186     
   3.75000000000000      -0.109324904837967     
   3.77500000000000      -0.109324636552016     
   3.80000000000000      -0.109324380795487     
   3.82500000000000      -0.109324136982539     
   3.85000000000000      -0.109323904554933     
   3.87500000000000      -0.109323682980694     
   3.90000000000000      -0.109323471752851     
   3.92500000000000      -0.109323270388231     
   3.95000000000000      -0.109323078426325     
   3.97500000000000      -0.109322895428202     
   4.00000000000000      -0.109322720975484     
   4.02500000000000      -0.109322554669370     
   4.05000000000000      -0.109322396129707     
   4.07500000000000      -0.109322244994108     
   4.10000000000000      -0.109322100917117     
   4.12500000000000      -0.109321963569405     
   4.15000000000000      -0.109321832637016     
   4.17500000000000      -0.109321707820644     
   4.20000000000000      -0.109321588834942     
   4.22500000000000      -0.109321475407874     
   4.25000000000000      -0.109321367280085     
   4.27500000000000      -0.109321264204313     
   4.30000000000000      -0.109321165944822     
   4.32500000000000      -0.109321072276860     
   4.35000000000000      -0.109320982986155     
   4.37500000000000      -0.109320897868416     
   4.40000000000000      -0.109320816728874     
   4.42500000000000      -0.109320739381839     
   4.45000000000000      -0.109320665650271     
   4.47500000000000      -0.109320595365383     
   4.50000000000000      -0.109320528366254     
   4.52500000000000      -0.109320464499462     
   4.55000000000000      -0.109320403618739     
   4.57500000000000      -0.109320345584632     
   4.60000000000000      -0.109320290264193     
   4.62500000000000      -0.109320237530668     
   4.65000000000000      -0.109320187263217     
   4.67500000000000      -0.109320139346632     
   4.70000000000000      -0.109320093671082     
   4.72500000000000      -0.109320050131854     
   4.75000000000000      -0.109320008629123     
   4.77500000000000      -0.109319969067719     
   4.80000000000000      -0.109319931356916     
   4.82500000000000      -0.109319895410216     
   4.85000000000000      -0.109319861145163     
   4.87500000000000      -0.109319828483147     
   4.90000000000000      -0.109319797349227     
   4.92500000000000      -0.109319767671963     
   4.95000000000000      -0.109319739383247     
   4.97500000000000      -0.109319712418154     
   5.00000000000000      -0.109319686714791     
   5.02500000000000      -0.109319662214154     
   5.05000000000000      -0.109319638859996     
   5.07500000000000      -0.109319616598698     
   5.10000000000000      -0.109319595379146     
   5.12500000000000      -0.109319575152613     
   5.15000000000000      -0.109319555872650     
   5.17500000000000      -0.109319537494979     
   5.20000000000000      -0.109319519977389     
   5.22500000000000      -0.109319503279645     
   5.25000000000000      -0.109319487363391     
   5.27500000000000      -0.109319472192064     
   5.30000000000000      -0.109319457730812     
   5.32500000000000      -0.109319443946409     
   5.35000000000000      -0.109319430807187     
   5.37500000000000      -0.109319418282956     
   5.40000000000000      -0.109319406344938     
   5.42500000000000      -0.109319394965701     
   5.45000000000000      -0.109319384119096     
   5.47500000000000      -0.109319373780199     
   5.50000000000000      -0.109319363925248     
   5.52500000000000      -0.109319354531596     
   5.55000000000000      -0.109319345577653     
   5.57500000000000      -0.109319337042841     
   5.60000000000000      -0.109319328907543     
   5.62500000000000      -0.109319321153060     
   5.65000000000000      -0.109319313761569     
   5.67500000000000      -0.109319306716080     
   5.70000000000000      -0.109319300000399     
   5.72500000000000      -0.109319293599088     
   5.75000000000000      -0.109319287497432     
   5.77500000000000      -0.109319281681407     
   5.80000000000000      -0.109319276137641     
   5.82500000000000      -0.109319270853391     
   5.85000000000000      -0.109319265816509     
   5.87500000000000      -0.109319261015417     
   5.90000000000000      -0.109319256439076     
   5.92500000000000      -0.109319252076966     
   5.95000000000000      -0.109319247919060     
   5.97500000000000      -0.109319243955798     
   6.00000000000000      -0.109319240178068     
   6.02500000000000      -0.109319236577186     
   6.05000000000000      -0.109319233144873     
   6.07500000000000      -0.109319229873238     
   6.10000000000000      -0.109319226754760     
   6.12500000000000      -0.109319223782268     
   6.15000000000000      -0.109319220948929     
   6.17500000000000      -0.109319218248229     
   6.20000000000000      -0.109319215673958     
   6.22500000000000      -0.109319213220199     
   6.25000000000000      -0.109319210881308     
