  5.000000000000000E-003  0.282667161012279       0.506139917430096     
  1.000000000000000E-002  0.799618580367256       0.477135388949685     
  1.500000000000000E-002   1.04478527009782       0.468506121739176     
  2.000000000000000E-002   1.38558996269815       0.464597242600491     
  2.500000000000000E-002   1.64362167542571       0.462462252788794     
  3.000000000000000E-002   1.88709199724145       0.461163729138469     
  3.500000000000000E-002   2.09744235954656       0.460316534333797     
  4.000000000000000E-002   2.28590604453976       0.459735918838716     
  4.500000000000000E-002   2.45351540112010       0.459323332668126     
  5.000000000000000E-002   2.60388179626008       0.459021984653791     
  5.500000000000000E-002   2.73919586134426       0.458797153691474     
  6.000000000000000E-002   2.86154708605632       0.458626596741185     
  6.500000000000000E-002   2.97260482423594       0.458495513891312     
  7.000000000000001E-002   3.07379363708431       0.458393743839942     
  7.500000000000000E-002   3.16630659585951       0.458314123444752     
  8.000000000000000E-002   3.25115608838959       0.458251488205284     
  8.500000000000001E-002   3.32920309748358       0.458202041769714     
  9.000000000000000E-002   3.40118446061222       0.458162946192086     
  9.500000000000000E-002   3.46773381715073       0.458132048659896     
  0.100000000000000        3.52939889621538       0.458107695042835     
  0.105000000000000        3.58665546292579       0.458088600081292     
  0.110000000000000        3.63991872407400       0.458073755352945     
  0.115000000000000        3.68955266455574       0.458062362937350     
  0.120000000000000        3.73587773605758       0.458053786871446     
  0.125000000000000        3.77917721608636       0.458047517119459     
  0.130000000000000        3.81970249339151       0.458043142475038     
  0.135000000000000        3.85767748150011       0.458040329926270     
  0.140000000000000        3.89330232132546       0.458038808757769     
  0.145000000000000        3.92675650131133       0.458038358168608     
  0.150000000000000        3.95820149824194       0.458038797531948     
  0.155000000000000        3.98778302179062       0.458039978663860     
  0.160000000000000        4.01563293006395       0.458041779638946     
  0.165000000000000        4.04187087080326       0.458044099811173     
  0.170000000000000        4.06660569288152       0.458046855784967     
  0.175000000000000        4.08993666468936       0.458049978144144     
  0.180000000000000        4.11195452954144       0.458053408791734     
  0.185000000000000        4.13274242301756       0.458057098787027     
  0.190000000000000        4.15237667290109       0.458061006590669     
  0.195000000000000        4.17092749895277       0.458065096646807     
  0.200000000000000        4.18845962690222       0.458069338244748     
  0.205000000000000        4.20503282876601       0.458073704612870     
  0.210000000000000        4.22070239964697       0.458078172205168     
  0.215000000000000        4.23551957963357       0.458082720146900     
  0.220000000000000        4.24953192807718       0.458087329810453     
  0.225000000000000        4.26278365645690       0.458091984496447     
  0.230000000000000        4.27531592511536       0.458096669198311     
  0.235000000000000        4.28716710840018       0.458101370431350     
  0.240000000000000        4.29837303209106       0.458106076109896     
  0.245000000000000        4.30896718646443       0.458110775458425     
  0.250000000000000        4.31898091788537       0.458115458944781     
  0.255000000000000        4.32844360142272       0.458120118225692     
  0.260000000000000        4.33738279667218       0.458124746096821     
  0.265000000000000        4.34582438867067       0.458129336441456     
  0.270000000000000        4.35379271556282       0.458133884173738     
  0.275000000000000        4.36131068445670       0.458138385173948     
  0.280000000000000        4.36839987675369       0.458142836214819     
  0.285000000000000        4.37508064405089       0.458147234879095     
  0.290000000000000        4.38137219561711       0.458151579469592     
  0.295000000000000        4.38729267829894       0.458155868913802     
  0.300000000000000        4.39285924963494       0.458160102665633     
  0.305000000000000        4.39808814485099       0.458164280607207     
  0.310000000000000        4.40299473834528       0.458168402953687     
  0.315000000000000        4.40759360019984       0.458172470164027     
  0.320000000000000        4.41189854818955       0.458176482860184     
  0.325000000000000        4.41592269572100       0.458180441756927     
  0.330000000000000        4.41967849607218       0.458184347603774     
  0.335000000000000        4.42317778327359       0.458188201140001     
  0.340000000000000        4.42643180993099       0.458192003062985     
  0.345000000000000        4.42945128225977       0.458195754009513     
  0.350000000000000        4.43224639256887       0.458199454549102     
  0.355000000000000        4.43482684941592       0.458203105187867     
  0.360000000000000        4.43720190562117       0.458206706381068     
  0.365000000000000        4.43938038432232       0.458210258552180     
  0.370000000000000        4.44137070322505       0.458213762116203     
  0.375000000000000        4.44318089719441       0.458217217504888     
  0.380000000000000        4.44481863931364       0.458220625191684     
  0.385000000000000        4.44629126053966       0.458223985714433     
  0.390000000000000        4.44760576805021       0.458227299694141     
  0.395000000000000        4.44876886239827       0.458230567848597     
  0.400000000000000        4.44978695354867       0.458233790999945     
  0.405000000000000        4.45066617589772       0.458236970075893     
  0.410000000000000        4.45141240233940       0.458240106104575     
  0.415000000000000        4.45203125746303       0.458243200203563     
  0.420000000000000        4.45252812993359       0.458246253563832     
  0.425000000000000        4.45290818412958       0.458249267429800     
  0.430000000000000        4.45317637108349       0.458252243076722     
  0.435000000000000        4.45333743878219       0.458255181786847     
  0.440000000000000        4.45339594186927       0.458258084825745     
  0.445000000000000        4.45335625079592       0.458260953420143     
  0.450000000000000        4.45322256045534       0.458263788738452     
  0.455000000000000        4.45299889833951       0.458266591874931     
  0.460000000000000        4.45268913224679       0.458269363838209     
  0.465000000000000        4.45229697757258       0.458272105544552     
  0.470000000000000        4.45182600420628       0.458274817815979     
  0.475000000000000        4.45127964306170       0.458277501383027     
  0.480000000000000        4.45066119226175       0.458280156891713     
  0.485000000000000        4.44997382299542       0.458282784913997     
  0.490000000000000        4.44922058507069       0.458285385960889     
  0.495000000000000        4.44840441217560       0.458287960497229     
  0.500000000000000        4.44752812686751       0.458290508957125     
  0.505000000000000        4.44659444530527       0.458293031759056     
  0.510000000000000        4.44560598173515       0.458295529319701     
  0.515000000000000        4.44456525275385       0.458298002065733     
  0.520000000000000        4.44347468134808       0.458300450442935     
  0.525000000000000        4.44233660073774       0.458302874922235     
  0.530000000000000        4.44115325802670       0.458305276002461     
  0.535000000000000        4.43992681767130       0.458307654209821     
  0.540000000000000        4.43865936478634       0.458310010094349     
  0.545000000000000        4.43735290829086       0.458312344223708     
  0.550000000000000        4.43600938390606       0.458314657174910     
  0.555000000000000        4.43463065701637       0.458316949524602     
  0.560000000000000        4.43321852540143       0.458319221838640     
  0.565000000000000        4.43177472184411       0.458321474661678     
  0.570000000000000        4.43030091662553       0.458323708507462     
  0.575000000000000        4.42879871991131       0.458325923850442     
  0.580000000000000        4.42726968403546       0.458328121119216     
  0.585000000000000        4.42571530568625       0.458330300692160     
  0.590000000000000        4.42413702800129       0.458332462895465     
  0.595000000000000        4.42253624257074       0.458334608003621     
  0.600000000000000        4.42091429136148       0.458336736242256     
  0.605000000000000        4.41927246855197       0.458338847793057     
  0.610000000000000        4.41761202229802       0.458340942800420     
  0.615000000000000        4.41593415641543       0.458343021379362     
  0.620000000000000        4.41424003199753       0.458345083624152     
  0.625000000000000        4.41253076895765       0.458347129617144     
  0.630000000000000        4.41080744750895       0.458349159437250     
  0.635000000000000        4.40907110958082       0.458351173167569     
  0.640000000000000        4.40732276017197       0.458353170901762     
  0.645000000000000        4.40556336864934       0.458355152748838     
  0.650000000000000        4.40379386999035       0.458357118836160     
  0.655000000000000        4.40201516597378       0.458359069310563     
  0.660000000000000        4.40022812632387       0.458361004337644     
  0.665000000000000        4.39843358980509       0.458362924099346     
  0.670000000000000        4.39663236527784       0.458364828790116     
  0.675000000000000        4.39482523270998       0.458366718611932     
  0.680000000000000        4.39301294415331       0.458368593768613     
  0.685000000000000        4.39119622468140       0.458370454459819     
  0.690000000000000        4.38937577329670       0.458372300875143     
  0.695000000000000        4.38755226380136       0.458374133188715     
  0.700000000000000        4.38572634564137       0.458375951554631     
  0.705000000000000        4.38389864471871       0.458377756103516     
  0.710000000000000        4.38206976417657       0.458379546940386     
  0.715000000000000        4.38024028515461       0.458381324143930     
  0.720000000000000        4.37841076752253       0.458383087767205     
  0.725000000000000        4.37658175058271       0.458384837839682     
  0.730000000000000        4.37475375374942       0.458386574370444     
  0.735000000000000        4.37292727720319       0.458388297352341     
  0.740000000000000        4.37110280252219       0.458390006766784     
  0.745000000000000        4.36928079328737       0.458391702588875     
  0.750000000000000        4.36746169566613       0.458393384792559     
  0.755000000000000        4.36564593897392       0.458395053355458     
  0.760000000000000        4.36383393621460       0.458396708263128     
  0.765000000000000        4.36202608459794       0.458398349512493     
  0.770000000000000        4.36022276604157       0.458399977114277     
  0.775000000000000        4.35842434764943       0.458401591094336     
  0.780000000000000        4.35663118217787       0.458403191493866     
  0.785000000000000        4.35484360847973       0.458404778368497     
  0.790000000000000        4.35306195193827       0.458406351786429     
  0.795000000000000        4.35128652488125       0.458407911825728     
  0.800000000000000        4.34951762698707       0.458409458571037     
  0.805000000000000        4.34775554567259       0.458410992109903     
  0.810000000000000        4.34600055647236       0.458412512529015     
  0.815000000000000        4.34425292340633       0.458414019910573     
  0.820000000000000        4.34251289933514       0.458415514329044     
  0.825000000000000        4.34078072630522       0.458416995848491     
  0.830000000000000        4.33905663588663       0.458418464520638     
  0.835000000000000        4.33734084949471       0.458419920383772     
  0.840000000000000        4.33563357871143       0.458421363462529     
  0.845000000000000        4.33393502558580       0.458422793768549     
  0.850000000000000        4.33224538293414       0.458424211301929     
  0.855000000000000        4.33056483462729       0.458425616053370     
  0.860000000000000        4.32889355586477       0.458427008006844     
  0.865000000000000        4.32723171344772       0.458428387142612     
  0.870000000000000        4.32557946603358       0.458429753440382     
  0.875000000000000        4.32393696438847       0.458431106882408     
  0.880000000000000        4.32230435162667       0.458432447456343     
  0.885000000000000        4.32068176344456       0.458433775157671     
  0.890000000000000        4.31906932834267       0.458435089991579     
  0.895000000000000        4.31746716784356       0.458436391974186     
  0.900000000000000        4.31587539670045       0.458437681133063     
  0.905000000000000        4.31429412309809       0.458438957507042     
  0.910000000000000        4.31272344885068       0.458440221145361     
  0.915000000000000        4.31116346958808       0.458441472106221     
  0.920000000000000        4.30961427494306       0.458442710454863     
  0.925000000000000        4.30807594872782       0.458443936261326     
  0.930000000000000        4.30654856910958       0.458445149598016     
  0.935000000000000        4.30503220877799       0.458446350537279     
  0.940000000000000        4.30352693511327       0.458447539149102     
  0.945000000000000        4.30203281034462       0.458448715499123     
  0.950000000000000        4.30054989171008       0.458449879647026     
  0.955000000000000        4.29907823160696       0.458451031645446     
  0.960000000000000        4.29761787774360       0.458452171539424     
  0.965000000000000        4.29616887328419       0.458453299366419     
  0.970000000000000        4.29473125698939       0.458454415156870     
  0.975000000000000        4.29330506335528       0.458455518935260     
  0.980000000000000        4.29189032274566       0.458456610721567     
  0.985000000000000        4.29048706152253       0.458457690533043     
  0.990000000000000        4.28909530216995       0.458458758386143     
  0.995000000000000        4.28771506341607       0.458459814298527     
   1.00000000000000        4.28634636035038       0.458460858290968     
   1.00500000000000        4.28498920453604       0.458461890389058     
   1.01000000000000        4.28364360411945       0.458462910624628     
   1.01500000000000        4.28230956393649       0.458463919036766     
   1.02000000000000        4.28098708561331       0.458464915672416     
   1.02500000000000        4.27967616766712       0.458465900586512     
   1.03000000000000        4.27837680560042       0.458466873841658     
   1.03500000000000        4.27708899199545       0.458467835507404     
   1.04000000000000        4.27581271660399       0.458468785659149     
   1.04500000000000        4.27454796643690       0.458469724376784     
   1.05000000000000        4.27329472584952       0.458470651743146     
   1.05500000000000        4.27205297662611       0.458471567842403     
   1.06000000000000        4.27082269806391       0.458472472758465     
   1.06500000000000        4.26960386705191       0.458473366573525     
   1.07000000000000        4.26839645815184       0.458474249366821     
   1.07500000000000        4.26720044367532       0.458475121213676     
   1.08000000000000        4.26601579376027       0.458475982184891     
   1.08500000000000        4.26484247644457       0.458476832346492     
   1.09000000000000        4.26368045773978       0.458477671759848     
   1.09500000000000        4.26252970170199       0.458478500482140     
   1.10000000000000        4.26139017049921       0.458479318567129     
   1.10500000000000        4.26026182448099       0.458480126066170     
   1.11000000000000        4.25914462224230       0.458480923029397     
   1.11500000000000        4.25803852068678       0.458481709506995     
   1.12000000000000        4.25694347508857       0.458482485550470     
   1.12500000000000        4.25585943915037       0.458483251213848     
   1.13000000000000        4.25478636506313       0.458484006554707     
   1.13500000000000        4.25372420355827       0.458484751634999     
   1.14000000000000        4.25267290396404       0.458485486521604     
   1.14500000000000        4.25163241425721       0.458486211286594     
   1.15000000000000        4.25060268111226       0.458486926007198     
   1.15500000000000        4.24958364995168       0.458487630765466     
   1.16000000000000        4.24857526499464       0.458488325647692     
   1.16500000000000        4.24757746930161       0.458489010743601     
   1.17000000000000        4.24659020482278       0.458489686145393     
   1.17500000000000        4.24561341244073       0.458490351946680     
   1.18000000000000        4.24464703201689       0.458491008241414     
   1.18500000000000        4.24369100243278       0.458491655122846     
   1.19000000000000        4.24274526163403       0.458492292682596     
   1.19500000000000        4.24180974667195       0.458492921009892     
   1.20000000000000        4.24088439374544       0.458493540191006     
   1.20500000000000        4.23996913824006       0.458494150308919     
   1.21000000000000        4.23906391476970       0.458494751443242     
   1.21500000000000        4.23816865721403       0.458495343670363     
   1.22000000000000        4.23728329875745       0.458495927063829     
   1.22500000000000        4.23640777192524       0.458496501694905     
   1.23000000000000        4.23554200862083       0.458497067633283     
   1.23500000000000        4.23468594016048       0.458497624947887     
   1.24000000000000        4.23383949730603       0.458498173707709     
   1.24500000000000        4.23300261029976       0.458498713982631     
   1.25000000000000        4.23217520889523       0.458499245844178     
   1.25500000000000        4.23135722238810       0.458499769366147     
   1.26000000000000        4.23054857964657       0.458500284625077     
   1.26500000000000        4.22974920913917       0.458500791700546     
   1.27000000000000        4.22895903896472       0.458501290675266     
   1.27500000000000        4.22817799687712       0.458501781634971     
   1.28000000000000        4.22740601031425       0.458502264668136     
   1.28500000000000        4.22664300642285       0.458502739865518     
   1.29000000000000        4.22588891208372       0.458503207319574     
   1.29500000000000        4.22514365393727       0.458503667123790     
   1.30000000000000        4.22440715840768       0.458504119371960     
   1.30500000000000        4.22367935172711       0.458504564157469     
   1.31000000000000        4.22296015995916       0.458505001572623     
   1.31500000000000        4.22224950902368       0.458505431708065     
   1.32000000000000        4.22154732471715       0.458505854652301     
   1.32500000000000        4.22085353273815       0.458506270491387     
   1.33000000000000        4.22016805870776       0.458506679308759     
   1.33500000000000        4.21949082819272       0.458507081185239     
   1.34000000000000        4.21882176672538       0.458507476199182     
   1.34500000000000        4.21816079982574       0.458507864426785     
   1.35000000000000        4.21750785302170       0.458508245942491     
   1.35500000000000        4.21686285186750       0.458508620819491     
   1.36000000000000        4.21622572196403       0.458508989130271     
   1.36500000000000        4.21559638897685       0.458509350947169     
   1.37000000000000        4.21497477865356       0.458509706342909     
   1.37500000000000        4.21436081684182       0.458510055391077     
   1.38000000000000        4.21375442950449       0.458510398166498     
   1.38500000000000        4.21315554273703       0.458510734745517     
   1.39000000000000        4.21256408278117       0.458511065206138     
   1.39500000000000        4.21197997604229       0.458511389628042     
   1.40000000000000        4.21140314910005       0.458511708092464     
   1.40500000000000        4.21083352872620       0.458512020681963     
   1.41000000000000        4.21027104189496       0.458512327480079     
   1.41500000000000        4.20971561579936       0.458512628570919     
   1.42000000000000        4.20916717786085       0.458512924038694     
   1.42500000000000        4.20862565574486       0.458513213967235     
   1.43000000000000        4.20809097737178       0.458513498439521     
   1.43500000000000        4.20756307092974       0.458513777537252     
   1.44000000000000        4.20704186488635       0.458514051340483     
   1.44500000000000        4.20652728800131       0.458514319927350     
   1.45000000000000        4.20601926933619       0.458514583373894     
   1.45500000000000        4.20551773826857       0.458514841753995     
   1.46000000000000        4.20502262449980       0.458515095139414     
   1.46500000000000        4.20453385806827       0.458515343599938     
   1.47000000000000        4.20405136935842       0.458515587203610     
   1.47500000000000        4.20357508911087       0.458515826017038     
   1.48000000000000        4.20310494843250       0.458516060105742     
   1.48500000000000        4.20264087880480       0.458516289534533     
   1.49000000000000        4.20218281209268       0.458516514367885     
   1.49500000000000        4.20173068055328       0.458516734670282     
   1.50000000000000        4.20128441684337       0.458516950506523     
   1.50500000000000        4.20084395402644       0.458517161941952     
   1.51000000000000        4.20040922558038       0.458517369042614     
   1.51500000000000        4.19998016540368       0.458517571875325     
   1.52000000000000        4.19955670782157       0.458517770507648     
   1.52500000000000        4.19913878759281       0.458517965007790     
   1.53000000000000        4.19872633991452       0.458518155444413     
   1.53500000000000        4.19831930042827       0.458518341886398     
   1.54000000000000        4.19791760522546       0.458518524402547     
   1.54500000000000        4.19752119085091       0.458518703061273     
   1.55000000000000        4.19712999431068       0.458518877930277     
   1.55500000000000        4.19674395307453       0.458519049076245     
   1.56000000000000        4.19636300508070       0.458519216564579     
   1.56500000000000        4.19598708874154       0.458519380459178     
   1.57000000000000        4.19561614294707       0.458519540822280     
   1.57500000000000        4.19525010706885       0.458519697714376     
   1.58000000000000        4.19488892096512       0.458519851194201     
   1.58500000000000        4.19453252498260       0.458520001318789     
   1.59000000000000        4.19418085996244       0.458520148143602     
   1.59500000000000        4.19383386724092       0.458520291722709     
   1.60000000000000        4.19349148865477       0.458520432109013     
   1.60500000000000        4.19315366654175       0.458520569354492     
   1.61000000000000        4.19282034374551       0.458520703510470     
   1.61500000000000        4.19249146361491       0.458520834627858     
   1.62000000000000        4.19216697000856       0.458520962757387     
   1.62500000000000        4.19184680729422       0.458521087949803     
   1.63000000000000        4.19153092035252       0.458521210256005     
   1.63500000000000        4.19121925457494       0.458521329727131     
   1.64000000000000        4.19091175586739       0.458521446414591     
   1.64500000000000        4.19060837064931       0.458521560370032     
   1.65000000000000        4.19030904585494       0.458521671645250     
   1.65500000000000        4.19001372893324       0.458521780292057     
   1.66000000000000        4.18972236784743       0.458521886362103     
   1.66500000000000        4.18943491107621       0.458521989906681     
   1.67000000000000        4.18915130761295       0.458522090976516     
   1.67500000000000        4.18887150696523       0.458522189621557     
   1.68000000000000        4.18859545915571       0.458522285890779     
   1.68500000000000        4.18832311472038       0.458522379832024     
   1.69000000000000        4.18805442470879       0.458522471491872     
   1.69500000000000        4.18778934068376       0.458522560915553     
   1.70000000000000        4.18752781472038       0.458522648146920     
   1.70500000000000        4.18726979940490       0.458522733228459     
   1.71000000000000        4.18701524783478       0.458522816201351     
   1.71500000000000        4.18676411361683       0.458522897105581     
   1.72000000000000        4.18651635086641       0.458522975980073     
   1.72500000000000        4.18627191420599       0.458523052862854     
   1.73000000000000        4.18603075876342       0.458523127791231     
   1.73500000000000        4.18579284017117       0.458523200801971     
   1.74000000000000        4.18555811456334       0.458523271931467     
   1.74500000000000        4.18532653857447       0.458523341215891     
   1.75000000000000        4.18509806933670       0.458523408691314     
   1.75500000000000        4.18487266447824       0.458523474393795     
   1.76000000000000        4.18465028212089       0.458523538359425     
   1.76500000000000        4.18443088087624       0.458523600624338     
   1.77000000000000        4.18421441984444       0.458523661224675     
   1.77500000000000        4.18400085861105       0.458523720196518     
   1.78000000000000        4.18379015724376       0.458523777575790     
   1.78500000000000        4.18358227629031       0.458523833398138     
   1.79000000000000        4.18337717677484       0.458523887698791     
   1.79500000000000        4.18317482019487       0.458523940512428     
   1.80000000000000        4.18297516851923       0.458523991873039     
   1.80500000000000        4.18277818418435       0.458524041813808     
   1.81000000000000        4.18258383009106       0.458524090367011     
   1.81500000000000        4.18239206960192       0.458524137563948     
   1.82000000000000        4.18220286653802       0.458524183434899     
   1.82500000000000        4.18201618517554       0.458524228009118     
   1.83000000000000        4.18183199024376       0.458524271314863     
   1.83500000000000        4.18165024691978       0.458524313379447     
   1.84000000000000        4.18147092082717       0.458524354229326     
   1.84500000000000        4.18129397803157       0.458524393890201     
   1.85000000000000        4.18111938503741       0.458524432387139     
   1.85500000000000        4.18094710878492       0.458524469744692     
   1.86000000000000        4.18077711664616       0.458524505987021     
   1.86500000000000        4.18060937642065       0.458524541138014     
   1.87000000000000        4.18044385633359       0.458524575221375     
   1.87500000000000        4.18028052502952       0.458524608260707     
   1.88000000000000        4.18011935157145       0.458524640279562     
   1.88500000000000        4.17996030543365       0.458524671301462     
   1.89000000000000        4.17980335650104       0.458524701349901     
   1.89500000000000        4.17964847506252       0.458524730448310     
   1.90000000000000        4.17949563180845       0.458524758620011     
   1.90500000000000        4.17934479782634       0.458524785888139     
   1.91000000000000        4.17919594459701       0.458524812275566     
   1.91500000000000        4.17904904399007       0.458524837804805     
   1.92000000000000        4.17890406826095       0.458524862497919     
   1.92500000000000        4.17876099004576       0.458524886376439     
   1.93000000000000        4.17861978235864       0.458524909461285     
   1.93500000000000        4.17848041858641       0.458524931772710     
   1.94000000000000        4.17834287248661       0.458524953330264     
   1.94500000000000        4.17820711818153       0.458524974152774     
   1.95000000000000        4.17807313015615       0.458524994258349     
   1.95500000000000        4.17794088325308       0.458525013664412     
   1.96000000000000        4.17781035266911       0.458525032387748     
   1.96500000000000        4.17768151395211       0.458525050444562     
   1.97000000000000        4.17755434299562       0.458525067850562     
   1.97500000000000        4.17742881603686       0.458525084621042     
   1.98000000000000        4.17730490965055       0.458525100770962     
   1.98500000000000        4.17718260074728       0.458525116315036     
   1.99000000000000        4.17706186656881       0.458525131267807     
   1.99500000000000        4.17694268468252       0.458525145643704     
   2.00000000000000        4.17682503298081       0.458525159457093     
   2.00500000000000        4.17670888967352       0.458525172722305     
   2.01000000000000        4.17659423328659       0.458525185453645     
   2.01500000000000        4.17648104265741       0.458525197665388     
   2.02000000000000        4.17636929692986       0.458525209371747     
   2.02500000000000        4.17625897555225       0.458525220586841     
   2.03000000000000        4.17615005827184       0.458525231324639     
   2.03500000000000        4.17604252513200       0.458525241598906     
   2.04000000000000        4.17593635646769       0.458525251423139     
   2.04500000000000        4.17583153290263       0.458525260810505     
   2.05000000000000        4.17572803534463       0.458525269773794     
   2.05500000000000        4.17562584498277       0.458525278325366     
   2.06000000000000        4.17552494328290       0.458525286477123     
   2.06500000000000        4.17542531198460       0.458525294240483     
   2.07000000000000        4.17532693309784       0.458525301626383     
   2.07500000000000        4.17522978889902       0.458525308645285     
   2.08000000000000        4.17513386192762       0.458525315307204     
   2.08500000000000        4.17503913498280       0.458525321621742     
   2.09000000000000        4.17494559111954       0.458525327598139     
   2.09500000000000        4.17485321364650       0.458525333245327     
   2.10000000000000        4.17476198612085       0.458525338571989     
   2.10500000000000        4.17467189234608       0.458525343586615     
   2.11000000000000        4.17458291636808       0.458525348297558     
   2.11500000000000        4.17449504247205       0.458525352713082     
   2.12000000000000        4.17440825517930       0.458525356841400     
   2.12500000000000        4.17432253924332       0.458525360690703     
   2.13000000000000        4.17423787964657       0.458525364269173     
   2.13500000000000        4.17415426159796       0.458525367584989     
   2.14000000000000        4.17407167052911       0.458525370646313     
   2.14500000000000        4.17399009208980       0.458525373461272     
   2.15000000000000        4.17390951214767       0.458525376037925     
   2.15500000000000        4.17382991678238       0.458525378384236     
   2.16000000000000        4.17375129228334       0.458525380508019     
   2.16500000000000        4.17367362514817       0.458525382416910     
   2.17000000000000        4.17359690207642       0.458525384118320     
   2.17500000000000        4.17352110997026       0.458525385619404     
   2.18000000000000        4.17344623592838       0.458525386927033     
   2.18500000000000        4.17337226724577       0.458525388047774     
   2.19000000000000        4.17329919140834       0.458525388987879     
   2.19500000000000        4.17322699609237       0.458525389753295     
   2.20000000000000        4.17315566916032       0.458525390349661     
   2.20500000000000        4.17308519865897       0.458525390782342     
   2.21000000000000        4.17301557281570       0.458525391056453     
   2.21500000000000        4.17294678003650       0.458525391176888     
   2.22000000000000        4.17287880890430       0.458525391148369     
   2.22500000000000        4.17281164817309       0.458525390975476     
   2.23000000000000        4.17274528676992       0.458525390662694     
   2.23500000000000        4.17267971378775       0.458525390214439     
   2.24000000000000        4.17261491848681       0.458525389635101     
   2.24500000000000        4.17255089028847       0.458525388929052     
   2.25000000000000        4.17248761877613       0.458525388100677     
   2.25500000000000        4.17242509369009       0.458525387154370     
   2.26000000000000        4.17236330492625       0.458525386094534     
   2.26500000000000        4.17230224253365       0.458525384925576     
   2.27000000000000        4.17224189671216       0.458525383651887     
   2.27500000000000        4.17218225780914       0.458525382277820     
   2.28000000000000        4.17212331631881       0.458525380807663     
   2.28500000000000        4.17206506287776       0.458525379245613     
   2.29000000000000        4.17200748826539       0.458525377595749     
   2.29500000000000        4.17195058339919       0.458525375862004     
   2.30000000000000        4.17189433933420       0.458525374048143     
   2.30500000000000        4.17183874725953       0.458525372157750     
   2.31000000000000        4.17178379849820       0.458525370194214     
   2.31500000000000        4.17172948450295       0.458525368160727     
   2.32000000000000        4.17167579685556       0.458525366060286     
   2.32500000000000        4.17162272726490       0.458525363895707     
   2.33000000000000        4.17157026756359       0.458525361669638     
   2.33500000000000        4.17151840970762       0.458525359384579     
   2.34000000000000        4.17146714577421       0.458525357042910     
   2.34500000000000        4.17141646795845       0.458525354646915     
   2.35000000000000        4.17136636857349       0.458525352198810     
   2.35500000000000        4.17131684004735       0.458525349700769     
   2.36000000000000        4.17126787492164       0.458525347154942     
   2.36500000000000        4.17121946584861       0.458525344563482     
   2.37000000000000        4.17117160559217       0.458525341928552     
   2.37500000000000        4.17112428702195       0.458525339252335     
   2.38000000000000        4.17107750311595       0.458525336537035     
   2.38500000000000        4.17103124695515       0.458525333784876     
   2.39000000000000        4.17098551172411       0.458525330998092     
   2.39500000000000        4.17094029070895       0.458525328178914     
   2.40000000000000        4.17089557729383       0.458525325329553     
   2.40500000000000        4.17085136496270       0.458525322452183     
   2.41000000000000        4.17080764729412       0.458525319548919     
   2.41500000000000        4.17076441796270       0.458525316621803     
   2.42000000000000        4.17072167073572       0.458525313672782     
   2.42500000000000        4.17067939947215       0.458525310703698     
   2.43000000000000        4.17063759812169       0.458525307716280     
   2.43500000000000        4.17059626072235       0.458525304712131     
   2.44000000000000        4.17055538139998       0.458525301692735     
   2.44500000000000        4.17051495436665       0.458525298659460     
   2.45000000000000        4.17047497391841       0.458525295613561     
   2.45500000000000        4.17043543443547       0.458525292556199     
   2.46000000000000        4.17039633037946       0.458525289488451     
   2.46500000000000        4.17035765629330       0.458525286411332     
   2.47000000000000        4.17031940679913       0.458525283325807     
   2.47500000000000        4.17028157659714       0.458525280232816     
   2.48000000000000        4.17024416046440       0.458525277133282     
   2.48500000000000        4.17020715325380       0.458525274028134     
   2.49000000000000        4.17017054989265       0.458525270918312     
   2.49500000000000        4.17013434538209       0.458525267804777     
   2.50000000000000        4.17009853479394       0.458525264688515     
   2.52500000000000        4.16992698107716       0.458525249144839     
   2.55000000000000        4.16976438526074       0.458525233707985     
   2.57500000000000        4.16961021758722       0.458525218475660     
   2.60000000000000        4.16946398754476       0.458525203513026     
   2.62500000000000        4.16932523995057       0.458525188868158     
   2.65000000000000        4.16919355015904       0.458525174581301     
   2.67500000000000        4.16906852179923       0.458525160687401     
   2.70000000000000        4.16894978432936       0.458525147214209     
   2.72500000000000        4.16883699105654       0.458525134180726     
   2.75000000000000        4.16872981730253       0.458525121598170     
   2.77500000000000        4.16862795876252       0.458525109472420     
   2.80000000000000        4.16853112999945       0.458525097805937     
   2.82500000000000        4.16843906307158       0.458525086598380     
   2.85000000000000        4.16835150627362       0.458525075846504     
   2.87500000000000        4.16826822298342       0.458525065544219     
   2.90000000000000        4.16818899060339       0.458525055683121     
   2.92500000000000        4.16811359958663       0.458525046253192     
   2.95000000000000        4.16804185254221       0.458525037243324     
   2.97500000000000        4.16797356340778       0.458525028641556     
   3.00000000000000        4.16790855669194       0.458525020435181     
   3.02500000000000        4.16784666677204       0.458525012610892     
   3.05000000000000        4.16778773724791       0.458525005154990     
   3.07500000000000        4.16773162034576       0.458524998053601     
   3.10000000000000        4.16767817636412       0.458524991292829     
   3.12500000000000        4.16762727316645       0.458524984858850     
   3.15000000000000        4.16757878570595       0.458524978737973     
   3.17500000000000        4.16753259559045       0.458524972916702     
   3.20000000000000        4.16748859067509       0.458524967381804     
   3.22500000000000        4.16744666468600       0.458524962120370     
   3.25000000000000        4.16740671687216       0.458524957119850     
   3.27500000000000        4.16736865167853       0.458524952368082     
   3.30000000000000        4.16733237844571       0.458524947853307     
   3.32500000000000        4.16729781112556       0.458524943564174     
   3.35000000000000        4.16726486802286       0.458524939489763     
   3.37500000000000        4.16723347154618       0.458524935619582     
   3.40000000000000        4.16720354798283       0.458524931943569     
   3.42500000000000        4.16717502728233       0.458524928452091     
   3.45000000000000        4.16714784285930       0.458524925135934     
   3.47500000000000        4.16712193140357       0.458524921986296     
   3.50000000000000        4.16709723270768       0.458524918994780     
   3.52500000000000        4.16707368949959       0.458524916153380     
   3.55000000000000        4.16705124729037       0.458524913454473     
   3.57500000000000        4.16702985422828       0.458524910890803     
   3.60000000000000        4.16700946096203       0.458524908455470     
   3.62500000000000        4.16699002051307       0.458524906141915     
   3.65000000000000        4.16697148815525       0.458524903943907     
   3.67500000000000        4.16695382129819       0.458524901855529     
   3.70000000000000        4.16693697938387       0.458524899871166     
   3.72500000000000        4.16692092378144       0.458524897985491     
   3.75000000000000        4.16690561769359       0.458524896193449     
   3.77500000000000        4.16689102606554       0.458524894490248     
   3.80000000000000        4.16687711549861       0.458524892871344     
   3.82500000000000        4.16686385417112       0.458524891332430     
   3.85000000000000        4.16685121175906       0.458524889869424     
   3.87500000000000        4.16683915936605       0.458524888478458     
   3.90000000000000        4.16682766945217       0.458524887155865     
   3.92500000000000        4.16681671577019       0.458524885898172     
   3.95000000000000        4.16680627330332       0.458524884702087     
   3.97500000000000        4.16679631820578       0.458524883564493     
   4.00000000000000        4.16678682774853       0.458524882482434     
   4.02500000000000        4.16677778026354       0.458524881453111     
   4.05000000000000        4.16676915509641       0.458524880473869     
   4.07500000000000        4.16676093255677       0.458524879542195     
   4.10000000000000        4.16675309387275       0.458524878655705     
   4.12500000000000        4.16674562114855       0.458524877812141     
   4.15000000000000        4.16673849732304       0.458524877009362     
   4.17500000000000        4.16673170612936       0.458524876245337     
   4.20000000000000        4.16672523205965       0.458524875518143     
   4.22500000000000        4.16671906032792       0.458524874825953     
   4.25000000000000        4.16671317683737       0.458524874167037     
   4.27500000000000        4.16670756814722       0.458524873539755     
   4.30000000000000        4.16670222144265       0.458524872942547     
   4.32500000000000        4.16669712450587       0.458524872373938     
   4.35000000000000        4.16669226568733       0.458524871832523     
   4.37500000000000        4.16668763388056       0.458524871316974     
   4.40000000000000        4.16668321849576       0.458524870826027     
   4.42500000000000        4.16667900943582       0.458524870358482     
   4.45000000000000        4.16667499707429       0.458524869913201     
   4.47500000000000        4.16667117223309       0.458524869489104     
   4.50000000000000        4.16666752616098       0.458524869085163     
   4.52500000000000        4.16666405051439       0.458524868700402     
   4.55000000000000        4.16666073733842       0.458524868333897     
   4.57500000000000        4.16665757904878       0.458524867984765     
   4.60000000000000        4.16665456841441       0.458524867652171     
   4.62500000000000        4.16665169854103       0.458524867335319     
   4.65000000000000        4.16664896285574       0.458524867033455     
   4.67500000000000        4.16664635509168       0.458524866745858     
   4.70000000000000        4.16664386927447       0.458524866471846     
   4.72500000000000        4.16664149970783       0.458524866210769     
   4.75000000000000        4.16663924096117       0.458524865962009     
   4.77500000000000        4.16663708785727       0.458524865724980     
   4.80000000000000        4.16663503545971       0.458524865499122     
   4.82500000000000        4.16663307906353       0.458524865283903     
   4.85000000000000        4.16663121418194       0.458524865078818     
   4.87500000000000        4.16662943653782       0.458524864883385     
   4.90000000000000        4.16662774205422       0.458524864697146     
   4.92500000000000        4.16662612684382       0.458524864519665     
   4.95000000000000        4.16662458720073       0.458524864350528     
   4.97500000000000        4.16662311959248       0.458524864189339     
   5.00000000000000        4.16662172065083       0.458524864035723     
   5.02500000000000        4.16662038716565       0.458524863889321     
   5.05000000000000        4.16661911607584       0.458524863749793     
   5.07500000000000        4.16661790446356       0.458524863616814     
   5.10000000000000        4.16661674954792       0.458524863490076     
   5.12500000000000        4.16661564867681       0.458524863369284     
   5.15000000000000        4.16661459932268       0.458524863254158     
   5.17500000000000        4.16661359907583       0.458524863144430     
   5.20000000000000        4.16661264563934       0.458524863039848     
   5.22500000000000        4.16661173682371       0.458524862940170     
   5.25000000000000        4.16661087054120       0.458524862845163     
   5.27500000000000        4.16661004480209       0.458524862754608     
   5.30000000000000        4.16660925771012       0.458524862668298     
   5.32500000000000        4.16660850745636       0.458524862586031     
   5.35000000000000        4.16660779231738       0.458524862507619     
   5.37500000000000        4.16660711065102       0.458524862432880     
   5.40000000000000        4.16660646088986       0.458524862361641     
   5.42500000000000        4.16660584154193       0.458524862293739     
   5.45000000000000        4.16660525118366       0.458524862229017     
   5.47500000000000        4.16660468845828       0.458524862167325     
   5.50000000000000        4.16660415207309       0.458524862108523     
   5.52500000000000        4.16660364079512       0.458524862052473     
   5.55000000000000        4.16660315344949       0.458524861999048     
   5.57500000000000        4.16660268891618       0.458524861948125     
   5.60000000000000        4.16660224612750       0.458524861899584     
   5.62500000000000        4.16660182406567       0.458524861853317     
   5.65000000000000        4.16660142176100       0.458524861809215     
   5.67500000000000        4.16660103828830       0.458524861767177     
   5.70000000000000        4.16660067276633       0.458524861727108     
   5.72500000000000        4.16660032435486       0.458524861688914     
   5.75000000000000        4.16659999225319       0.458524861652507     
   5.77500000000000        4.16659967569778       0.458524861617804     
   5.80000000000000        4.16659937396084       0.458524861584726     
   5.82500000000000        4.16659908634913       0.458524861553196     
   5.85000000000000        4.16659881220099       0.458524861523142     
   5.87500000000000        4.16659855088634       0.458524861494494     
   5.90000000000000        4.16659830180455       0.458524861467187     
   5.92500000000000        4.16659806438330       0.458524861441159     
   5.95000000000000        4.16659783807616       0.458524861416348     
   5.97500000000000        4.16659762236330       0.458524861392698     
   6.00000000000000        4.16659741674850       0.458524861370156     
   6.02500000000000        4.16659722075914       0.458524861348668     
   6.05000000000000        4.16659703394493       0.458524861328186     
   6.07500000000000        4.16659685587602       0.458524861308663     
   6.10000000000000        4.16659668614307       0.458524861290053     
   6.12500000000000        4.16659652435617       0.458524861272314     
   6.15000000000000        4.16659637014276       0.458524861255405     
   6.17500000000000        4.16659622314885       0.458524861239288     
   6.20000000000000        4.16659608303631       0.458524861223926     
   6.22500000000000        4.16659594948274       0.458524861209282     
   6.25000000000000        4.16659582218177       0.458524861195323     
