  5.000000000000000E-003   110.715680030818     
  1.000000000000000E-002   188.124845234449     
  1.500000000000000E-002   248.594240456712     
  2.000000000000000E-002   296.925479462973     
  2.500000000000000E-002   336.403776235235     
  3.000000000000000E-002   369.253427995078     
  3.500000000000000E-002   397.019767411230     
  4.000000000000000E-002   420.802931483922     
  4.500000000000000E-002   441.405866256389     
  5.000000000000000E-002   459.427652166730     
  5.500000000000000E-002   475.324219936606     
  6.000000000000000E-002   489.448705640115     
  6.500000000000000E-002   502.078945810312     
  7.000000000000001E-002   513.436613158927     
  7.500000000000000E-002   523.700804599752     
  8.000000000000000E-002   533.017865293752     
  8.500000000000001E-002   541.508609359556     
  9.000000000000000E-002   549.273707132397     
  9.500000000000000E-002   556.397759836461     
  0.100000000000000        562.952420260411     
  0.105000000000000        568.998810392621     
  0.110000000000000        574.589414302286     
  0.115000000000000        579.769574701428     
  0.120000000000000        584.578686908581     
  0.125000000000000        589.051159425012     
  0.130000000000000        593.217192804433     
  0.135000000000000        597.103415808141     
  0.140000000000000        600.733408549228     
  0.145000000000000        604.128135458869     
  0.150000000000000        607.306305775338     
  0.155000000000000        610.284675387200     
  0.160000000000000        613.078300919702     
  0.165000000000000        615.700754697532     
  0.170000000000000        618.164307474295     
  0.175000000000000        620.480084462725     
  0.180000000000000        622.658199136833     
  0.185000000000000        624.707868439027     
  0.190000000000000        626.637512359906     
  0.195000000000000        628.454840327524     
  0.200000000000000        630.166926416515     
  0.205000000000000        631.780275043538     
  0.210000000000000        633.300878536353     
  0.215000000000000        634.734267736442     
  0.220000000000000        636.085556608792     
  0.225000000000000        637.359481679236     
  0.230000000000000        638.560436993234     
  0.235000000000000        639.692505184983     
  0.240000000000000        640.759485158360     
  0.245000000000000        641.764916808194     
  0.250000000000000        642.712103149059     
  0.255000000000000        643.604130167306     
  0.260000000000000        644.443884668448     
  0.265000000000000        645.234070355221     
  0.270000000000000        645.977222340282     
  0.275000000000000        646.675720270852     
  0.280000000000000        647.331800219798     
  0.285000000000000        647.947565478142     
  0.290000000000000        648.524996367187     
  0.295000000000000        649.065959174020     
  0.300000000000000        649.572214301692     
  0.305000000000000        650.045423714549     
  0.310000000000000        650.487157749857     
  0.315000000000000        650.898901358713     
  0.320000000000000        651.282059832114     
  0.325000000000000        651.637964061880     
  0.330000000000000        651.967875380676     
  0.335000000000000        652.272990020590     
  0.340000000000000        652.554443225585     
  0.345000000000000        652.813313049336     
  0.350000000000000        653.050623866809     
  0.355000000000000        653.267349624938     
  0.360000000000000        653.464416855242     
  0.365000000000000        653.642707468921     
  0.370000000000000        653.803061352944     
  0.375000000000000        653.946278783798     
  0.380000000000000        654.073122674015     
  0.385000000000000        654.184320665070     
  0.390000000000000        654.280567079031     
  0.395000000000000        654.362524740123     
  0.400000000000000        654.430826676411     
  0.405000000000000        654.486077710790     
  0.410000000000000        654.528855949747     
  0.415000000000000        654.559714177551     
  0.420000000000000        654.579181162885     
  0.425000000000000        654.587762884346     
  0.430000000000000        654.585943680694     
  0.435000000000000        654.574187331252     
  0.440000000000000        654.552938071430     
  0.445000000000000        654.522621547928     
  0.450000000000000        654.483645717853     
  0.455000000000000        654.436401695614     
  0.460000000000000        654.381264551199     
  0.465000000000000        654.318594063131     
  0.470000000000000        654.248735429177     
  0.475000000000000        654.172019937618     
  0.480000000000000        654.088765601712     
  0.485000000000000        653.999277759737     
  0.490000000000000        653.903849642863     
  0.495000000000000        653.802762912897     
  0.500000000000000        653.696288171795     
  0.505000000000000        653.584685444715     
  0.510000000000000        653.468204638204     
  0.515000000000000        653.347085975040     
  0.520000000000000        653.221560407110     
  0.525000000000000        653.091850007594     
  0.530000000000000        652.958168343682     
  0.535000000000000        652.820720830899     
  0.540000000000000        652.679705070099     
  0.545000000000000        652.535311168101     
  0.550000000000000        652.387722042841     
  0.555000000000000        652.237113713945     
  0.560000000000000        652.083655579483     
  0.565000000000000        651.927510679685     
  0.570000000000000        651.768835948334     
  0.575000000000000        651.607782452499     
  0.580000000000000        651.444495621265     
  0.585000000000000        651.279115464052     
  0.590000000000000        651.111776779093     
  0.595000000000000        650.942609352612     
  0.600000000000000        650.771738149206     
  0.605000000000000        650.599283493900     
  0.610000000000000        650.425361246316     
  0.615000000000000        650.250082967391     
  0.620000000000000        650.073556078983     
  0.625000000000000        649.895884016783     
  0.630000000000000        649.717166376817     
  0.635000000000000        649.537499055880     
  0.640000000000000        649.356974386171     
  0.645000000000000        649.175681264410     
  0.650000000000000        648.993705275685     
  0.655000000000000        648.811128812267     
  0.660000000000000        648.628031187612     
  0.665000000000000        648.444488745761     
  0.670000000000000        648.260574966350     
  0.675000000000000        648.076360565407     
  0.680000000000000        647.891913592129     
  0.685000000000000        647.707299521822     
  0.690000000000000        647.522581345168     
  0.695000000000000        647.337819653988     
  0.700000000000000        647.153072723668     
  0.705000000000000        646.968396592401     
  0.710000000000000        646.783845137396     
  0.715000000000000        646.599470148187     
  0.720000000000000        646.415321397204     
  0.725000000000000        646.231446707713     
  0.730000000000000        646.047892019257     
  0.735000000000000        645.864701450718     
  0.740000000000000        645.681917361104     
  0.745000000000000        645.499580408159     
  0.750000000000000        645.317729604885     
  0.755000000000000        645.136402374082     
  0.760000000000000        644.955634600960     
  0.765000000000000        644.775460683909     
  0.770000000000000        644.595913583494     
  0.775000000000000        644.417024869741     
  0.780000000000000        644.238824767759     
  0.785000000000000        644.061342201787     
  0.790000000000000        643.884604837675     
  0.795000000000000        643.708639123898     
  0.800000000000000        643.533470331129     
  0.805000000000000        643.359122590423     
  0.810000000000000        643.185618930083     
  0.815000000000000        643.012981311233     
  0.820000000000000        642.841230662178     
  0.825000000000000        642.670386911571     
  0.830000000000000        642.500469020468     
  0.835000000000000        642.331495013296     
  0.840000000000000        642.163482007793     
  0.845000000000000        641.996446243970     
  0.850000000000000        641.830403112123     
  0.855000000000000        641.665367179951     
  0.860000000000000        641.501352218821     
  0.865000000000000        641.338371229190     
  0.870000000000000        641.176436465251     
  0.875000000000000        641.015559458804     
  0.880000000000000        640.855751042396     
  0.885000000000000        640.697021371745     
  0.890000000000000        640.539379947472     
  0.895000000000000        640.382835636164     
  0.900000000000000        640.227396690777     
  0.905000000000000        640.073070770409     
  0.910000000000000        639.919864959451     
  0.915000000000000        639.767785786132     
  0.920000000000000        639.616839240481     
  0.925000000000000        639.467030791717     
  0.930000000000000        639.318365405088     
  0.935000000000000        639.170847558176     
  0.940000000000000        639.024481256687     
  0.945000000000000        638.879270049743     
  0.950000000000000        638.735217044700     
  0.955000000000000        638.592324921510     
  0.960000000000000        638.450595946643     
  0.965000000000000        638.310031986597     
  0.970000000000000        638.170634521001     
  0.975000000000000        638.032404655349     
  0.980000000000000        637.895343133348     
  0.985000000000000        637.759450348943     
  0.990000000000000        637.624726357981     
  0.995000000000000        637.491170889564     
   1.00000000000000        637.358783357082     
   1.00500000000000        637.227562868943     
   1.01000000000000        637.097508239005     
   1.01500000000000        636.968617996716     
   1.02000000000000        636.840890396965     
   1.02500000000000        636.714323429667     
   1.03000000000000        636.588914829057     
   1.03500000000000        636.464662082724     
   1.04000000000000        636.341562440380     
   1.04500000000000        636.219612922364     
   1.05000000000000        636.098810327907     
   1.05500000000000        635.979151243138     
   1.06000000000000        635.860632048858     
   1.06500000000000        635.743248928083     
   1.07000000000000        635.626997873367     
   1.07500000000000        635.511874693909     
   1.08000000000000        635.397875022460     
   1.08500000000000        635.284994322032     
   1.09000000000000        635.173227892421     
   1.09500000000000        635.062570876559     
   1.10000000000000        634.953018266687     
   1.10500000000000        634.844564910371     
   1.11000000000000        634.737205516366     
   1.11500000000000        634.630934660322     
   1.12000000000000        634.525746790352     
   1.12500000000000        634.421636232452     
   1.13000000000000        634.318597195790     
   1.13500000000000        634.216623777850     
   1.14000000000000        634.115709969450     
   1.14500000000000        634.015849659630     
   1.15000000000000        633.917036640392     
   1.15500000000000        633.819264611327     
   1.16000000000000        633.722527184117     
   1.16500000000000        633.626817886883     
   1.17000000000000        633.532130168446     
   1.17500000000000        633.438457402431     
   1.18000000000000        633.345792891277     
   1.18500000000000        633.254129870114     
   1.19000000000000        633.163461510539     
   1.19500000000000        633.073780924279     
   1.20000000000000        632.985081166749     
   1.20500000000000        632.897355240514     
   1.21000000000000        632.810596098658     
   1.21500000000000        632.724796648059     
   1.22000000000000        632.639949752578     
   1.22500000000000        632.556048236169     
   1.23000000000000        632.473084885916     
   1.23500000000000        632.391052454979     
   1.24000000000000        632.309943665484     
   1.24500000000000        632.229751211330     
   1.25000000000000        632.150467760935     
   1.25500000000000        632.072085959907     
   1.26000000000000        631.994598433648     
   1.26500000000000        631.917997789893     
   1.27000000000000        631.842276621179     
   1.27500000000000        631.767427507246     
   1.28000000000000        631.693443017369     
   1.28500000000000        631.620315712631     
   1.29000000000000        631.548038148114     
   1.29500000000000        631.476602875036     
   1.30000000000000        631.406002442819     
   1.30500000000000        631.336229401093     
   1.31000000000000        631.267276301635     
   1.31500000000000        631.199135700253     
   1.32000000000000        631.131800158610     
   1.32500000000000        631.065262245992     
   1.33000000000000        630.999514541020     
   1.33500000000000        630.934549633319     
   1.34000000000000        630.870360125134     
   1.34500000000000        630.806938632899     
   1.35000000000000        630.744277788770     
   1.35500000000000        630.682370242100     
   1.36000000000000        630.621208660894     
   1.36500000000000        630.560785733212     
   1.37000000000000        630.501094168531     
   1.37500000000000        630.442126699080     
   1.38000000000000        630.383876081126     
   1.38500000000000        630.326335096224     
   1.39000000000000        630.269496552438     
   1.39500000000000        630.213353285506     
   1.40000000000000        630.157898159987     
   1.40500000000000        630.103124070349     
   1.41000000000000        630.049023942027     
   1.41500000000000        629.995590732448     
   1.42000000000000        629.942817432003     
   1.42500000000000        629.890697064990     
   1.43000000000000        629.839222690522     
   1.43500000000000        629.788387403387     
   1.44000000000000        629.738184334883     
   1.44500000000000        629.688606653620     
   1.45000000000000        629.639647566275     
   1.45500000000000        629.591300318338     
   1.46000000000000        629.543558194806     
   1.46500000000000        629.496414520868     
   1.47000000000000        629.449862662552     
   1.47500000000000        629.403896027346     
   1.48000000000000        629.358508064803     
   1.48500000000000        629.313692267116     
   1.49000000000000        629.269442169665     
   1.49500000000000        629.225751351558     
   1.50000000000000        629.182613436124     
   1.50500000000000        629.140022091405     
   1.51000000000000        629.097971030616     
   1.51500000000000        629.056454012581     
   1.52000000000000        629.015464842144     
   1.52500000000000        628.974997370563     
   1.53000000000000        628.935045495873     
   1.53500000000000        628.895603163228     
   1.54000000000000        628.856664365218     
   1.54500000000000        628.818223142165     
   1.55000000000000        628.780273582393     
   1.55500000000000        628.742809822470     
   1.56000000000000        628.705826047442     
   1.56500000000000        628.669316491030     
   1.57000000000000        628.633275435819     
   1.57500000000000        628.597697213417     
   1.58000000000000        628.562576204608     
   1.58500000000000        628.527906839473     
   1.59000000000000        628.493683597505     
   1.59500000000000        628.459901007710     
   1.60000000000000        628.426553648681     
   1.60500000000000        628.393636148672     
   1.61000000000000        628.361143185647     
   1.61500000000000        628.329069487323     
   1.62000000000000        628.297409831196     
   1.62500000000000        628.266159044552     
   1.63000000000000        628.235312004474     
   1.63500000000000        628.204863637820     
   1.64000000000000        628.174808921205     
   1.64500000000000        628.145142880952     
   1.65000000000000        628.115860593046     
   1.65500000000000        628.086957183060     
   1.66000000000000        628.058427826073     
   1.66500000000000        628.030267746581     
   1.67000000000000        628.002472218379     
   1.67500000000000        627.975036564444     
   1.68000000000000        627.947956156798     
   1.68500000000000        627.921226416361     
   1.69000000000000        627.894842812792     
   1.69500000000000        627.868800864318     
   1.70000000000000        627.843096137555     
   1.70500000000000        627.817724247320     
   1.71000000000000        627.792680856429     
   1.71500000000000        627.767961675490     
   1.72000000000000        627.743562462699     
   1.72500000000000        627.719479023602     
   1.73000000000000        627.695707210879     
   1.73500000000000        627.672242924109     
   1.74000000000000        627.649082109525     
   1.74500000000000        627.626220759770     
   1.75000000000000        627.603654913641     
   1.75500000000000        627.581380655836     
   1.76000000000000        627.559394116686     
   1.76500000000000        627.537691471882     
   1.77000000000000        627.516268942201     
   1.77500000000000        627.495122793220     
   1.78000000000000        627.474249335026     
   1.78500000000000        627.453644921923     
   1.79000000000000        627.433305952123     
   1.79500000000000        627.413228867444     
   1.80000000000000        627.393410152992     
   1.80500000000000        627.373846336842     
   1.81000000000000        627.354533989714     
   1.81500000000000        627.335469724644     
   1.82000000000000        627.316650196652     
   1.82500000000000        627.298072102401     
   1.83000000000000        627.279732179862     
   1.83500000000000        627.261627207969     
   1.84000000000000        627.243754006277     
   1.84500000000000        627.226109434613     
   1.85000000000000        627.208690392727     
   1.85500000000000        627.191493819947     
   1.86000000000000        627.174516694825     
   1.86500000000000        627.157756034788     
   1.87000000000000        627.141208895783     
   1.87500000000000        627.124872371926     
   1.88000000000000        627.108743595148     
   1.88500000000000        627.092819734837     
   1.89000000000000        627.077097997485     
   1.89500000000000        627.061575626326     
   1.90000000000000        627.046249900981     
   1.90500000000000        627.031118137098     
   1.91000000000000        627.016177685987     
   1.91500000000000        627.001425934261     
   1.92000000000000        626.986860303472     
   1.92500000000000        626.972478249744     
   1.93000000000000        626.958277263413     
   1.93500000000000        626.944254868661     
   1.94000000000000        626.930408623144     
   1.94500000000000        626.916736117638     
   1.95000000000000        626.903234975667     
   1.95500000000000        626.889902853146     
   1.96000000000000        626.876737438012     
   1.96500000000000        626.863736449865     
   1.97000000000000        626.850897639614     
   1.97500000000000        626.838218789114     
   1.98000000000000        626.825697710813     
   1.98500000000000        626.813332247396     
   1.99000000000000        626.801120271440     
   1.99500000000000        626.789059685056     
   2.00000000000000        626.777148419543     
   2.00500000000000        626.765384435049     
   2.01000000000000        626.753765720218     
   2.01500000000000        626.742290291854     
   2.02000000000000        626.730956194576     
   2.02500000000000        626.719761500482     
   2.03000000000000        626.708704308808     
   2.03500000000000        626.697782745595     
   2.04000000000000        626.686994963353     
   2.04500000000000        626.676339140729     
   2.05000000000000        626.665813482173     
   2.05500000000000        626.655416217613     
   2.06000000000000        626.645145602125     
   2.06500000000000        626.634999915606     
   2.07000000000000        626.624977462459     
   2.07500000000000        626.615076571263     
   2.08000000000000        626.605295594462     
   2.08500000000000        626.595632908047     
   2.09000000000000        626.586086911249     
   2.09500000000000        626.576656026223     
   2.10000000000000        626.567338697747     
   2.10500000000000        626.558133392919     
   2.11000000000000        626.549038600860     
   2.11500000000000        626.540052832410     
   2.12000000000000        626.531174619843     
   2.12500000000000        626.522402516572     
   2.13000000000000        626.513735096863     
   2.13500000000000        626.505170955551     
   2.14000000000000        626.496708707755     
   2.14500000000000        626.488346988604     
   2.15000000000000        626.480084452954     
   2.15500000000000        626.471919775121     
   2.16000000000000        626.463851648601     
   2.16500000000000        626.455878785805     
   2.17000000000000        626.447999917796     
   2.17500000000000        626.440213794019     
   2.18000000000000        626.432519182040     
   2.18500000000000        626.424914867292     
   2.19000000000000        626.417399652812     
   2.19500000000000        626.409972358993     
   2.20000000000000        626.402631823334     
   2.20500000000000        626.395376900186     
   2.21000000000000        626.388206460518     
   2.21500000000000        626.381119391668     
   2.22000000000000        626.374114597107     
   2.22500000000000        626.367190996207     
   2.23000000000000        626.360347524004     
   2.23500000000000        626.353583130976     
   2.24000000000000        626.346896782813     
   2.24500000000000        626.340287460195     
   2.25000000000000        626.333754158574     
   2.25500000000000        626.327295887954     
   2.26000000000000        626.320911672683     
   2.26500000000000        626.314600551233     
   2.27000000000000        626.308361575999     
   2.27500000000000        626.302193813088     
   2.28000000000000        626.296096342118     
   2.28500000000000        626.290068256012     
   2.29000000000000        626.284108660806     
   2.29500000000000        626.278216675444     
   2.30000000000000        626.272391431591     
   2.30500000000000        626.266632073438     
   2.31000000000000        626.260937757512     
   2.31500000000000        626.255307652491     
   2.32000000000000        626.249740939019     
   2.32500000000000        626.244236809525     
   2.33000000000000        626.238794468042     
   2.33500000000000        626.233413130034     
   2.34000000000000        626.228092022220     
   2.34500000000000        626.222830382401     
   2.35000000000000        626.217627459297     
   2.35500000000000        626.212482512375     
   2.36000000000000        626.207394811692     
   2.36500000000000        626.202363637728     
   2.37000000000000        626.197388281233     
   2.37500000000000        626.192468043064     
   2.38000000000000        626.187602234039     
   2.38500000000000        626.182790174781     
   2.39000000000000        626.178031195569     
   2.39500000000000        626.173324636192     
   2.40000000000000        626.168669845802     
   2.40500000000000        626.164066182772     
   2.41000000000000        626.159513014551     
   2.41500000000000        626.155009717531     
   2.42000000000000        626.150555676905     
   2.42500000000000        626.146150286533     
   2.43000000000000        626.141792948804     
   2.43500000000000        626.137483074514     
   2.44000000000000        626.133220082725     
   2.44500000000000        626.129003400645     
   2.45000000000000        626.124832463500     
   2.45500000000000        626.120706714409     
   2.46000000000000        626.116625604263     
   2.46500000000000        626.112588591606     
   2.47000000000000        626.108595142517     
   2.47500000000000        626.104644730493     
   2.48000000000000        626.100736836336     
   2.48500000000000        626.096870948041     
   2.49000000000000        626.093046560686     
   2.49500000000000        626.089263176324     
   2.50000000000000        626.085520303872     
   2.52500000000000        626.067578768781     
   2.55000000000000        626.050560659359     
   2.57500000000000        626.034413029167     
   2.60000000000000        626.019086657808     
   2.62500000000000        626.004535614038     
   2.65000000000000        625.990716953929     
   2.67500000000000        625.977590474948     
   2.70000000000000        625.965118502879     
   2.72500000000000        625.953265702231     
   2.75000000000000        625.941998905141     
   2.77500000000000        625.931286955755     
   2.80000000000000        625.921100567993     
   2.82500000000000        625.911412195100     
   2.85000000000000        625.902195909717     
   2.87500000000000        625.893427293456     
   2.90000000000000        625.885083335125     
   2.92500000000000        625.877142336844     
   2.95000000000000        625.869583827375     
   2.97500000000000        625.862388482033     
   3.00000000000000        625.855538048647     
   3.02500000000000        625.849015279013     
   3.05000000000000        625.842803865464     
   3.07500000000000        625.836888382078     
   3.10000000000000        625.831254230161     
   3.12500000000000        625.825887587671     
   3.15000000000000        625.820775362247     
   3.17500000000000        625.815905147559     
   3.20000000000000        625.811265182702     
   3.22500000000000        625.806844314418     
   3.25000000000000        625.802631961894     
   3.27500000000000        625.798618083944     
   3.30000000000000        625.794793148396     
   3.32500000000000        625.791148103500     
   3.35000000000000        625.787674351202     
   3.37500000000000        625.784363722168     
   3.40000000000000        625.781208452370     
   3.42500000000000        625.778201161185     
   3.45000000000000        625.775334830840     
   3.47500000000000        625.772602787127     
   3.50000000000000        625.769998681298     
   3.52500000000000        625.767516473041     
   3.55000000000000        625.765150414486     
   3.57500000000000        625.762895035130     
   3.60000000000000        625.760745127648     
   3.62500000000000        625.758695734526     
   3.65000000000000        625.756742135441     
   3.67500000000000        625.754879835360     
   3.70000000000000        625.753104553295     
   3.72500000000000        625.751412211674     
   3.75000000000000        625.749798926306     
   3.77500000000000        625.748260996866     
   3.80000000000000        625.746794897911     
   3.82500000000000        625.745397270350     
   3.85000000000000        625.744064913379     
   3.87500000000000        625.742794776828     
   3.90000000000000        625.741583953903     
   3.92500000000000        625.740429674301     
   3.95000000000000        625.739329297681     
   3.97500000000000        625.738280307452     
   4.00000000000000        625.737280304883     
   4.02500000000000        625.736327003509     
   4.05000000000000        625.735418223804     
   4.07500000000000        625.734551888126     
   4.10000000000000        625.733726015901     
   4.12500000000000        625.732938719055     
   4.15000000000000        625.732188197654     
   4.17500000000000        625.731472735766     
   4.20000000000000        625.730790697516     
   4.22500000000000        625.730140523334     
   4.25000000000000        625.729520726378     
   4.27500000000000        625.728929889137     
   4.30000000000000        625.728366660181     
   4.32500000000000        625.727829751081     
   4.35000000000000        625.727317933466     
   4.37500000000000        625.726830036217     
   4.40000000000000        625.726364942801     
   4.42500000000000        625.725921588724     
   4.45000000000000        625.725498959107     
   4.47500000000000        625.725096086376     
   4.50000000000000        625.724712048052     
   4.52500000000000        625.724345964661     
   4.55000000000000        625.723996997727     
   4.57500000000000        625.723664347858     
   4.60000000000000        625.723347252941     
   4.62500000000000        625.723044986395     
   4.65000000000000        625.722756855519     
   4.67500000000000        625.722482199917     
   4.70000000000000        625.722220389998     
   4.72500000000000        625.721970825535     
   4.75000000000000        625.721732934304     
   4.77500000000000        625.721506170780     
   4.80000000000000        625.721290014893     
   4.82500000000000        625.721083970839     
   4.85000000000000        625.720887565956     
   4.87500000000000        625.720700349646     
   4.90000000000000        625.720521892345     
   4.92500000000000        625.720351784543     
   4.95000000000000        625.720189635850     
   4.97500000000000        625.720035074106     
   5.00000000000000        625.719887744537     
   5.02500000000000        625.719747308933     
   5.05000000000000        625.719613444884     
   5.07500000000000        625.719485845044     
   5.10000000000000        625.719364216422     
   5.12500000000000        625.719248279721     
   5.15000000000000        625.719137768693     
   5.17500000000000        625.719032429535     
   5.20000000000000        625.718932020301     
   5.22500000000000        625.718836310360     
   5.25000000000000        625.718745079858     
   5.27500000000000        625.718658119219     
   5.30000000000000        625.718575228667     
   5.32500000000000        625.718496217762     
   5.35000000000000        625.718420904974     
   5.37500000000000        625.718349117261     
   5.40000000000000        625.718280689670     
   5.42500000000000        625.718215464963     
   5.45000000000000        625.718153293257     
   5.47500000000000        625.718094031681     
   5.50000000000000        625.718037544044     
   5.52500000000000        625.717983700527     
   5.55000000000000        625.717932377383     
   5.57500000000000        625.717883456655     
   5.60000000000000        625.717836825904     
   5.62500000000000        625.717792377951     
   5.65000000000000        625.717750010632     
   5.67500000000000        625.717709626564     
   5.70000000000000        625.717671132919     
   5.72500000000000        625.717634441217     
   5.75000000000000        625.717599467112     
   5.77500000000000        625.717566130207     
   5.80000000000000        625.717534353870     
   5.82500000000000        625.717504065053     
   5.85000000000000        625.717475194129     
   5.87500000000000        625.717447674723     
   5.90000000000000        625.717421443574     
   5.92500000000000        625.717396440377     
   5.95000000000000        625.717372607653     
   5.97500000000000        625.717349890608     
   6.00000000000000        625.717328237020     
   6.02500000000000        625.717307597105     
   6.05000000000000        625.717287923411     
   6.07500000000000        625.717269170708     
   6.10000000000000        625.717251295885     
   6.12500000000000        625.717234257843     
   6.15000000000000        625.717218017410     
   6.17500000000000        625.717202537251     
   6.20000000000000        625.717187781774     
   6.22500000000000        625.717173717054     
   6.25000000000000        625.717160310755     
