  5.000000000000000E-003   150.106247459473     
  1.000000000000000E-002   299.561001619061     
  1.500000000000000E-002   452.307825010289     
  2.000000000000000E-002   576.846592436968     
  2.500000000000000E-002   697.418830331457     
  3.000000000000000E-002   811.162583839079     
  3.500000000000000E-002   915.316747769449     
  4.000000000000000E-002   1011.51860602720     
  4.500000000000000E-002   1099.68939471655     
  5.000000000000000E-002   1180.48856877321     
  5.500000000000000E-002   1253.71631464567     
  6.000000000000000E-002   1323.44853758309     
  6.500000000000000E-002   1381.96330147949     
  7.000000000000001E-002   1441.18895705230     
  7.500000000000000E-002   1489.19531076679     
  8.000000000000000E-002   1535.82462554543     
  8.500000000000001E-002   1576.88048981090     
  9.000000000000000E-002   1616.46909902625     
  9.500000000000000E-002   1652.96605760103     
  0.100000000000000        1680.55037069536     
  0.105000000000000        1710.15332151795     
  0.110000000000000        1737.88368792296     
  0.115000000000000        1762.39852245092     
  0.120000000000000        1783.23486871227     
  0.125000000000000        1800.07909327848     
  0.130000000000000        1817.74405331198     
  0.135000000000000        1836.66989739596     
  0.140000000000000        1849.66135185326     
  0.145000000000000        1860.91150683985     
  0.150000000000000        1873.35658098403     
  0.155000000000000        1885.44873082467     
  0.160000000000000        1895.54839190997     
  0.165000000000000        1900.33150904341     
  0.170000000000000        1907.97700704317     
  0.175000000000000        1916.08930691305     
  0.180000000000000        1922.70116106849     
  0.185000000000000        1924.61617286043     
  0.190000000000000        1930.30781606871     
  0.195000000000000        1934.25418209957     
  0.200000000000000        1937.68852114313     
  0.205000000000000        1940.79182270055     
  0.210000000000000        1943.76132540212     
  0.215000000000000        1945.49149822794     
  0.220000000000000        1947.26848212220     
  0.225000000000000        1947.34335387897     
  0.230000000000000        1948.56433918739     
  0.235000000000000        1949.40749122020     
  0.240000000000000        1948.06091257147     
  0.245000000000000        1946.18488076406     
  0.250000000000000        1944.27015874408     
  0.255000000000000        1944.55218398114     
  0.260000000000000        1945.47099935542     
  0.265000000000000        1944.28431085239     
  0.270000000000000        1942.17069518338     
  0.275000000000000        1941.89428141541     
  0.280000000000000        1939.70378107209     
  0.285000000000000        1937.81734878454     
  0.290000000000000        1936.48248997672     
  0.295000000000000        1934.03132749621     
  0.300000000000000        1931.10756471464     
  0.305000000000000        1929.85315250049     
  0.310000000000000        1927.81799582169     
  0.315000000000000        1926.19390575919     
  0.320000000000000        1925.18391835733     
  0.325000000000000        1921.57198475978     
  0.330000000000000        1920.26240572771     
  0.335000000000000        1916.60129798369     
  0.340000000000000        1912.97176465655     
  0.345000000000000        1908.11891819407     
  0.350000000000000        1905.14654024637     
  0.355000000000000        1901.94601128139     
  0.360000000000000        1898.08031596727     
  0.365000000000000        1893.85041553502     
  0.370000000000000        1891.09328753577     
  0.375000000000000        1888.09219226089     
  0.380000000000000        1885.87241932751     
  0.385000000000000        1882.89144494257     
  0.390000000000000        1879.51728589954     
  0.395000000000000        1876.49033126372     
  0.400000000000000        1873.93715138573     
  0.405000000000000        1869.00050333369     
  0.410000000000000        1865.75963009719     
  0.415000000000000        1862.30233027947     
  0.420000000000000        1859.38866049256     
  0.425000000000000        1856.72056665811     
  0.430000000000000        1854.05070852327     
  0.435000000000000        1850.65977589856     
  0.440000000000000        1848.06498041747     
  0.445000000000000        1845.24029467329     
  0.450000000000000        1841.95955818272     
  0.455000000000000        1838.77807491183     
  0.460000000000000        1835.40574904477     
  0.465000000000000        1831.87230972953     
  0.470000000000000        1828.43143994965     
  0.475000000000000        1825.29904704535     
  0.480000000000000        1822.36982184836     
  0.485000000000000        1818.66965359861     
  0.490000000000000        1815.90986580571     
  0.495000000000000        1813.12824394754     
  0.500000000000000        1809.16945076205     
  0.505000000000000        1806.50535857250     
  0.510000000000000        1802.94392873911     
  0.515000000000000        1800.13180196404     
  0.520000000000000        1797.39695103288     
  0.525000000000000        1794.61286899370     
  0.530000000000000        1791.30578980092     
  0.535000000000000        1788.50773055962     
  0.540000000000000        1785.33424800033     
  0.545000000000000        1781.67254516482     
  0.550000000000000        1778.97712256852     
  0.555000000000000        1776.20828629911     
  0.560000000000000        1773.58025053087     
  0.565000000000000        1770.27157328560     
  0.570000000000000        1767.66618038519     
  0.575000000000000        1765.01610992781     
  0.580000000000000        1762.48347159287     
  0.585000000000000        1759.92878061180     
  0.590000000000000        1757.32566026937     
  0.595000000000000        1754.29221440190     
  0.600000000000000        1751.82261268434     
  0.605000000000000        1748.75539271429     
  0.610000000000000        1746.29172698565     
  0.615000000000000        1743.79877903315     
  0.620000000000000        1741.33281604302     
  0.625000000000000        1738.89512522091     
  0.630000000000000        1736.44773492816     
  0.635000000000000        1733.58178691114     
  0.640000000000000        1730.64874917702     
  0.645000000000000        1728.07478926758     
  0.650000000000000        1725.65461744048     
  0.655000000000000        1722.87160711421     
  0.660000000000000        1720.49146498893     
  0.665000000000000        1718.16427148811     
  0.670000000000000        1715.83427713632     
  0.675000000000000        1713.37274227971     
  0.680000000000000        1710.80832578493     
  0.685000000000000        1708.17226731313     
  0.690000000000000        1705.39962500340     
  0.695000000000000        1701.97707170442     
  0.700000000000000        1699.69677872559     
  0.705000000000000        1697.26220323388     
  0.710000000000000        1695.05879912840     
  0.715000000000000        1692.78458358954     
  0.720000000000000        1689.86534257732     
  0.725000000000000        1687.71711739060     
  0.730000000000000        1685.36831570542     
  0.735000000000000        1683.23510418201     
  0.740000000000000        1681.01183228662     
  0.745000000000000        1678.92110376767     
  0.750000000000000        1676.84522324648     
  0.755000000000000        1674.78579717617     
  0.760000000000000        1672.74427118016     
  0.765000000000000        1670.72071008854     
  0.770000000000000        1668.70238659429     
  0.775000000000000        1666.68470474344     
  0.780000000000000        1664.76210583361     
  0.785000000000000        1662.81021494849     
  0.790000000000000        1660.38305578528     
  0.795000000000000        1658.09239569029     
  0.800000000000000        1656.18238842321     
  0.805000000000000        1654.29723718956     
  0.810000000000000        1651.91210594895     
  0.815000000000000        1650.07461477510     
  0.820000000000000        1647.76020793598     
  0.825000000000000        1645.93181543428     
  0.830000000000000        1644.12376285640     
  0.835000000000000        1642.35300930321     
  0.840000000000000        1640.58435970529     
  0.845000000000000        1638.85722554783     
  0.850000000000000        1637.10778220133     
  0.855000000000000        1635.38271591664     
  0.860000000000000        1633.32754047974     
  0.865000000000000        1631.63275980647     
  0.870000000000000        1629.84604926557     
  0.875000000000000        1628.18237140016     
  0.880000000000000        1626.52998985671     
  0.885000000000000        1624.88837026634     
  0.890000000000000        1623.26201984368     
  0.895000000000000        1621.30763143759     
  0.900000000000000        1619.34093938998     
  0.905000000000000        1617.71855077908     
  0.910000000000000        1616.15337685267     
  0.915000000000000        1614.60311684426     
  0.920000000000000        1613.06769569143     
  0.925000000000000        1611.55083339094     
  0.930000000000000        1610.04487504514     
  0.935000000000000        1608.55362903470     
  0.940000000000000        1607.07678992338     
  0.945000000000000        1605.61440377972     
  0.950000000000000        1603.84355790059     
  0.955000000000000        1602.44223432377     
  0.960000000000000        1601.02461271220     
  0.965000000000000        1599.61983279722     
  0.970000000000000        1598.22910114373     
  0.975000000000000        1596.85233666394     
  0.980000000000000        1595.21559588245     
  0.985000000000000        1593.87400155016     
  0.990000000000000        1592.84579204372     
  0.995000000000000        1591.52376317828     
   1.00000000000000        1590.39400163657     
   1.00500000000000        1589.09868203532     
   1.01000000000000        1587.81676094580     
   1.01500000000000        1586.54815471157     
   1.02000000000000        1585.29277944822     
   1.02500000000000        1584.13237672847     
   1.03000000000000        1582.90307693375     
   1.03500000000000        1582.01936950603     
   1.04000000000000        1580.82493291406     
   1.04500000000000        1579.63374651946     
   1.05000000000000        1578.45528989247     
   1.05500000000000        1577.28947795575     
   1.06000000000000        1576.13622550642     
   1.06500000000000        1574.99544722856     
   1.07000000000000        1573.87354649578     
   1.07500000000000        1572.77146060001     
   1.08000000000000        1571.66758615373     
   1.08500000000000        1570.57584310102     
   1.09000000000000        1569.49614571801     
   1.09500000000000        1568.42840822377     
   1.10000000000000        1567.64028761094     
   1.10500000000000        1566.59594447756     
   1.11000000000000        1565.62191463014     
   1.11500000000000        1564.60080489210     
   1.12000000000000        1563.59122749132     
   1.12500000000000        1562.59549423498     
   1.13000000000000        1561.60872492833     
   1.13500000000000        1560.63323005004     
   1.14000000000000        1559.66892368463     
   1.14500000000000        1558.71571993185     
   1.15000000000000        1557.77353291216     
   1.15500000000000        1556.84227677129     
   1.16000000000000        1555.92186569146     
   1.16500000000000        1555.01221389414     
   1.17000000000000        1554.11323564649     
   1.17500000000000        1553.22484526931     
   1.18000000000000        1552.34695714356     
   1.18500000000000        1551.47948571566     
   1.19000000000000        1550.62234550276     
   1.19500000000000        1549.77545110263     
   1.20000000000000        1548.93871719603     
   1.20500000000000        1548.11420069436     
   1.21000000000000        1547.29753172703     
   1.21500000000000        1546.49076779108     
   1.22000000000000        1545.69382397091     
   1.22500000000000        1544.90661547148     
   1.23000000000000        1544.14931000149     
   1.23500000000000        1543.38129986723     
   1.24000000000000        1542.62277158573     
   1.24500000000000        1541.87364089261     
   1.25000000000000        1541.13382367294     
   1.25500000000000        1540.40323596680     
   1.26000000000000        1539.68179397666     
   1.26500000000000        1538.96941407315     
   1.27000000000000        1538.26601280360     
   1.27500000000000        1537.57150689550     
   1.28000000000000        1536.88581326782     
   1.28500000000000        1536.20884903362     
   1.29000000000000        1535.89833773871     
   1.29500000000000        1535.23825797770     
   1.30000000000000        1534.58666329678     
   1.30500000000000        1533.94347165574     
   1.31000000000000        1533.34645812864     
   1.31500000000000        1532.71979249643     
   1.32000000000000        1532.10128563782     
   1.32500000000000        1531.80889977061     
   1.33000000000000        1531.20620641469     
   1.33500000000000        1530.61143188474     
   1.34000000000000        1530.02449588742     
   1.34500000000000        1529.44531840714     
   1.35000000000000        1528.87381971392     
   1.35500000000000        1528.30992037261     
   1.36000000000000        1527.75354124525     
   1.36500000000000        1527.20460350195     
   1.37000000000000        1526.66302862762     
   1.37500000000000        1526.12873842758     
   1.38000000000000        1525.60165503458     
   1.38500000000000        1525.08170091690     
   1.39000000000000        1524.56879888493     
   1.39500000000000        1524.49442317272     
   1.40000000000000        1523.99502736672     
   1.40500000000000        1523.59423724574     
   1.41000000000000        1523.10834858560     
   1.41500000000000        1522.62913673943     
   1.42000000000000        1522.15305249561     
   1.42500000000000        1521.68697454005     
   1.43000000000000        1521.22734938222     
   1.43500000000000        1520.77410316147     
   1.44000000000000        1520.32716242263     
   1.44500000000000        1519.88645412511     
   1.45000000000000        1519.45190564807     
   1.45500000000000        1519.02344479596     
   1.46000000000000        1518.60099980597     
   1.46500000000000        1518.19643246258     
   1.47000000000000        1517.78580715786     
   1.47500000000000        1517.38098500725     
   1.48000000000000        1517.13021735186     
   1.48500000000000        1516.73463833084     
   1.49000000000000        1516.34671541388     
   1.49500000000000        1515.96431981638     
   1.50000000000000        1515.58738340904     
   1.50500000000000        1515.21583854182     
   1.51000000000000        1514.84961804852     
   1.51500000000000        1514.48865525149     
   1.52000000000000        1514.13288396432     
   1.52500000000000        1514.19142135082     
   1.53000000000000        1513.84558918931     
   1.53500000000000        1513.50475601446     
   1.54000000000000        1513.16885761866     
   1.54500000000000        1512.83783030568     
   1.55000000000000        1512.52912238190     
   1.55500000000000        1512.63447772209     
   1.56000000000000        1512.31743257886     
   1.56500000000000        1512.00501216359     
   1.57000000000000        1511.69715534824     
   1.57500000000000        1511.39380153730     
   1.58000000000000        1511.09489066713     
   1.58500000000000        1510.80036320894     
   1.59000000000000        1510.51016016965     
   1.59500000000000        1510.22422309569     
   1.60000000000000        1509.94249407485     
   1.60500000000000        1509.66491573528     
   1.61000000000000        1509.39143125044     
   1.61500000000000        1509.12198433840     
   1.62000000000000        1508.85651926266     
   1.62500000000000        1508.67522069190     
   1.63000000000000        1508.40921941682     
   1.63500000000000        1508.15535024933     
   1.64000000000000        1507.90524564491     
   1.64500000000000        1507.65885260931     
   1.65000000000000        1507.41611869679     
   1.65500000000000        1507.21837680899     
   1.66000000000000        1506.98279553764     
   1.66500000000000        1506.75071943336     
   1.67000000000000        1506.52209824727     
   1.67500000000000        1506.29688228151     
   1.68000000000000        1506.07502238288     
   1.68500000000000        1505.85646994727     
   1.69000000000000        1505.64117691539     
   1.69500000000000        1505.42909577264     
   1.70000000000000        1505.22017954943     
   1.70500000000000        1505.01438181627     
   1.71000000000000        1504.81165668579     
   1.71500000000000        1504.61195880835     
   1.72000000000000        1504.41301804127     
   1.72500000000000        1504.21924209751     
   1.73000000000000        1504.02836055921     
   1.73500000000000        1503.84033021546     
   1.74000000000000        1503.65175864988     
   1.74500000000000        1503.46930550954     
   1.75000000000000        1503.28957705942     
   1.75500000000000        1503.11253218975     
   1.76000000000000        1502.93813031053     
   1.76500000000000        1502.76633134806     
   1.77000000000000        1502.59709574110     
   1.77500000000000        1502.43038443884     
   1.78000000000000        1502.26615889941     
   1.78500000000000        1502.10470426030     
   1.79000000000000        1501.94533907842     
   1.79500000000000        1501.78834700738     
   1.80000000000000        1501.63369150197     
   1.80500000000000        1501.48133650889     
   1.81000000000000        1501.33124646155     
   1.81500000000000        1501.18338627733     
   1.82000000000000        1501.26619835841     
   1.82500000000000        1501.12263450810     
   1.83000000000000        1500.98119885184     
   1.83500000000000        1500.84185819696     
   1.84000000000000        1500.70457981455     
   1.84500000000000        1500.56933143854     
   1.85000000000000        1500.65953153074     
   1.85500000000000        1500.52819522945     
   1.86000000000000        1500.39879560055     
   1.86500000000000        1500.27130216922     
   1.87000000000000        1500.14568490347     
   1.87500000000000        1500.02191420682     
   1.88000000000000        1499.89996091531     
   1.88500000000000        1499.77979629446     
   1.89000000000000        1499.76970106927     
   1.89500000000000        1499.65859271054     
   1.90000000000000        1499.54360567941     
   1.90500000000000        1499.43029686285     
   1.91000000000000        1499.31863959744     
   1.91500000000000        1499.20860762164     
   1.92000000000000        1499.10017507332     
   1.92500000000000        1498.99331648284     
   1.93000000000000        1498.88800676881     
   1.93500000000000        1498.78422123665     
   1.94000000000000        1498.68193557009     
   1.94500000000000        1498.58112582959     
   1.95000000000000        1498.48176844651     
   1.95500000000000        1498.38384021922     
   1.96000000000000        1498.28731830892     
   1.96500000000000        1498.19218023422     
   1.97000000000000        1498.09840386814     
   1.97500000000000        1498.00596743233     
   1.98000000000000        1497.91484949417     
   1.98500000000000        1497.82502896022     
   1.99000000000000        1497.73648507356     
   1.99500000000000        1497.64919741109     
   2.00000000000000        1497.56314587345     
   2.00500000000000        1497.47831068698     
   2.01000000000000        1497.39467239653     
   2.01500000000000        1497.31221186066     
   2.02000000000000        1497.23091024897     
   2.02500000000000        1497.27782643752     
   2.03000000000000        1497.19877010072     
   2.03500000000000        1497.12081825484     
   2.04000000000000        1497.04395326516     
   2.04500000000000        1496.96815778469     
   2.05000000000000        1496.89341475293     
   2.05500000000000        1496.81970738978     
   2.06000000000000        1496.74701919323     
   2.06500000000000        1496.67533393300     
   2.07000000000000        1496.60463564936     
   2.07500000000000        1496.53490864691     
   2.08000000000000        1496.46613749170     
   2.08500000000000        1496.39830700745     
   2.09000000000000        1496.33140227070     
   2.09500000000000        1496.26540860889     
   2.10000000000000        1496.20031159429     
   2.10500000000000        1496.13609704173     
   2.11000000000000        1496.07275100459     
   2.11500000000000        1496.01025977071     
   2.12000000000000        1495.94860985950     
   2.12500000000000        1495.88778801833     
   2.13000000000000        1495.82778121721     
   2.13500000000000        1495.76857664783     
   2.14000000000000        1495.71016171857     
   2.14500000000000        1495.65252405053     
   2.15000000000000        1495.59565147706     
   2.15500000000000        1495.53953203536     
   2.16000000000000        1495.48415396802     
   2.16500000000000        1495.42950571807     
   2.17000000000000        1495.37557592462     
   2.17500000000000        1495.32235341928     
   2.18000000000000        1495.26982722663     
   2.18500000000000        1495.21798655676     
   2.19000000000000        1495.16682080499     
   2.19500000000000        1495.11631954785     
   2.20000000000000        1495.06647253923     
   2.20500000000000        1495.01726970959     
   2.21000000000000        1494.96870116006     
   2.21500000000000        1494.92075716257     
   2.22000000000000        1494.87342815511     
   2.22500000000000        1494.82670473976     
   2.23000000000000        1494.78057767817     
   2.23500000000000        1494.73503789249     
   2.24000000000000        1494.69007645835     
   2.24500000000000        1494.64568460518     
   2.25000000000000        1494.60185371293     
   2.25500000000000        1494.55857530814     
   2.26000000000000        1494.51584106338     
   2.26500000000000        1494.47364279340     
   2.27000000000000        1494.43197245362     
   2.27500000000000        1494.39082213589     
   2.28000000000000        1494.35018406878     
   2.28500000000000        1494.31005061255     
   2.29000000000000        1494.27041425847     
   2.29500000000000        1494.23126762733     
   2.30000000000000        1494.19260346387     
   2.30500000000000        1494.15441463744     
   2.31000000000000        1494.11669414008     
   2.31500000000000        1494.07943508148     
   2.32000000000000        1494.04263068965     
   2.32500000000000        1494.00627430846     
   2.33000000000000        1493.97035939345     
   2.33500000000000        1493.93487951293     
   2.34000000000000        1493.89982834312     
   2.34500000000000        1493.86519966868     
   2.35000000000000        1493.83098737880     
   2.35500000000000        1493.79718546672     
   2.36000000000000        1493.78855992722     
   2.36500000000000        1493.75555957648     
   2.37000000000000        1493.72295219774     
   2.37500000000000        1493.69073217970     
   2.38000000000000        1493.65889400447     
   2.38500000000000        1493.62743224832     
   2.39000000000000        1493.59394669441     
   2.39500000000000        1493.56322207305     
   2.40000000000000        1493.53285813405     
   2.40500000000000        1493.50284980740     
   2.41000000000000        1493.47319210808     
   2.41500000000000        1493.44388013462     
   2.42000000000000        1493.41490906557     
   2.42500000000000        1493.38627416135     
   2.43000000000000        1493.35797075997     
   2.43500000000000        1493.32999427729     
   2.44000000000000        1493.30234020471     
   2.44500000000000        1493.27500410785     
   2.45000000000000        1493.24798162585     
   2.45500000000000        1493.22126846974     
   2.46000000000000        1493.19486042032     
   2.46500000000000        1493.16875332806     
   2.47000000000000        1493.14294311162     
   2.47500000000000        1493.11742575547     
   2.48000000000000        1493.09219731064     
   2.48500000000000        1493.06725389130     
   2.49000000000000        1493.04259167579     
   2.49500000000000        1493.01820690351     
   2.50000000000000        1492.99409587470     
   2.52500000000000        1492.87870452852     
   2.55000000000000        1492.76950285341     
   2.57500000000000        1492.66609647586     
   2.60000000000000        1492.56812730400     
   2.62500000000000        1492.47526441933     
   2.65000000000000        1492.38720189546     
   2.67500000000000        1492.30365615760     
   2.70000000000000        1492.22436398673     
   2.72500000000000        1492.14908070871     
   2.75000000000000        1492.07757860490     
   2.77500000000000        1492.00964548574     
   2.80000000000000        1491.94508340419     
   2.82500000000000        1491.88370749791     
   2.85000000000000        1491.82534493798     
   2.87500000000000        1491.85973762500     
   2.90000000000000        1491.80691423786     
   2.92500000000000        1491.75664939172     
   2.95000000000000        1491.70880966148     
   2.97500000000000        1491.66326968130     
   3.00000000000000        1491.61991155226     
   3.02500000000000        1491.57862429744     
   3.05000000000000        1491.53930336854     
   3.07500000000000        1491.50185018946     
   3.10000000000000        1491.46617174639     
   3.12500000000000        1491.43218020533     
   3.15000000000000        1491.39979256448     
   3.17500000000000        1491.36893033431     
   3.20000000000000        1491.33951924613     
   3.22500000000000        1491.31148897883     
   3.25000000000000        1491.28477291468     
   3.27500000000000        1491.25930790366     
   3.30000000000000        1491.23503405741     
   3.32500000000000        1491.21189455172     
   3.35000000000000        1491.18983544295     
   3.37500000000000        1491.16880550397     
   3.40000000000000        1491.14875606455     
   3.42500000000000        1491.12964086965     
   3.45000000000000        1491.11141594249     
   3.47500000000000        1491.09403945960     
   3.50000000000000        1491.07747163395     
   3.52500000000000        1491.06167460541     
   3.55000000000000        1491.04661233871     
   3.57500000000000        1491.03225052656     
   3.60000000000000        1491.01855650079     
   3.62500000000000        1491.00549914906     
   3.65000000000000        1490.99304883304     
   3.67500000000000        1490.98117731616     
   3.70000000000000        1490.96985769297     
   3.72500000000000        1490.95906432241     
   3.75000000000000        1490.94877276634     
   3.77500000000000        1490.93895973050     
   3.80000000000000        1490.92960300839     
   3.82500000000000        1490.92068142875     
   3.85000000000000        1490.91217480696     
   3.87500000000000        1490.90406389626     
   3.90000000000000        1490.89633034528     
   3.92500000000000        1490.88895665234     
   3.95000000000000        1490.88192612824     
   3.97500000000000        1490.87522285689     
   4.00000000000000        1490.86883165987     
   4.02500000000000        1490.86273805909     
   4.05000000000000        1490.85692824833     
   4.07500000000000        1490.85138905893     
   4.10000000000000        1490.84610793158     
   4.12500000000000        1490.84107288741     
   4.15000000000000        1490.83627250124     
   4.17500000000000        1490.83169587616     
   4.20000000000000        1490.82733261848     
   4.22500000000000        1490.82317281571     
   4.25000000000000        1490.81920701398     
   4.27500000000000        1490.81542619546     
   4.30000000000000        1490.81182176043     
   4.32500000000000        1490.80838550596     
   4.35000000000000        1490.80510961038     
   4.37500000000000        1490.79036142746     
   4.40000000000000        1490.78738437436     
   4.42500000000000        1490.78454631106     
   4.45000000000000        1490.78184076551     
   4.47500000000000        1490.77926156781     
   4.50000000000000        1490.77680283143     
   4.52500000000000        1490.77445894521     
   4.55000000000000        1490.77222455707     
   4.57500000000000        1490.77009456314     
   4.60000000000000        1490.76806409706     
   4.62500000000000        1490.76612851862     
   4.65000000000000        1490.76428340144     
   4.67500000000000        1490.76252452691     
   4.70000000000000        1490.76084787117     
   4.72500000000000        1490.75924959766     
   4.75000000000000        1490.75772604811     
   4.77500000000000        1490.75627373519     
   4.80000000000000        1490.75488933292     
   4.82500000000000        1490.75356967056     
   4.85000000000000        1490.75231172502     
   4.87500000000000        1490.75111261313     
   4.90000000000000        1490.74996958787     
   4.92500000000000        1490.74888002793     
   4.95000000000000        1490.74784143584     
   4.97500000000000        1490.74685142987     
   5.00000000000000        1490.74590773954     
   5.02500000000000        1490.74500819970     
   5.05000000000000        1490.74415074693     
   5.07500000000000        1490.74333341414     
   5.10000000000000        1490.74255432489     
   5.12500000000000        1490.74181169172     
   5.15000000000000        1490.74110380988     
   5.17500000000000        1490.74042905340     
   5.20000000000000        1490.73978587460     
   5.22500000000000        1490.73917279548     
   5.25000000000000        1490.73858840857     
   5.27500000000000        1490.73803137153     
   5.30000000000000        1490.73750040545     
   5.32500000000000        1490.73699429010     
   5.35000000000000        1490.73651186314     
   5.37500000000000        1490.73605201658     
   5.40000000000000        1490.73561369314     
   5.42500000000000        1490.73519588669     
   5.45000000000000        1490.73479763679     
   5.47500000000000        1490.73441802799     
   5.50000000000000        1490.73405618844     
   5.52500000000000        1490.73371128624     
   5.55000000000000        1490.73338252891     
   5.57500000000000        1490.73306916054     
   5.60000000000000        1490.73277046170     
   5.62500000000000        1490.73248574532     
   5.65000000000000        1490.73221435670     
   5.67500000000000        1490.73195567258     
   5.70000000000000        1490.73170909831     
   5.72500000000000        1490.73147406626     
   5.75000000000000        1490.73125003677     
   5.77500000000000        1490.73103649501     
   5.80000000000000        1490.73083295017     
   5.82500000000000        1490.73063893322     
   5.85000000000000        1490.73045399946     
   5.87500000000000        1490.73027772293     
   5.90000000000000        1490.73010969868     
   5.92500000000000        1490.72994954025     
   5.95000000000000        1490.72979687940     
   5.97500000000000        1490.72965136569     
   6.00000000000000        1490.72951266370     
   6.02500000000000        1490.72938045495     
   6.05000000000000        1490.72925443598     
   6.07500000000000        1490.72913431575     
   6.10000000000000        1490.72901981935     
   6.12500000000000        1490.72891068290     
   6.15000000000000        1490.72880665598     
   6.17500000000000        1490.72870749844     
   6.20000000000000        1490.72861298330     
   6.22500000000000        1490.72852289297     
   6.25000000000000        1490.72843701974     
