   55.5555555555556       6.338761415308168E-025
   500.000000000000       4.620956162514619E-022
   1388.88888888889       9.904297592533967E-021
   2722.22222222222       7.457438880918602E-020
   4500.00000000000       3.368614941982951E-019
   6722.22222222222       1.122903471560815E-018
   9388.88888888889       3.059350236537254E-018
   12500.0000000000       7.219204251108233E-018
   16055.5555555556       1.529658861996780E-017
   20055.5555555556       2.981018968519847E-017
   24500.0000000000       5.433497746659472E-017
   29388.8888888889       9.376161744870093E-017
   34722.2222222222       1.545827447369730E-016
   40500.0000000000       2.452049709150255E-016
   46722.2222222222       3.762851302226905E-016
   53388.8888888889       5.610888382815758E-016
   60500.0000000000       8.158689315469787E-016
   68055.5555555556       1.160260779577926E-015
   76055.5555555556       1.617690802772649E-015
   84500.0000000000       2.215793802662253E-015
   93388.8888888889       2.986833902180422E-015
   102722.222222222       3.968123027680990E-015
   112500.000000000       5.202429932705197E-015
   122722.222222222       6.738371781633201E-015
   133388.888888889       8.630779299325677E-015
   144500.000000000       1.094102545716833E-014
   156055.555555556       1.373730666360959E-014
   168055.555555556       1.709486442082377E-014
   180500.000000000       2.109613450045833E-014
   193388.888888889       2.583080988771559E-014
   206722.222222222       3.139580308770772E-014
   220500.000000000       3.789509291783171E-014
   234722.222222222       4.543944068780537E-014
   249388.888888889       5.414596079838086E-014
   264500.000000000       6.413753123111714E-014
   280055.555555556       7.554203020087838E-014
   296055.555555556       8.849138673937223E-014
   312500.000000000       1.031204347580382E-013
   329388.888888889       1.195655625255649E-013
   346722.222222222       1.379631528373177E-013
   364500.000000000       1.584478125405722E-013
   382722.222222222       1.811503947231461E-013
   401388.888888889       2.061958218801839E-013
   420500.000000000       2.337007237546110E-013
   440055.555555556       2.637709103365604E-013
   460055.555555556       2.964987066187654E-013
   480500.000000000       3.319601830899412E-013
   501388.888888889       3.702123234212381E-013
   522722.222222222       4.112901775864757E-013
   544500.000000000       4.552040562968929E-013
   566722.222222222       5.019368289150175E-013
   589388.888888889       5.514413932344946E-013
   612500.000000000       6.036383900761212E-013
   636055.555555556       6.584142390567635E-013
   660055.555555556       7.156195743626120E-013
   684500.000000000       7.750681579455610E-013
   709388.888888889       8.365363458231274E-013
   734722.222222222       8.997631776769562E-013
   760500.000000000       9.644511516424786E-013
   786722.222222222       1.030267735939708E-012
   813388.888888889       1.096847654119368E-012
   840500.000000000       1.163795964825065E-012
   868055.555555556       1.230691936787156E-012
   896055.555555556       1.297093698661643E-012
   924500.000000000       1.362543619008603E-012
   953388.888888889       1.426574346932081E-012
   982722.222222222       1.488715419842581E-012
   1012500.00000000       1.548500317604178E-012
   1042722.22222222       1.605473820819797E-012
   1073388.88888889       1.659199510162367E-012
   1104500.00000000       1.709267223954257E-012
   1136055.55555556       1.755300281067928E-012
   1168055.55555556       1.796962267707288E-012
   1200500.00000000       1.833963184755062E-012
   1233388.88888889       1.866064760679274E-012
   1266722.22222222       1.893084746652794E-012
   1300500.00000000       1.914900031354928E-012
   1334722.22222222       1.931448443913065E-012
   1369388.88888889       1.942729144991137E-012
   1404500.00000000       1.948801548854579E-012
   1440055.55555556       1.949782766119219E-012
   1476055.55555556       1.945843602383605E-012
   1512500.00000000       1.937203200717103E-012
   1549388.88888889       1.924122464952882E-012
   1586722.22222222       1.906896446581979E-012
   1624500.00000000       1.885845922221511E-012
   1662722.22222222       1.861308423324768E-012
   1701388.88888889       1.833629006569455E-012
   1740500.00000000       1.803151074489550E-012
   1780055.55555556       1.770207559776648E-012
   1820055.55555556       1.735112783591918E-012
   1860500.00000000       1.698155282550354E-012
   1901388.88888889       1.659591870600713E-012
   1942722.22222222       1.619643162645577E-012
   1984500.00000000       1.578490738368115E-012
   2026722.22222222       1.536276065550372E-012
   2069388.88888889       1.493101238236546E-012
   2112500.00000000       1.449031513605616E-012
   2156055.55555556       1.404099558198058E-012
   2200055.55555556       1.358311242669052E-012
   2244500.00000000       1.311652750905872E-012
   2289388.88888889       1.264098705690987E-012
   2334722.22222222       1.215620957373484E-012
   2380500.00000000       1.166197635960981E-012
   2426722.22222222       1.115822039861060E-012
   2473388.88888889       1.064510921139489E-012
   2520500.00000000       1.012311737234757E-012
   2568055.55555556       9.593084704025106E-013
   2616055.55555556       9.056256662682089E-013
   2664500.00000000       8.514304207745987E-013
   2713388.88888889       7.969321383385405E-013
   2762722.22222222       7.423799915820884E-013
   2812500.00000000       6.880581387875596E-013
   2862722.22222222       6.342788754832489E-013
   2913388.88888889       5.813740202838240E-013
   2964500.00000000       5.296849440173638E-013
   3016055.55555556       4.795517378689228E-013
   3068055.55555556       4.313020780336500E-013
   3120500.00000000       3.852403715599986E-013
   3173388.88888889       3.416377546195139E-013
   3226722.22222222       3.007234679476697E-013
   3280500.00000000       2.626780475484988E-013
   3334722.22222222       2.276286552384725E-013
   3389388.88888889       1.956467368217322E-013
   3444500.00000000       1.667480495162555E-013
   3500055.55555556       1.408949537542767E-013
   3556055.55555556       1.180007320614639E-013
   3612500.00000000       9.793558671799504E-014
   3669388.88888889       8.053388842702201E-014
   3726722.22222222       6.560220518191856E-014
   3784500.00000000       5.292763228346839E-014
   3842722.22222222       4.228597362223750E-014
   3901388.88888889       3.344938078021089E-014
   3960500.00000000       2.619313597990412E-014
   4020055.55555556       2.030135687087150E-014
   4080055.55555556       1.557149702320295E-014
   4140500.00000000       1.181760736124314E-014
   4201388.88888889       8.872403703826023E-015
   4262722.22222222       6.588249336208582E-015
   4324500.00000000       4.837206658307408E-015
   4386722.22222222       3.510337850470391E-015
   4449388.88888889       2.516442883039712E-015
   4512500.00000000       1.780416565470846E-015
   4576055.55555556       1.241388501889595E-015
   4640055.55555556       8.507844027288405E-016
   4704500.00000000       5.704179205872198E-016
   4769388.88888889       3.706918634530226E-016
   4834722.22222222       2.289582543633890E-016
   4900500.00000000       1.280582843677157E-016
   4966722.22222222       5.503408096606602E-017
   5033388.88888889       0.000000000000000E+000
