   55.5555555555556       0.422676844656683     
   500.000000000000       0.422676761488453     
   1388.88888888889       0.422676114090609     
   2722.22222222222       0.422673980336020     
   4500.00000000000       0.422668969576745     
   6722.22222222222       0.422659236881010     
   9388.88888888889       0.422642469578834     
   12500.0000000000       0.422615893828741     
   16055.5555555556       0.422576274387636     
   20055.5555555556       0.422519916032234     
   24500.0000000000       0.422442665180904     
   29388.8888888889       0.422339912413495     
   34722.2222222222       0.422206595408523     
   40500.0000000000       0.422037203095164     
   46722.2222222222       0.421825781843649     
   53388.8888888889       0.421565942111450     
   60500.0000000000       0.421250866472686     
   68055.5555555556       0.420873321053357     
   76055.5555555556       0.420425668091934     
   84500.0000000000       0.419899881648178     
   93388.8888888889       0.419287565330275     
   102722.222222222       0.418579973451141     
   112500.000000000       0.417768035696205     
   122722.222222222       0.416842385301002     
   133388.888888889       0.415793391128790     
   144500.000000000       0.414611193649420     
   156055.555555556       0.413285745765623     
   168055.555555556       0.411806857985208     
   180500.000000000       0.410164248287488     
   193388.888888889       0.408347596994257     
   206722.222222222       0.406346606792566     
   220500.000000000       0.404151067809574     
   234722.222222222       0.401750927615258     
   249388.888888889       0.399136366384394     
   264500.000000000       0.396297876956580     
   280055.555555556       0.393226349071901     
   296055.555555556       0.389913158105206     
   312500.000000000       0.386350257486833     
   329388.888888889       0.382530273897077     
   346722.222222222       0.378446605287259     
   364500.000000000       0.374093520153050     
   382722.222222222       0.369466257526441     
   401388.888888889       0.364561126642557     
   420500.000000000       0.359375604611227     
   440055.555555556       0.353908431483277     
   460055.555555556       0.348159700698204     
   480500.000000000       0.342130943579590     
   501388.888888889       0.335825206525180     
   522722.222222222       0.329247118850597     
   544500.000000000       0.322402949892568     
   566722.222222222       0.315300653540445     
   589388.888888889       0.307949898683639     
   612500.000000000       0.300362083886512     
   636055.555555556       0.292550334758000     
   660055.555555556       0.284529482979815     
   684500.000000000       0.276316025537163     
   709388.888888889       0.267928063440712     
   734722.222222222       0.259385219320651     
   760500.000000000       0.250708533523602     
   786722.222222222       0.241920338926815     
   813388.888888889       0.233044114774605     
   840500.000000000       0.224104320539407     
   868055.555555556       0.215126211044785     
   896055.555555556       0.206135634691476     
   924500.000000000       0.197158816918216     
   953388.888888889       0.188222131505194     
   982722.222222222       0.179351862889535     
   1012500.00000000       0.170573962665086     
   1042722.22222222       0.161913804053516     
   1073388.88888889       0.153395938317530     
   1104500.00000000       0.145043857002881     
   1136055.55555556       0.136879764270872     
   1168055.55555556       0.128924363385064     
   1200500.00000000       0.121196661223472     
   1233388.88888889       0.113713794623649     
   1266722.22222222       0.106490881860494     
   1300500.00000000       9.954090212660431E-002
   1334722.22222222       9.287460549930721E-002
   1369388.88888889       8.650045504410081E-002
   1404500.00000000       8.042460215761461E-002
   1440055.55555556       7.465089557136621E-002
   1476055.55555556       6.918092354512434E-002
   1512500.00000000       6.401408816788608E-002
   1549388.88888889       5.914770992746964E-002
   1586722.22222222       5.457716000155785E-002
   1624500.00000000       5.029601718212162E-002
   1662722.22222222       4.629624578321660E-002
   1701388.88888889       4.256839045334698E-002
   1740500.00000000       3.910178359793212E-002
   1780055.55555556       3.588476084780099E-002
   1820055.55555556       3.290487999938863E-002
   1860500.00000000       3.014913893217826E-002
   1901388.88888889       2.760418818276468E-002
   1942722.22222222       2.525653414488437E-002
   1984500.00000000       2.309272926742744E-002
   2026722.22222222       2.109954606723910E-002
   2069388.88888889       1.926413231866113E-002
   2112500.00000000       1.757414532955720E-002
   2156055.55555556       1.601786380809580E-002
   2200055.55555556       1.458427644935280E-002
   2244500.00000000       1.326314693410131E-002
   2289388.88888889       1.204505563214195E-002
   2334722.22222222       1.092141885673932E-002
   2380500.00000000       9.884487009850090E-003
   2426722.22222222       8.927323441289508E-003
   2473388.88888889       8.043766231219463E-003
   2520500.00000000       7.228375457854668E-003
   2568055.55555556       6.476368782260555E-003
   2616055.55555556       5.783548345483561E-003
   2664500.00000000       5.146222094260892E-003
   2713388.88888889       4.561122643967535E-003
   2762722.22222222       4.025326673718457E-003
   2812500.00000000       3.536177680713543E-003
   2862722.22222222       3.091214596334215E-003
   2913388.88888889       2.688108397884879E-003
   2964500.00000000       2.324608386196376E-003
   3016055.55555556       1.998499270461599E-003
   3068055.55555556       1.707569653384728E-003
   3120500.00000000       1.449591948160864E-003
   3173388.88888889       1.222313206660068E-003
   3226722.22222222       1.023455859106098E-003
   3280500.00000000       8.507269462078241E-004
   3334722.22222222       7.018341195647836E-004
   3389388.88888889       5.745064914190649E-004
   3444500.00000000       4.665183501268106E-004
   3500055.55555556       3.757138120728037E-004
   3556055.55555556       3.000306518797590E-004
   3612500.00000000       2.375218120830930E-004
   3669388.88888889       1.863734221577257E-004
   3726722.22222222       1.449185248836960E-004
   3784500.00000000       1.116460784794424E-004
   3842722.22222222       8.520515967088909E-005
   3901388.88888889       6.440460038190501E-005
   3960500.00000000       4.820854015105611E-005
   4020055.55555556       3.572855373156214E-005
   4080055.55555556       2.621311741704301E-005
   4140500.00000000       1.903521231784441E-005
   4201388.88888889       1.367883725397001E-005
   4262722.22222222       9.725131078073335E-006
   4324500.00000000       6.838698753752338E-006
   4386722.22222222       4.754611631828683E-006
   4449388.88888889       3.266423679811620E-006
   4512500.00000000       2.215422271826188E-006
   4576055.55555556       1.481222802515657E-006
   4640055.55555556       9.737254337651407E-007
   4704500.00000000       6.263820130931224E-007
   4769388.88888889       3.906711873233573E-007
   4834722.22222222       2.316478428981898E-007
   4900500.00000000       1.244150831901959E-007
   4966722.22222222       5.135806345153863E-008
   5033388.88888889       0.000000000000000E+000
