  -4000000.00000000       0.000000000000000E+000
  -3940000.00000000       5.949566549490274E-008
  -3880000.00000000       1.356952914416056E-007
  -3820000.00000000       2.399557809805340E-007
  -3760000.00000000       3.872635192318055E-007
  -3700000.00000000       5.984080952714235E-007
  -3640000.00000000       9.027243962767826E-007
  -3580000.00000000       1.341767925180549E-006
  -3520000.00000000       1.974352780769048E-006
  -3460000.00000000       2.883482142989699E-006
  -3400000.00000000       4.185858684684718E-006
  -3340000.00000000       6.044874582235518E-006
  -3280000.00000000       8.688253515195167E-006
  -3220000.00000000       1.243185820785590E-005
  -3160000.00000000       1.771159891145596E-005
  -3100000.00000000       2.512588223902080E-005
  -3040000.00000000       3.549163933914818E-005
  -2980000.00000000       4.991765524171568E-005
  -2920000.00000000       6.989968059103148E-005
  -2860000.00000000       9.744262044061567E-005
  -2800000.00000000       1.352159050967981E-004
  -2740000.00000000       1.867489040137435E-004
  -2680000.00000000       2.566738342747911E-004
  -2620000.00000000       3.510239296409606E-004
  -2560000.00000000       4.775945025059958E-004
  -2500000.00000000       6.463737526712364E-004
  -2440000.00000000       8.700486016463001E-004
  -2380000.00000000       1.164588139426066E-003
  -2320000.00000000       1.549903310036991E-003
  -2260000.00000000       2.050576170662509E-003
  -2200000.00000000       2.696644945194802E-003
  -2140000.00000000       3.524422900046019E-003
  -2080000.00000000       4.577318791839671E-003
  -2020000.00000000       5.906616218268775E-003
  -1960000.00000000       7.572157177336279E-003
  -1900000.00000000       9.642864440270332E-003
  -1840000.00000000       1.219702694896352E-002
  -1780000.00000000       1.532226483855366E-002
  -1720000.00000000       1.911508684843758E-002
  -1660000.00000000       2.367995325933648E-002
  -1600000.00000000       2.912776494570830E-002
  -1540000.00000000       3.557371302924974E-002
  -1480000.00000000       4.313444516867395E-002
  -1420000.00000000       5.192453568456466E-002
  -1360000.00000000       6.205228280689252E-002
  -1300000.00000000       7.361490145675623E-002
  -1240000.00000000       8.669322820617593E-002
  -1180000.00000000       0.101346105615673     
  -1120000.00000000       0.117604662332569     
  -1060000.00000000       0.135466749759426     
  -1000000.00000000       0.154891828957358     
  -940000.000000000       0.175796626095243     
  -880000.000000000       0.198051875055767     
  -820000.000000000       0.221480454599944     
  -760000.000000000       0.245857185722945     
  -700000.000000000       0.270910501980998     
  -640000.000000000       0.296326122154364     
  -580000.000000000       0.321752759292613     
  -520000.000000000       0.346809797679275     
  -460000.000000000       0.371096746126624     
  -400000.000000000       0.394204174987715     
  -340000.000000000       0.415725733049591     
  -280000.000000000       0.435270760763993     
  -220000.000000000       0.452476954428281     
  -160000.000000000       0.467022506669445     
  -100000.000000000       0.478637146723085     
  -40000.0000000000       0.487111552404866     
   20000.0000000000       0.492304664874244     
   80000.0000000000       0.494148548445474     
   140000.000000000       0.492650557796705     
   200000.000000000       0.487892711542311     
   260000.000000000       0.480028328439862     
   320000.000000000       0.469276108537683     
   380000.000000000       0.455911981285981     
   440000.000000000       0.440259151835316     
   500000.000000000       0.422676844656683     
   560000.000000000       0.403548300852094     
   620000.000000000       0.383268596432854     
   680000.000000000       0.362232823003746     
   740000.000000000       0.340825128285332     
   800000.000000000       0.319409034210692     
   860000.000000000       0.298319353431048     
   920000.000000000       0.277855925892718     
   980000.000000000       0.258279281008240     
   1040000.00000000       0.239808230190051     
   1100000.00000000       0.222619297504933     
   1160000.00000000       0.206847817367651     
   1220000.00000000       0.192590468993827     
   1280000.00000000       0.179908973833781     
   1340000.00000000       0.168834668375361     
   1400000.00000000       0.159373661375928     
   1460000.00000000       0.151512307294690     
   1520000.00000000       0.145222757795280     
   1580000.00000000       0.140468399394609     
   1640000.00000000       0.137209036248675     
   1700000.00000000       0.135405731820039     
   1760000.00000000       0.135025281998200     
   1820000.00000000       0.136044344462884     
   1880000.00000000       0.138453307508226     
   1940000.00000000       0.142260031877776     
   2000000.00000000       0.147493657436121     
   2060000.00000000       0.154208727748863     
   2120000.00000000       0.162489963497378     
   2180000.00000000       0.172458126621333     
   2240000.00000000       0.184277572079095     
   2300000.00000000       0.198166336659163     
   2360000.00000000       0.214410016264781     
   2420000.00000000       0.233381353283663     
   2480000.00000000       0.255568634641574     
   2540000.00000000       0.281618136550848     
   2600000.00000000       0.312400024679167     
   2660000.00000000       0.349115826809995     
   2720000.00000000       0.393485018479046     
   2780000.00000000       0.448091232116080     
   2840000.00000000       0.517050090063102     
   2900000.00000000       0.607248828934361     
   2960000.00000000       0.730271875377121     
   3020000.00000000       0.904167162002361     
   3080000.00000000        1.15188328375608     
   3140000.00000000        1.49088322761965     
   3200000.00000000        1.91116862719982     
   3260000.00000000        2.35141031527436     
   3320000.00000000        2.69776846158284     
   3380000.00000000        2.82533599831115     
   3440000.00000000        2.66708290296580     
   3500000.00000000        2.25944185612660     
   3560000.00000000        1.72388549266174     
   3620000.00000000        1.19860331274096     
   3680000.00000000       0.775052534649245     
   3740000.00000000       0.479101756121619     
   3800000.00000000       0.291628042810284     
   3860000.00000000       0.178940803653550     
   3920000.00000000       0.111913887947557     
   3980000.00000000       7.132781985598298E-002
   4040000.00000000       4.606993041266295E-002
   4100000.00000000       2.997853659740900E-002
   4160000.00000000       1.956922026408469E-002
   4220000.00000000       1.277916977404298E-002
   4280000.00000000       8.333354332698117E-003
   4340000.00000000       5.419829194787953E-003
   4400000.00000000       3.512212859851806E-003
   4460000.00000000       2.265817415774798E-003
   4520000.00000000       1.453766418747002E-003
   4580000.00000000       9.264204326555485E-004
   4640000.00000000       5.850807842217223E-004
   4700000.00000000       3.647316193015096E-004
   4760000.00000000       2.226259494382395E-004
   4820000.00000000       1.306989492141147E-004
   4880000.00000000       7.049872714677873E-005
   4940000.00000000       2.975245381505862E-005
   5000000.00000000       0.000000000000000E+000
