   337.822620602676       8.545478724449563E-022
   3040.40358542408       6.229584639168578E-019
   8445.56551506689       1.335109282323935E-017
   16553.3084095311       1.005023945871703E-016
   27363.6322688167       4.537179185245327E-016
   40876.5370929237       1.510729240392055E-015
   57092.0228818522       4.107978680605257E-015
   76010.0896356020       9.663810937701678E-015
   97630.7373541732       2.038243455658189E-014
   121953.966037566       3.946250059297394E-014
   148979.775685780       7.128603761278114E-014
   178708.166298815       1.215541390333232E-013
   211139.137876672       1.973263416906430E-013
   246272.690419350       3.069129636569495E-013
   284108.823926850       4.595664977383451E-013
   324647.538399171       6.649228670953083E-013
   367888.833836314       9.321596403404966E-013
   413832.710238278       1.268869422065309E-012
   462479.167605063       1.679694080257224E-012
   513828.205936670       2.164827402783325E-012
   567879.825233098       2.718563503532113E-012
   624634.025494347       3.328133345259506E-012
   684090.806720418       3.973114126201211E-012
   746250.168911310       4.625694848700704E-012
   811112.112067024       5.252016742625629E-012
   878676.636187559       5.814668867176980E-012
   948943.741272916       6.276213603676528E-012
   1021913.42732309       6.603373326975022E-012
   1097585.69433809       6.771281270984732E-012
   1175960.54231791       6.767054752306734E-012
   1257037.97126256       6.591953021715493E-012
   1340817.98117202       6.261573123334828E-012
   1427300.57204630       5.803902248391526E-012
   1516485.74388541       5.255508841012089E-012
   1608373.49668934       4.656591001624795E-012
   1702963.83045809       4.045869991456536E-012
   1800256.74519166       3.456319971394494E-012
   1900252.24089005       2.912452570641335E-012
   2002950.31755326       2.429420465251116E-012
   2108350.97518130       2.013731393121850E-012
   2216454.21377415       1.665033221348584E-012
   2327260.03333183       1.378326498422701E-012
   2440768.43385433       1.146063740196256E-012
   2556979.41534165       9.598100806501151E-013
   2675892.97779379       8.113604010641281E-013
   2797509.12121076       6.933638425628682E-013
   2921827.84559254       5.995800049183776E-013
   3048849.15093915       5.249005388104703E-013
   3178573.03725057       4.652450910588019E-013
   3310999.50452682       4.174060885051503E-013
   3446128.55276789       3.788862831507609E-013
   3583960.18197379       3.477510403835495E-013
   3724494.39214450       3.225037475974910E-013
   3867731.18328003       3.019853268391130E-013
   4013670.55538039       2.852954099786522E-013
   4162312.50844557       2.717315598467378E-013
   4313657.04247556       2.607428777546343E-013
   4467704.15747038       2.518947772591205E-013
   4624453.85343003       2.448422846494126E-013
   4783906.13035449       2.393097889802695E-013
   4946060.98824377       2.350756465875619E-013
   5110918.42709788       2.319604332039842E-013
   5278478.44691681       2.298179382611791E-013
   5448741.04770055       2.285282250316418E-013
   5621706.22944912       2.279922520590666E-013
   5797373.99216251       2.281276792877598E-013
   5975744.33584073       2.288655771490455E-013
   6156817.26048376       2.301478272152105E-013
   6340592.76609162       2.319250551636998E-013
   6527070.85266429       2.341549755517176E-013
   6716251.52020179       2.368010567942886E-013
   6908134.76870411       2.398314363493663E-013
   7102720.59817125       2.432180323327836E-013
   7300009.00860322       2.469358100777249E-013
   7500000.00000000       2.509621714103876E-013
   7702693.57236161       2.552764415181701E-013
   7908089.72568803       2.598594337032508E-013
   8116188.45997928       2.646930765089074E-013
   8326989.77523535       2.697600909197597E-013
   8540493.67145624       2.750437078955498E-013
   8756700.14864196       2.805274184401299E-013
   8975609.20679249       2.861947499991235E-013
   9197220.84590784       2.920290641948874E-013
   9421535.06598802       2.980133719394707E-013
   9648551.86703302       3.041301627228896E-013
   9878271.24904284       3.103612455984780E-013
   10110693.2120175       3.166875998765270E-013
   10345817.7559569       3.230892340496489E-013
   10583644.8808612       3.295450518373273E-013
   10824174.5867303       3.360327246289289E-013
   11067406.8735643       3.425285698889879E-013
   11313341.7413630       3.490074353850975E-013
   11561979.1901266       3.554425894323551E-013
   11813319.2198550       3.618056175422523E-013
   12067361.8305482       3.680663262002589E-013
   12324107.0222062       3.741926547544209E-013
   12583554.7948291       3.801505966891031E-013
   12845705.1484167       3.859041318683099E-013
   13110558.0829692       3.914151716559877E-013
   13378113.5984866       3.966435191667892E-013
   13648371.6949687       4.015468472851183E-013
   13921332.3724157       4.060806974967502E-013
   14196995.6308274       4.101985030142166E-013
   14475361.4702040       4.138516401474838E-013
   14756429.8905455       4.169895124151241E-013
   15040200.8918517       4.195596724064834E-013
   15326674.4741228       4.215079870806067E-013
   15615850.6373587       4.227788527597215E-013
   15907729.3815594       4.233154668516677E-013
   16202310.7067249       4.230601640226785E-013
   16499594.6128553       4.219548254209736E-013
   16799581.0999505       4.199413703347244E-013
   17102270.1680104       4.169623406290918E-013
   17407661.8170353       4.129615892431597E-013
   17715756.0470249       4.078850849875048E-013
   18026552.8579794       4.016818469814935E-013
   18340052.2498987       3.943050230175555E-013
   18656254.2227828       3.857131271805386E-013
   18975158.7766317       3.758714530188174E-013
   19296765.9114454       3.647536792358734E-013
   19621075.6272240       3.523436855140757E-013
   19948087.9239674       3.386375959240817E-013
   20277802.8016756       3.236460666234056E-013
   20610220.2603486       3.073968323345167E-013
   20945340.2999865       2.899375216317525E-013
   21283162.9205892       2.713387430896118E-013
   21623688.1221567       2.516974305926496E-013
   21966915.9046890       2.311404131911262E-013
   22312846.2681861       2.098281373426254E-013
   22661479.2126481       1.879584087266694E-013
   23012814.7380749       1.657699236104523E-013
   23366852.8444665       1.435452055656230E-013
   23723593.5318229       1.216123215132351E-013
   24083036.8001441       1.003443779111153E-013
   24445182.6494302       8.015523639969100E-014
   24810031.0796811       6.148908008876490E-014
   25177582.0908968       4.480039136896775E-014
   25547835.6830773       3.051972954048639E-014
   25920791.8562227       1.900009289531123E-014
   26296450.6103329       1.044053626208946E-014
   26674811.9454079       4.792515525966874E-015
   27055875.8614477       1.677648715566615E-015
   27439642.3584523       3.868076525393509E-016
   27826111.4364218       5.706064748271077E-017
   28215283.0953561       1.918121104311055E-017
   28607157.3352552       1.777127432593003E-017
   29001734.1561191       2.211027418937541E-017
   29399013.5579478       2.248135117811027E-017
   29798995.5407414       2.601580123849016E-017
   30201680.1044998       0.000000000000000E+000
