   337.822620602676        16.8958314032685     
   3040.40358542408        16.8956433122369     
   8445.56551506689        16.8942905629242     
   16553.3084095311        16.8900657162081     
   27363.6322688167        16.8800622694920     
   40876.5370929237        16.8606259652486     
   57092.0228818522        16.8271760007629     
   76010.0896356020        16.7742858862159     
   97630.7373541732        16.6957409749345     
   121953.966037566        16.5846444632196     
   148979.775685780        16.4335684076566     
   178708.166298815        16.2347612200629     
   211139.137876672        15.9804197430208     
   246272.690419350        15.6630313773123     
   284108.823926850        15.2757852309357     
   324647.538399171        14.8130427369824     
   367888.833836314        14.2708494992201     
   413832.710238278        13.6474601701598     
   462479.167605063        12.9438364608116     
   513828.205936670        12.1640670249885     
   567879.825233098        11.3156501534472     
   624634.025494347        10.4095787475164     
   684090.806720418        9.46017406722435     
   746250.168911310        8.48463182924807     
   811112.112067024        7.50227175706572     
   878676.636187559        6.53351813670083     
   948943.741272916        5.59868029281880     
   1021913.42732309        4.71664167680531     
   1097585.69433809        3.90359623254704     
   1175960.54231791        3.17198255746123     
   1257037.97126256        2.52975383850472     
   1340817.98117202        1.98008270263251     
   1427300.57204630        1.52153910766478     
   1516485.74388541        1.14870662226895     
   1608373.49668934       0.853132958608192     
   1702963.83045809       0.624460540826131     
   1800256.74519166       0.451564664033987     
   1900252.24089005       0.323544820087556     
   2002950.31755326       0.230463155827242     
   2108350.97518130       0.163788031293329     
   2216454.21377415       0.116561723357715     
   2327260.03333183       8.335405290631498E-002
   2440768.43385433       6.008117091281210E-002
   2556979.41534165       4.376359206376399E-002
   2675892.97779379       3.227876707452484E-002
   2797509.12121076       2.414104171116135E-002
   2921827.84559254       1.832283285977662E-002
   3048849.15093915       1.411817486906889E-002
   3178573.03725057       1.104319049539837E-002
   3310999.50452682       8.765784345575471E-003
   3446128.55276789       7.057060002588365E-003
   3583960.18197379       5.758220080601330E-003
   3724494.39214450       4.758193958066205E-003
   3867731.18328003       3.978563970626632E-003
   4013670.55538039       3.363403461599791E-003
   4162312.50844557       2.872403049087161E-003
   4313657.04247556       2.476195690821309E-003
   4467704.15747038       2.153154981063585E-003
   4624453.85343003       1.887184768895355E-003
   4783906.13035449       1.666179801728232E-003
   4946060.98824377       1.480943832425329E-003
   5110918.42709788       1.324422080119809E-003
   5278478.44691681       1.191151538771269E-003
   5448741.04770055       1.076863583849118E-003
   5621706.22944912       9.781940045103538E-004
   5797373.99216251       8.924694905897789E-004
   5975744.33584073       8.175490177263979E-004
   6156817.26048376       7.517049985538122E-004
   6340592.76609162       6.935334868995000E-004
   6527070.85266429       6.418857863695307E-004
   6716251.52020179       5.958159570709952E-004
   6908134.76870411       5.545402241447268E-004
   7102720.59817125       5.174053645063331E-004
   7300009.00860322       4.838639164998101E-004
   7500000.00000000       4.534546114591153E-004
   7702693.57236161       4.257868293460823E-004
   7908089.72568803       4.005281758952350E-004
   8116188.45997928       3.773944965749816E-004
   8326989.77523535       3.561418044812944E-004
   8540493.67145624       3.365597203887861E-004
   8756700.14864196       3.184661142590845E-004
   8975609.20679249       3.017027065937251E-004
   9197220.84590784       2.861314406103931E-004
   9421535.06598802       2.716314766151865E-004
   9648551.86703302       2.580966910062815E-004
   9878271.24904284       2.454335865388102E-004
   10110693.2120175       2.335595392298562E-004
   10345817.7559569       2.224013220675403E-004
   10583644.8808612       2.118938572635708E-004
   10824174.5867303       2.019791580035065E-004
   11067406.8735643       1.926054279241196E-004
   11313341.7413630       1.837262923836676E-004
   11561979.1901266       1.753001402966050E-004
   11813319.2198550       1.672895590229974E-004
   12067361.8305482       1.596608478871315E-004
   12324107.0222062       1.523835983587330E-004
   12583554.7948291       1.454303309469363E-004
   12845705.1484167       1.387761805078651E-004
   13110558.0829692       1.323986230189306E-004
   13378113.5984866       1.262772379871614E-004
   13648371.6949687       1.203935015834195E-004
   13921332.3724157       1.147306063575741E-004
   14196995.6308274       1.092733040235916E-004
   14475361.4702040       1.040077683316659E-004
   14756429.8905455       9.892147549472553E-005
   15040200.8918517       9.400309999595450E-005
   15326674.4741228       8.924242393382279E-005
   15615850.6373587       8.463025830342832E-005
   15907729.3815594       8.015837485260404E-005
   16202310.7067249       7.581944732347042E-005
   16499594.6128553       7.160700106374556E-005
   16799581.0999505       6.751537011087091E-005
   17102270.1680104       6.353966097580939E-005
   17407661.8170353       5.967572244431325E-005
   17715756.0470249       5.592012078795404E-005
   18026552.8579794       5.227011985390199E-005
   18340052.2498987       4.872366554103227E-005
   18656254.2227828       4.527937421385651E-005
   18975158.7766317       4.193652463300007E-005
   19296765.9114454       3.869505297427141E-005
   19621075.6272240       3.555555051101081E-005
   19948087.9239674       3.251926347029630E-005
   20277802.8016756       2.958809449583374E-005
   20610220.2603486       2.676460499723851E-005
   20945340.2999865       2.405201741671265E-005
   21283162.9205892       2.145421606043606E-005
   21623688.1221567       1.897574454050019E-005
   21966915.9046890       1.662179694787735E-005
   22312846.2681861       1.439819845761253E-005
   22661479.2126481       1.231136890818016E-005
   23012814.7380749       1.036825961845298E-005
   23366852.8444665       8.576248780774436E-006
   23723593.5318229       6.942973463325069E-006
   24083036.8001441       5.476065657719008E-006
   24445182.6494302       4.182745005067314E-006
   24810031.0796811       3.069201632469517E-006
   25177582.0908968       2.139681322360236E-006
   25547835.6830773       1.395171794173169E-006
   25920791.8562227       8.316111046186098E-007
   26296450.6103329       4.376639306578605E-007
   26674811.9454079       1.924725406392158E-007
   27055875.8614477       6.456922674568260E-008
   27439642.3584523       1.427148178073199E-008
   27826111.4364218       2.018777635964228E-009
   28215283.0953561       6.509267766874759E-010
   28607157.3352552       5.786338110082156E-010
   29001734.1561191       6.909260642088145E-010
   29399013.5579478       6.744247254645535E-010
   29798995.5407414       7.494483019925817E-010
   30201680.1044998       0.000000000000000E+000
