  -8000000.00000000       0.000000000000000E+000
  -7892617.44966443       2.192690117075609E-012
  -7785234.89932886       8.810036622339353E-012
  -7677852.34899329       2.410097862889136E-011
  -7570469.79865772       5.574723049739401E-011
  -7463087.24832215       1.171600634451257E-010
  -7355704.69798658       2.313710368871043E-010
  -7248322.14765101       4.372822889057980E-010
  -7140939.59731544       7.995200130785001E-010
  -7033557.04697987       1.423689194149321E-009
  -6926174.49664430       2.479563958358288E-009
  -6818791.94630872       4.235707335555972E-009
  -6711409.39597315       7.110228249920504E-009
  -6604026.84563758       1.174387380829145E-008
  -6496644.29530201       1.910342630389299E-008
  -6389261.74496644       3.062540945011377E-008
  -6281879.19463087       4.841236151504220E-008
  -6174496.64429530       7.549633218949873E-008
  -6067114.09395973       1.161867106127818E-007
  -5959731.54362416       1.765218944041065E-007
  -5852348.99328859       2.648465897160332E-007
  -5744966.44295302       3.925386815568595E-007
  -5637583.89261745       5.749117604968308E-007
  -5530201.34228188       8.323218891611322E-007
  -5422818.79194631       1.191510711209439E-006
  -5315436.24161074       1.687222760725199E-006
  -5208053.69127517       2.364144679778558E-006
  -5100671.14093960       3.279231015871542E-006
  -4993288.59060403       4.504509858983297E-006
  -4885906.04026846       6.130508960527124E-006
  -4778523.48993289       8.270520598489133E-006
  -4671140.93959732       1.106605017403897E-005
  -4563758.38926174       1.469400216378675E-005
  -4456375.83892617       1.937650618301152E-005
  -4348993.28859060       2.539488330672310E-005
  -4241610.73825503       3.311030317102701E-005
  -4134228.18791946       4.299557544459549E-005
  -4026845.63758389       5.568600947970912E-005
  -3919463.08724832       7.206381101608974E-005
  -3812080.53691275       9.340283508526153E-005
  -3704697.98657718       1.216238889967291E-004
  -3597315.43624161       1.597548070773696E-004
  -3489932.88590604       2.127715164184004E-004
  -3382550.33557047       2.891464936474214E-004
  -3275167.78523490       4.037000676398023E-004
  -3167785.23489933       5.828190745543354E-004
  -3060402.68456376       8.738986803647487E-004
  -2953020.13422819       1.362146881080331E-003
  -2845637.58389262       2.199877784701973E-003
  -2738255.03355705       3.656320889782312E-003
  -2630872.48322148       6.199905282169991E-003
  -2523489.93288591       1.062977897242959E-002
  -2416107.38255034       1.827827534229668E-002
  -2308724.83221477       3.130950963610863E-002
  -2201342.28187919       5.313841472608365E-002
  -2093959.73154362       8.898513913509429E-002
  -1986577.18120805       0.146556851319679     
  -1879194.63087248       0.236808219906598     
  -1771812.08053691       0.374671774387290     
  -1664429.53020134       0.579574813827302     
  -1557046.97986577       0.875484580574961     
  -1449664.42953020        1.29017259275859     
  -1342281.87919463        1.85339486502313     
  -1234899.32885906        2.59378013080141     
  -1127516.77852349        3.53442371973897     
  -1020134.22818792        4.68749392845401     
  -912751.677852349        6.04852530871456     
  -805369.127516778        7.59141357654303     
  -697986.577181208        9.26532773879523     
  -590604.026845638        10.9947078971214     
  -483221.476510067        12.6831570750754     
  -375838.926174496        14.2213773433965     
  -268456.375838926        15.4984567705857     
  -161073.825503356        16.4149791012648     
  -53691.2751677856        16.8958314032685     
   53691.2751677856        16.9004196886610     
   161073.825503356        16.4283583871999     
   268456.375838926        15.5195232206945     
   375838.926174497        14.2484574162492     
   483221.476510067        12.7142242388598     
   590604.026845638        11.0276287958127     
   697986.577181209        9.29809682625331     
   805369.127516778        7.62234149463842     
   912751.677852349        6.07635890398449     
   1020134.22818792        4.71146105717563     
   1127516.77852349        3.55421014365490     
   1234899.32885906        2.60945590747301     
   1342281.87919463        1.86531230651853     
   1449664.42953020        1.29885726952816     
   1557046.97986577       0.881536386300696     
   1664429.53020134       0.583589735476693     
   1771812.08053691       0.377188568624201     
   1879194.63087248       0.238279023661115     
   1986577.18120805       0.147337455535287     
   2093959.73154362       8.933922709562690E-002
   2201342.28187919       5.325010115470283E-002
   2308724.83221477       3.129945606041431E-002
   2416107.38255034       1.821998307318195E-002
   2523489.93288591       1.056399128882420E-002
   2630872.48322148       6.146159957371934E-003
   2738255.03355705       3.621490926441510E-003
   2845637.58389262       2.184021930944935E-003
   2953020.13422819       1.362215622792518E-003
   3060402.68456376       8.858818593075943E-004
   3167785.23489933       6.028534463582097E-004
   3275167.78523490       4.285404552835052E-004
   3382550.33557047       3.162844408782239E-004
   3489932.88590604       2.403833271894702E-004
   3597315.43624161       1.865847979896611E-004
   3704697.98657718       1.468577812722759E-004
   3812080.53691275       1.165554018057145E-004
   3919463.08724832       9.288815405631371E-005
   4026845.63758389       7.410391679673860E-005
   4134228.18791946       5.904544967343332E-005
   4241610.73825503       4.690865824565466E-005
   4348993.28859060       3.710793195197589E-005
   4456375.83892617       2.919915871209413E-005
   4563758.38926174       2.283434082773657E-005
   4671140.93959732       1.773392210205117E-005
   4778523.48993289       1.366930200443856E-005
   4885906.04026846       1.045136422554915E-005
   4993288.59060403       7.922641345307042E-006
   5100671.14093960       5.951722077373451E-006
   5208053.69127517       4.429065916936445E-006
   5315436.24161074       3.263717165503219E-006
   5422818.79194631       2.380608590775794E-006
   5530201.34228188       1.718267663715012E-006
   5637583.89261745       1.226815184442190E-006
   5744966.44295302       8.661936716257414E-007
   5852348.99328859       6.045915244032136E-007
   5959731.54362416       4.170449573923391E-007
   6067114.09395973       2.842075456848919E-007
   6174496.64429530       1.912799321624128E-007
   6281879.19463087       1.270920004481817E-007
   6389261.74496644       8.332816594599883E-008
   6496644.29530201       5.388440318536296E-008
   6604026.84563758       3.434386260551285E-008
   6711409.39597316       2.155677853768045E-008
   6818791.94630872       1.330995757732139E-008
   6926174.49664430       8.071433746317114E-009
   7033557.04697987       4.796762014595240E-009
   7140939.59731544       2.784729487692857E-009
   7248322.14765101       1.571820942462685E-009
   7355704.69798658       8.564245614202911E-010
   7463087.24832215       4.453796978958401E-010
   7570469.79865772       2.169607512211218E-010
   7677852.34899329       9.570462490462751E-011
   7785234.89932886       3.559785264306242E-011
   7892617.44966443       9.053174702360039E-012
   8000000.00000000       0.000000000000000E+000
